2.78463139200000e+02 0.00000000000000e+00
2.78548940500000e+02 0.00000000000000e+00
2.78634731800000e+02 0.00000000000000e+00
2.78720512800000e+02 0.00000000000000e+00
2.78806283700000e+02 0.00000000000000e+00
2.78892044400000e+02 0.00000000000000e+00
2.78977794900000e+02 0.00000000000000e+00
2.79063535300000e+02 0.00000000000000e+00
2.79149265400000e+02 0.00000000000000e+00
2.79234985400000e+02 0.00000000000000e+00
2.79320695100000e+02 0.00000000000000e+00
2.79406394700000e+02 0.00000000000000e+00
2.79492084000000e+02 0.00000000000000e+00
2.79577763200000e+02 0.00000000000000e+00
2.79663432100000e+02 0.00000000000000e+00
2.79749090800000e+02 0.00000000000000e+00
2.79834739200000e+02 0.00000000000000e+00
2.79920377400000e+02 0.00000000000000e+00
2.80006005400000e+02 0.00000000000000e+00
2.80091623100000e+02 0.00000000000000e+00
2.80177230600000e+02 0.00000000000000e+00
2.80262827800000e+02 0.00000000000000e+00
2.80348414700000e+02 0.00000000000000e+00
2.80433991400000e+02 0.00000000000000e+00
2.80519557800000e+02 0.00000000000000e+00
2.80605113900000e+02 0.00000000000000e+00
2.80690659800000e+02 0.00000000000000e+00
2.80776195300000e+02 0.00000000000000e+00
2.80861720600000e+02 0.00000000000000e+00
2.80947235500000e+02 0.00000000000000e+00
2.81032740200000e+02 0.00000000000000e+00
2.81118234500000e+02 0.00000000000000e+00
2.81203718500000e+02 0.00000000000000e+00
2.81289192200000e+02 0.00000000000000e+00
2.81374655600000e+02 0.00000000000000e+00
2.81460108600000e+02 0.00000000000000e+00
2.81545551300000e+02 0.00000000000000e+00
2.81630983600000e+02 0.00000000000000e+00
2.81716405600000e+02 0.00000000000000e+00
2.81801817300000e+02 0.00000000000000e+00
2.81887218500000e+02 0.00000000000000e+00
2.81972609500000e+02 0.00000000000000e+00
2.82057990000000e+02 0.00000000000000e+00
2.82143360200000e+02 0.00000000000000e+00
2.82228720000000e+02 0.00000000000000e+00
2.82314069400000e+02 0.00000000000000e+00
2.82399408400000e+02 0.00000000000000e+00
2.82484737000000e+02 0.00000000000000e+00
2.82570055200000e+02 0.00000000000000e+00
2.82655363000000e+02 0.00000000000000e+00
2.82740660400000e+02 0.00000000000000e+00
2.82825947300000e+02 0.00000000000000e+00
2.82911223900000e+02 0.00000000000000e+00
2.82996490000000e+02 0.00000000000000e+00
2.83081745700000e+02 0.00000000000000e+00
2.83166990900000e+02 0.00000000000000e+00
2.83252225700000e+02 0.00000000000000e+00
2.83337450100000e+02 0.00000000000000e+00
2.83422663900000e+02 0.00000000000000e+00
2.83507867400000e+02 0.00000000000000e+00
2.83593060300000e+02 0.00000000000000e+00
2.83678242800000e+02 0.00000000000000e+00
2.83763414800000e+02 0.00000000000000e+00
2.83848576400000e+02 0.00000000000000e+00
2.83933727400000e+02 0.00000000000000e+00
2.84018867900000e+02 0.00000000000000e+00
2.84103998000000e+02 0.00000000000000e+00
2.84189117500000e+02 0.00000000000000e+00
2.84274226600000e+02 0.00000000000000e+00
2.84359325100000e+02 0.00000000000000e+00
2.84444413100000e+02 0.00000000000000e+00
2.84529490500000e+02 0.00000000000000e+00
2.84614557500000e+02 0.00000000000000e+00
2.84699613900000e+02 0.00000000000000e+00
2.84784659700000e+02 0.00000000000000e+00
2.84869695100000e+02 0.00000000000000e+00
2.84954719800000e+02 0.00000000000000e+00
2.85039734000000e+02 0.00000000000000e+00
2.85124737700000e+02 0.00000000000000e+00
2.85209730700000e+02 0.00000000000000e+00
2.85294713200000e+02 0.00000000000000e+00
2.85379685200000e+02 0.00000000000000e+00
2.85464646500000e+02 0.00000000000000e+00
2.85549597300000e+02 0.00000000000000e+00
2.85634537400000e+02 0.00000000000000e+00
2.85719467000000e+02 0.00000000000000e+00
2.85804385900000e+02 0.00000000000000e+00
2.85889294200000e+02 0.00000000000000e+00
2.85974192000000e+02 0.00000000000000e+00
2.86059079100000e+02 0.00000000000000e+00
2.86143955500000e+02 0.00000000000000e+00
2.86228821400000e+02 0.00000000000000e+00
2.86313676600000e+02 0.00000000000000e+00
2.86398521100000e+02 0.00000000000000e+00
2.86483355000000e+02 0.00000000000000e+00
2.86568178300000e+02 0.00000000000000e+00
2.86652990900000e+02 0.00000000000000e+00
2.86737792800000e+02 0.00000000000000e+00
2.86822584100000e+02 0.00000000000000e+00
2.86907364700000e+02 0.00000000000000e+00
2.86992134600000e+02 0.00000000000000e+00
2.87076893800000e+02 0.00000000000000e+00
2.87161642300000e+02 0.00000000000000e+00
2.87246380200000e+02 0.00000000000000e+00
2.87331107300000e+02 0.00000000000000e+00
2.87415823700000e+02 0.00000000000000e+00
2.87500529400000e+02 0.00000000000000e+00
2.87585224400000e+02 0.00000000000000e+00
2.87669908700000e+02 0.00000000000000e+00
2.87754582200000e+02 0.00000000000000e+00
2.87839245000000e+02 0.00000000000000e+00
2.87923897100000e+02 0.00000000000000e+00
2.88008538400000e+02 0.00000000000000e+00
2.88093169000000e+02 0.00000000000000e+00
2.88177788800000e+02 0.00000000000000e+00
2.88262397900000e+02 0.00000000000000e+00
2.88346996200000e+02 0.00000000000000e+00
2.88431583700000e+02 0.00000000000000e+00
2.88516160400000e+02 0.00000000000000e+00
2.88600726400000e+02 0.00000000000000e+00
2.88685281600000e+02 0.00000000000000e+00
2.88769826000000e+02 0.00000000000000e+00
2.88854359500000e+02 0.00000000000000e+00
2.88938882300000e+02 0.00000000000000e+00
2.89023394300000e+02 0.00000000000000e+00
2.89107895500000e+02 0.00000000000000e+00
2.89192385800000e+02 0.00000000000000e+00
2.89276865300000e+02 0.00000000000000e+00
2.89361334000000e+02 0.00000000000000e+00
2.89445791900000e+02 0.00000000000000e+00
2.89530238900000e+02 0.00000000000000e+00
2.89614675000000e+02 0.00000000000000e+00
2.89699100300000e+02 0.00000000000000e+00
2.89783514800000e+02 0.00000000000000e+00
2.89867918400000e+02 0.00000000000000e+00
2.89952311100000e+02 0.00000000000000e+00
2.90036693000000e+02 0.00000000000000e+00
2.90121064000000e+02 0.00000000000000e+00
2.90205424000000e+02 0.00000000000000e+00
2.90289773300000e+02 0.00000000000000e+00
2.90374111600000e+02 0.00000000000000e+00
2.90458439000000e+02 0.00000000000000e+00
2.90542755500000e+02 0.00000000000000e+00
2.90627061100000e+02 0.00000000000000e+00
2.90711355800000e+02 0.00000000000000e+00
2.90795639500000e+02 0.00000000000000e+00
2.90879912300000e+02 0.00000000000000e+00
2.90964174300000e+02 0.00000000000000e+00
2.91048425200000e+02 0.00000000000000e+00
2.91132665200000e+02 0.00000000000000e+00
2.91216894300000e+02 0.00000000000000e+00
2.91301112400000e+02 0.00000000000000e+00
2.91385319600000e+02 0.00000000000000e+00
2.91469515800000e+02 0.00000000000000e+00
2.91553701000000e+02 0.00000000000000e+00
2.91637875300000e+02 0.00000000000000e+00
2.91722038600000e+02 0.00000000000000e+00
2.91806190900000e+02 0.00000000000000e+00
2.91890332200000e+02 0.00000000000000e+00
2.91974462500000e+02 0.00000000000000e+00
2.92058581800000e+02 0.00000000000000e+00
2.92142690100000e+02 0.00000000000000e+00
2.92226787400000e+02 0.00000000000000e+00
2.92310873700000e+02 0.00000000000000e+00
2.92394948900000e+02 0.00000000000000e+00
2.92479013100000e+02 0.00000000000000e+00
2.92563066300000e+02 0.00000000000000e+00
2.92647108500000e+02 0.00000000000000e+00
2.92731139600000e+02 0.00000000000000e+00
2.92815159700000e+02 0.00000000000000e+00
2.92899168700000e+02 0.00000000000000e+00
2.92983166600000e+02 0.00000000000000e+00
2.93067153500000e+02 0.00000000000000e+00
2.93151129300000e+02 0.00000000000000e+00
2.93235094000000e+02 0.00000000000000e+00
2.93319047700000e+02 0.00000000000000e+00
2.93402990300000e+02 0.00000000000000e+00
2.93486921700000e+02 0.00000000000000e+00
2.93570842100000e+02 0.00000000000000e+00
2.93654751400000e+02 0.00000000000000e+00
2.93738649600000e+02 0.00000000000000e+00
2.93822536600000e+02 0.00000000000000e+00
2.93906412600000e+02 0.00000000000000e+00
2.93990277400000e+02 0.00000000000000e+00
2.94074131100000e+02 0.00000000000000e+00
2.94157973600000e+02 0.00000000000000e+00
2.94241805000000e+02 4.87374614205300e+04
2.94325625300000e+02 4.57707937799786e+04
2.94409434400000e+02 4.72904322649630e+04
2.94493232400000e+02 4.75001980032819e+04
2.94577019200000e+02 4.70067676319358e+04
2.94660794800000e+02 4.67518588854856e+04
2.94744559300000e+02 4.54556046569118e+04
2.94828312600000e+02 4.48094747080981e+04
2.94912054700000e+02 4.34057860245424e+04
2.94995785600000e+02 4.28217582976670e+04
2.95079505300000e+02 4.22727538768761e+04
2.95163213800000e+02 4.15414229564841e+04
2.95246911200000e+02 4.08914595837039e+04
2.95330597300000e+02 4.11664325133383e+04
2.95414272200000e+02 4.20259713364717e+04
2.95497935800000e+02 4.40030746288226e+04
2.95581588300000e+02 4.59990547822142e+04
2.95665229500000e+02 4.68848686150801e+04
2.95748859500000e+02 4.70660337443609e+04
2.95832478200000e+02 4.70023633963193e+04
2.95916085700000e+02 4.68941965886828e+04
2.95999682000000e+02 4.66199033435366e+04
2.96083267000000e+02 4.59818062293929e+04
2.96166840700000e+02 4.48509806970362e+04
2.96250403200000e+02 4.32298682830967e+04
2.96333954400000e+02 4.12382553584356e+04
2.96417494300000e+02 3.90267895826465e+04
2.96501022900000e+02 3.68918924477674e+04
2.96584540200000e+02 3.50015616246158e+04
2.96668046300000e+02 3.34680434479065e+04
2.96751541000000e+02 3.24249550366855e+04
2.96835024400000e+02 3.20986814777962e+04
2.96918496600000e+02 3.23558575789079e+04
2.97001957400000e+02 3.27991737643066e+04
2.97085406900000e+02 3.35766841696596e+04
2.97168845000000e+02 3.53616700618976e+04
2.97252271800000e+02 3.81004902120002e+04
2.97335687300000e+02 4.12884284568621e+04
2.97419091500000e+02 4.48923894547542e+04
2.97502484300000e+02 4.88892273340555e+04
2.97585865700000e+02 5.23003556393719e+04
2.97669235800000e+02 5.41808059284601e+04
2.97752594600000e+02 5.46351189078442e+04
2.97835941900000e+02 5.38805271872205e+04
2.97919277900000e+02 5.16824150657839e+04
2.98002602500000e+02 4.83742433651896e+04
2.98085915700000e+02 4.47431735892274e+04
2.98169217500000e+02 4.13966143406824e+04
2.98252508000000e+02 3.85917021051342e+04
2.98335787000000e+02 3.68632865158976e+04
2.98419054600000e+02 3.62421619459882e+04
2.98502310800000e+02 3.65894272782412e+04
2.98585555600000e+02 3.82451282689362e+04
2.98668789000000e+02 4.11508769207449e+04
2.98752010900000e+02 4.47294754487709e+04
2.98835221500000e+02 4.81260023855323e+04
2.98918420500000e+02 5.08458022670225e+04
2.99001608200000e+02 5.26192931075948e+04
2.99084784300000e+02 5.31313895371437e+04
2.99167949100000e+02 5.23444074066016e+04
2.99251102300000e+02 5.12615867648982e+04
2.99334244100000e+02 5.09468013760168e+04
2.99417374400000e+02 5.15901487634801e+04
2.99500493300000e+02 5.23770555458526e+04
2.99583600700000e+02 5.26392742206997e+04
2.99666696500000e+02 5.21365797197108e+04
2.99749780900000e+02 5.05033042464552e+04
2.99832853800000e+02 4.75306251582114e+04
2.99915915200000e+02 4.36852877726937e+04
2.99998965100000e+02 3.96375667579936e+04
3.00082003500000e+02 3.68233821367674e+04
3.00165030300000e+02 3.62365695282767e+04
3.00248045600000e+02 3.74609858551704e+04
3.00331049400000e+02 3.91821495895200e+04
3.00414041700000e+02 4.05279585494108e+04
3.00497022400000e+02 4.14369624179781e+04
3.00579991600000e+02 4.20940852295246e+04
3.00662949200000e+02 4.25441192894406e+04
3.00745895300000e+02 4.31054260894193e+04
3.00828829800000e+02 4.40644167501956e+04
3.00911752700000e+02 4.54221605044152e+04
3.00994664100000e+02 4.74158379934055e+04
3.01077563900000e+02 4.97967177052227e+04
3.01160452100000e+02 5.19290722222171e+04
3.01243328700000e+02 5.30049887272206e+04
3.01326193800000e+02 5.30734885674103e+04
3.01409047200000e+02 5.23987374200485e+04
3.01491889000000e+02 5.07118396345597e+04
3.01574719200000e+02 4.78983647159960e+04
3.01657537800000e+02 4.42613900206928e+04
3.01740344800000e+02 4.01180822016550e+04
3.01823140200000e+02 3.61008107746718e+04
3.01905923900000e+02 3.34547535065382e+04
3.01988696000000e+02 3.27823145693535e+04
3.02071456400000e+02 3.35734649688674e+04
3.02154205200000e+02 3.49545456684775e+04
3.02236942400000e+02 3.68493262420009e+04
3.02319667800000e+02 3.92841957712073e+04
3.02402381700000e+02 4.21882886576524e+04
3.02485083800000e+02 4.50657235652590e+04
3.02567774300000e+02 4.75428568765386e+04
3.02650453100000e+02 4.94583191215019e+04
3.02733120200000e+02 5.11280175812736e+04
3.02815775700000e+02 5.29235627309242e+04
3.02898419400000e+02 5.44751168099265e+04
3.02981051400000e+02 5.54945149866683e+04
3.03063671800000e+02 5.61708164757376e+04
3.03146280400000e+02 5.68769906150890e+04
3.03228877300000e+02 5.75367297877866e+04
3.03311462500000e+02 5.79675532702016e+04
3.03394035900000e+02 5.72977591712690e+04
3.03476597600000e+02 5.50346820567511e+04
3.03559147600000e+02 5.22183456339650e+04
3.03641685900000e+02 4.98023010012370e+04
3.03724212400000e+02 4.74422514642433e+04
3.03806727100000e+02 4.48997575702677e+04
3.03889230100000e+02 4.30447460338160e+04
3.03971721300000e+02 4.26415356543779e+04
3.04054200700000e+02 4.33371326320764e+04
3.04136668400000e+02 4.43084464749875e+04
3.04219124300000e+02 4.54138018853936e+04
3.04301568400000e+02 4.65196017021702e+04
3.04384000700000e+02 4.72727678609667e+04
3.04466421200000e+02 4.73205709350586e+04
3.04548829900000e+02 4.69795194354853e+04
3.04631226800000e+02 4.68475291795625e+04
3.04713611900000e+02 4.71293970887532e+04
3.04795985200000e+02 4.76754924528739e+04
3.04878346700000e+02 4.92147794560904e+04
3.04960696300000e+02 5.19551746015654e+04
3.05043034100000e+02 5.45343895546900e+04
3.05125360000000e+02 5.56339853815581e+04
3.05207674200000e+02 5.56472614200031e+04
3.05289976400000e+02 5.50575210386126e+04
3.05372266800000e+02 5.31176068610127e+04
3.05454545400000e+02 4.93879758919098e+04
3.05536812000000e+02 4.51632942852495e+04
3.05619066800000e+02 4.17626668300845e+04
3.05701309800000e+02 3.95467398728323e+04
3.05783540800000e+02 3.84230665565158e+04
3.05865760000000e+02 3.84788745781915e+04
3.05947967300000e+02 3.96340185236075e+04
3.06030162600000e+02 4.13231882595782e+04
3.06112346100000e+02 4.28836219813766e+04
3.06194517600000e+02 4.39587888197797e+04
3.06276677300000e+02 4.41488695001190e+04
3.06358825000000e+02 4.32133804614143e+04
3.06440960800000e+02 4.16661668459980e+04
3.06523084700000e+02 4.05612827664053e+04
3.06605196600000e+02 4.07453673626435e+04
3.06687296600000e+02 4.19740079187933e+04
3.06769384700000e+02 4.35500857901363e+04
3.06851460800000e+02 4.53787998083222e+04
3.06933524900000e+02 4.74403489445985e+04
3.07015577100000e+02 4.93795325447398e+04
3.07097617300000e+02 5.07265316605455e+04
3.07179645500000e+02 5.11747092093880e+04
3.07261661800000e+02 5.08746446078055e+04
3.07343666100000e+02 5.04768261309111e+04
3.07425658400000e+02 5.04753646963299e+04
3.07507638700000e+02 5.05010188415453e+04
3.07589607000000e+02 5.03118049939640e+04
3.07671563300000e+02 5.03086206702841e+04
3.07753507500000e+02 5.05239182242776e+04
3.07835439800000e+02 5.01802402217835e+04
3.07917360000000e+02 4.89705277232822e+04
3.07999268300000e+02 4.78681364811514e+04
3.08081164500000e+02 4.74275624911449e+04
3.08163048600000e+02 4.75515291804608e+04
3.08244920700000e+02 4.80251330613456e+04
3.08326780800000e+02 4.87210898590617e+04
3.08408628800000e+02 4.92911926658547e+04
3.08490464700000e+02 4.96068296848676e+04
3.08572288600000e+02 4.95189437461246e+04
3.08654100400000e+02 4.86917563116432e+04
3.08735900200000e+02 4.68501085259702e+04
3.08817687900000e+02 4.43783342978632e+04
3.08899463400000e+02 4.18055450984074e+04
3.08981226900000e+02 3.95536875106847e+04
3.09062978300000e+02 3.77738758069574e+04
3.09144717600000e+02 3.68069188506739e+04
3.09226444800000e+02 3.66735289694172e+04
3.09308159900000e+02 3.69899173724690e+04
3.09389862800000e+02 3.72948693305481e+04
3.09471553700000e+02 3.79193880312068e+04
3.09553232400000e+02 3.88202562765437e+04
3.09634899000000e+02 3.89916739670633e+04
3.09716553400000e+02 3.76401470821986e+04
3.09798195700000e+02 3.56000045462946e+04
3.09879825900000e+02 3.42491328465151e+04
3.09961443800000e+02 3.40834514942448e+04
3.10043049700000e+02 3.49117973472503e+04
3.10124643400000e+02 3.66600937003301e+04
3.10206224900000e+02 3.94156672201694e+04
3.10287794200000e+02 4.28939773910620e+04
3.10369351300000e+02 4.68020260360866e+04
3.10450896300000e+02 5.06284480325454e+04
3.10532429000000e+02 5.37798449660093e+04
3.10613949600000e+02 5.59535508595064e+04
3.10695458000000e+02 5.72893472945355e+04
3.10776954100000e+02 5.80674732351183e+04
3.10858438100000e+02 5.85907303455286e+04
3.10939909800000e+02 5.88526785273619e+04
3.11021369300000e+02 5.86955237674976e+04
3.11102816600000e+02 5.80008893787341e+04
3.11184251600000e+02 5.72411924729496e+04
3.11265674400000e+02 5.66814731866972e+04
3.11347085000000e+02 5.59512163208160e+04
3.11428483300000e+02 5.46275104911174e+04
3.11509869300000e+02 5.29047076918850e+04
3.11591243100000e+02 5.12140855106957e+04
3.11672604600000e+02 4.96299803847403e+04
3.11753953900000e+02 4.79308553149199e+04
3.11835290900000e+02 4.65000613885474e+04
3.11916615600000e+02 4.57708357225604e+04
3.11997928000000e+02 4.58220635407956e+04
3.12079228100000e+02 4.65079637594827e+04
3.12160515900000e+02 4.74823599827292e+04
3.12241791400000e+02 4.82401440347079e+04
3.12323054600000e+02 4.88536165205677e+04
3.12404305500000e+02 4.95740343518226e+04
3.12485544000000e+02 5.02784548210400e+04
3.12566770300000e+02 5.05083326671828e+04
3.12647984200000e+02 5.04055646167526e+04
3.12729185800000e+02 5.04705127900379e+04
3.12810375000000e+02 5.06450829356795e+04
3.12891551900000e+02 5.06260193427218e+04
3.12972716400000e+02 5.01918527708934e+04
3.13053868600000e+02 4.95480175228407e+04
3.13135008400000e+02 4.86978899896626e+04
3.13216135900000e+02 4.79534249497198e+04
3.13297250900000e+02 4.75558754880433e+04
3.13378353600000e+02 4.76182648739763e+04
3.13459443900000e+02 4.82168232516668e+04
3.13540521900000e+02 4.94527128670300e+04
3.13621587400000e+02 5.10854563786638e+04
3.13702640500000e+02 5.26939435156448e+04
3.13783681300000e+02 5.40848678316978e+04
3.13864709600000e+02 5.51766385969769e+04
3.13945725500000e+02 5.53172324842654e+04
3.14026728900000e+02 5.38250619567506e+04
3.14107720000000e+02 5.09495529313612e+04
3.14188698600000e+02 4.77941326242917e+04
3.14269664800000e+02 4.51458659851455e+04
3.14350618500000e+02 4.31201127665033e+04
3.14431559800000e+02 4.17800474986044e+04
3.14512488700000e+02 4.17017904172248e+04
3.14593405000000e+02 4.32785978840526e+04
3.14674309000000e+02 4.58401385092115e+04
3.14755200400000e+02 4.82290611637220e+04
3.14836079400000e+02 5.00277596530426e+04
3.14916945900000e+02 5.13854887398515e+04
3.14997799900000e+02 5.22926089224945e+04
3.15078641400000e+02 5.24363100904671e+04
3.15159470400000e+02 5.18984013884116e+04
3.15240286900000e+02 5.10106519103080e+04
3.15321090900000e+02 4.96937329532490e+04
3.15401882400000e+02 4.77022860454379e+04
3.15482661400000e+02 4.50761212199102e+04
3.15563427900000e+02 4.21618404066940e+04
3.15644181800000e+02 3.94126353598502e+04
3.15724923200000e+02 3.71035905369650e+04
3.15805652100000e+02 3.52776180656169e+04
3.15886368400000e+02 3.43808930589862e+04
3.15967072200000e+02 3.47474884868370e+04
3.16047763400000e+02 3.61786085160992e+04
3.16128442000000e+02 3.80805858374985e+04
3.16209108100000e+02 4.00235014900834e+04
3.16289761600000e+02 4.20063691566740e+04
3.16370402600000e+02 4.40052945098041e+04
3.16451030900000e+02 4.57803918696266e+04
3.16531646700000e+02 4.69568625526657e+04
3.16612249900000e+02 4.78541569887496e+04
3.16692840500000e+02 4.90236401595242e+04
3.16773418400000e+02 5.07351965854145e+04
3.16853983800000e+02 5.27401228990647e+04
3.16934536600000e+02 5.45926577166616e+04
3.17015076700000e+02 5.62604022384783e+04
3.17095604200000e+02 5.77435059316888e+04
3.17176119100000e+02 5.88108046735248e+04
3.17256621400000e+02 5.92098469969220e+04
3.17337111000000e+02 5.91812386900395e+04
3.17417588000000e+02 5.86137830142533e+04
3.17498052300000e+02 5.72125824212096e+04
3.17578503900000e+02 5.49518515889260e+04
3.17658942900000e+02 5.22096374301359e+04
3.17739369300000e+02 4.93476717320388e+04
3.17819782900000e+02 4.63484876403269e+04
3.17900183900000e+02 4.33447040788771e+04
3.17980572200000e+02 4.09870832664201e+04
3.18060947800000e+02 3.97172079165925e+04
3.18141310700000e+02 3.96418680238932e+04
3.18221661000000e+02 4.04490194607104e+04
3.18301998500000e+02 4.18890092828820e+04
3.18382323300000e+02 4.36584980653548e+04
3.18462635400000e+02 4.56574644752328e+04
3.18542934700000e+02 4.78349672683058e+04
3.18623221400000e+02 5.01940315524666e+04
3.18703495300000e+02 5.22615400750523e+04
3.18783756500000e+02 5.32448848571137e+04
3.18864004900000e+02 5.29688064885686e+04
3.18944240600000e+02 5.17054114044900e+04
3.19024463500000e+02 4.99334027026961e+04
3.19104673700000e+02 4.78661408003818e+04
3.19184871100000e+02 4.57340645659715e+04
3.19265055800000e+02 4.40630029016382e+04
3.19345227700000e+02 4.33110583220005e+04
3.19425386700000e+02 4.37100061084490e+04
3.19505533100000e+02 4.52115443313000e+04
3.19585666600000e+02 4.71543775352103e+04
3.19665787300000e+02 4.87345265162469e+04
3.19745895200000e+02 4.98013016349331e+04
3.19825990400000e+02 5.07748570021917e+04
3.19906072700000e+02 5.19404960295108e+04
3.19986142200000e+02 5.29688545368484e+04
3.20066198800000e+02 5.37489876258780e+04
3.20146242700000e+02 5.46974109185640e+04
3.20226273700000e+02 5.61005999809565e+04
3.20306291900000e+02 5.75083662052721e+04
3.20386297200000e+02 5.86801308908908e+04
3.20466289700000e+02 5.95141956218381e+04
3.20546269300000e+02 5.96613871337533e+04
3.20626236100000e+02 5.86897462455015e+04
3.20706190000000e+02 5.69736693810913e+04
3.20786131000000e+02 5.47634486396907e+04
3.20866059200000e+02 5.21522756047347e+04
3.20945974500000e+02 4.92938730808127e+04
3.21025876900000e+02 4.67247862867939e+04
3.21105766400000e+02 4.46439618372478e+04
3.21185643000000e+02 4.33356887689373e+04
3.21265506700000e+02 4.28931039191391e+04
3.21345357500000e+02 4.32348577852011e+04
3.21425195400000e+02 4.40484509600988e+04
3.21505020400000e+02 4.53533332356542e+04
3.21584832400000e+02 4.72176718594825e+04
3.21664631500000e+02 4.91588181249824e+04
3.21744417700000e+02 5.05788194948758e+04
3.21824191000000e+02 5.13776499129826e+04
3.21903951300000e+02 5.16020407550913e+04
3.21983698600000e+02 5.12929485789690e+04
3.22063433000000e+02 5.05692335832507e+04
3.22143154500000e+02 4.97758759257895e+04
3.22222862900000e+02 4.86759673791659e+04
3.22302558400000e+02 4.70913668694924e+04
3.22382240900000e+02 4.55206262929087e+04
3.22461910500000e+02 4.42624943267491e+04
3.22541567000000e+02 4.28508163120706e+04
3.22621210600000e+02 4.11371795523921e+04
3.22700841200000e+02 3.97089022131422e+04
3.22780458700000e+02 3.92174915199492e+04
3.22860063300000e+02 3.95989629767481e+04
3.22939654800000e+02 4.05124116570539e+04
3.23019233300000e+02 4.15963728194042e+04
3.23098798800000e+02 4.26338064130901e+04
3.23178351300000e+02 4.34648656640559e+04
3.23257890700000e+02 4.41221153733292e+04
3.23337417100000e+02 4.44332345424282e+04
3.23416930500000e+02 4.44947952994494e+04
3.23496430700000e+02 4.46776104159080e+04
3.23575918000000e+02 4.52218791225153e+04
3.23655392200000e+02 4.61396249794781e+04
3.23734853300000e+02 4.73950408579096e+04
3.23814301300000e+02 4.89077617570453e+04
3.23893736300000e+02 5.03760729267777e+04
3.23973158100000e+02 5.13524060319397e+04
3.24052566900000e+02 5.19603185489085e+04
3.24131962600000e+02 5.26818971818913e+04
3.24211345200000e+02 5.34166946269008e+04
3.24290714700000e+02 5.38010290259127e+04
3.24370071100000e+02 5.38399373633481e+04
3.24449414300000e+02 5.33791380262654e+04
3.24528744500000e+02 5.25310093805819e+04
3.24608061500000e+02 5.16067829691342e+04
3.24687365400000e+02 5.07156263979322e+04
3.24766656100000e+02 4.97053906017715e+04
3.24845933700000e+02 4.87995376490031e+04
3.24925198200000e+02 4.84436287626192e+04
3.25004449500000e+02 4.87783089082134e+04
3.25083687600000e+02 4.96364692187434e+04
3.25162912600000e+02 5.08672670217609e+04
3.25242124400000e+02 5.26994709041923e+04
3.25321323000000e+02 5.48216251775568e+04
3.25400508500000e+02 5.68986584128926e+04
3.25479680800000e+02 5.88167446164992e+04
3.25558839900000e+02 6.09333832860314e+04
3.25637985800000e+02 6.31563323340727e+04
3.25717118400000e+02 6.49606494313115e+04
3.25796237900000e+02 6.60798777616847e+04
3.25875344200000e+02 6.67955580878232e+04
3.25954437300000e+02 6.73499058544548e+04
3.26033517100000e+02 6.75354977981629e+04
3.26112583700000e+02 6.70383741709868e+04
3.26191637100000e+02 6.60446875915423e+04
3.26270677200000e+02 6.51553672442004e+04
3.26349704100000e+02 6.48585122222680e+04
3.26428717700000e+02 6.49578258453083e+04
3.26507718100000e+02 6.51650583714880e+04
3.26586705300000e+02 6.54915049172898e+04
3.26665679100000e+02 6.59870317366993e+04
3.26744639700000e+02 6.62568196827722e+04
3.26823587000000e+02 6.58701454150031e+04
3.26902521100000e+02 6.49784241375621e+04
3.26981441800000e+02 6.41123469813293e+04
3.27060349300000e+02 6.34441984614469e+04
3.27139243500000e+02 6.29397606488591e+04
3.27218124300000e+02 6.27270944249087e+04
3.27296991900000e+02 6.27950836276714e+04
3.27375846100000e+02 6.29424115941727e+04
3.27454687000000e+02 6.28197460030300e+04
3.27533514600000e+02 6.23327818156822e+04
3.27612328900000e+02 6.16072032234839e+04
3.27691129800000e+02 6.06801654031926e+04
3.27769917400000e+02 5.97182104521724e+04
3.27848691700000e+02 5.90751428115176e+04
3.27927452600000e+02 5.86794748776750e+04
3.28006200100000e+02 5.83670913554151e+04
3.28084934300000e+02 5.83542113412409e+04
3.28163655100000e+02 5.85924002236647e+04
3.28242362600000e+02 5.85463211225453e+04
3.28321056700000e+02 5.79225983992123e+04
3.28399737300000e+02 5.69704134705703e+04
3.28478404600000e+02 5.62636102679958e+04
3.28557058600000e+02 5.60086911560538e+04
3.28635699100000e+02 5.63292765036269e+04
3.28714326200000e+02 5.73369539070862e+04
3.28792939900000e+02 5.88914462478493e+04
3.28871540100000e+02 6.09553932508936e+04
3.28950127000000e+02 6.33636937711565e+04
3.29028700400000e+02 6.58729796798287e+04
3.29107260500000e+02 6.80835493564989e+04
3.29185807000000e+02 6.96015090226751e+04
3.29264340200000e+02 7.04463803334837e+04
3.29342859800000e+02 7.11255909083203e+04
3.29421366100000e+02 7.18002857298174e+04
3.29499858900000e+02 7.22887749299720e+04
3.29578338200000e+02 7.24900825817194e+04
3.29656804000000e+02 7.28168794784128e+04
3.29735256400000e+02 7.35333383819800e+04
3.29813695300000e+02 7.41809208490118e+04
3.29892120700000e+02 7.40311667387962e+04
3.29970532600000e+02 7.31397704990584e+04
3.30048931000000e+02 7.19958027380379e+04
3.30127316000000e+02 7.06712605440656e+04
3.30205687400000e+02 6.86104456412377e+04
3.30284045300000e+02 6.56834935876661e+04
3.30362389700000e+02 6.26591619952721e+04
3.30440720600000e+02 6.05907630947612e+04
3.30519037900000e+02 5.95803775772363e+04
3.30597341700000e+02 5.91840958936709e+04
3.30675632000000e+02 5.91230789372820e+04
3.30753908700000e+02 5.95247374144252e+04
3.30832171900000e+02 6.04535423431642e+04
3.30910421600000e+02 6.14469558301610e+04
3.30988657600000e+02 6.19152791930197e+04
3.31066880200000e+02 6.17514280584113e+04
3.31145089100000e+02 6.10871140397752e+04
3.31223284500000e+02 6.03371320174667e+04
3.31301466300000e+02 5.98161800872333e+04
3.31379634500000e+02 5.97513064758007e+04
3.31457789100000e+02 6.01186514429112e+04
3.31535930100000e+02 6.08303316663984e+04
3.31614057500000e+02 6.17409324071030e+04
3.31692171300000e+02 6.27557585284215e+04
3.31770271500000e+02 6.34775049078003e+04
3.31848358100000e+02 6.35931481789065e+04
3.31926431100000e+02 6.29793030990498e+04
3.32004490400000e+02 6.17373825849043e+04
3.32082536100000e+02 6.04182657541554e+04
3.32160568200000e+02 5.96295373767935e+04
3.32238586600000e+02 5.95669580129873e+04
3.32316591300000e+02 5.98782988901335e+04
3.32394582500000e+02 6.02563025467784e+04
3.32472559900000e+02 6.07867641941325e+04
3.32550523700000e+02 6.13459614072830e+04
3.32628473800000e+02 6.15244609748101e+04
3.32706410200000e+02 6.11903063346835e+04
3.32784333000000e+02 6.06361976701814e+04
3.32862242100000e+02 6.02777728925342e+04
3.32940137500000e+02 6.01873234071185e+04
3.33018019100000e+02 6.02745494707207e+04
3.33095887100000e+02 6.03966638972221e+04
3.33173741400000e+02 6.03743903299416e+04
3.33251582000000e+02 5.96156391017921e+04
3.33329408800000e+02 5.80943165435445e+04
3.33407221900000e+02 5.64481269165042e+04
3.33485021300000e+02 5.51475045703925e+04
3.33562806900000e+02 5.42495126542340e+04
3.33640578900000e+02 5.38358974308779e+04
3.33718337000000e+02 5.39751202919454e+04
3.33796081400000e+02 5.46988902925344e+04
3.33873812100000e+02 5.58415633672607e+04
3.33951529000000e+02 5.69349603227352e+04
3.34029232100000e+02 5.79805098757457e+04
3.34106921500000e+02 5.90413710276142e+04
3.34184597100000e+02 6.02311223304026e+04
3.34262258900000e+02 6.13580032999340e+04
3.34339906900000e+02 6.24027869866284e+04
3.34417541100000e+02 6.33036675419639e+04
3.34495161500000e+02 6.36629605553181e+04
3.34572768100000e+02 6.29446996918044e+04
3.34650360900000e+02 6.13843759298470e+04
3.34727939900000e+02 5.98855862106150e+04
3.34805505100000e+02 5.90135581290315e+04
3.34883056400000e+02 5.87915752989253e+04
3.34960594000000e+02 5.89481533157923e+04
3.35038117600000e+02 5.95476096762061e+04
3.35115627500000e+02 6.09183531448868e+04
3.35193123500000e+02 6.29054082894654e+04
3.35270605600000e+02 6.47474271483740e+04
3.35348073900000e+02 6.59299075026269e+04
3.35425528300000e+02 6.62882249790137e+04
3.35502968900000e+02 6.55909069401013e+04
3.35580395500000e+02 6.36931460431529e+04
3.35657808300000e+02 6.06196796004010e+04
3.35735207200000e+02 5.65194703990946e+04
3.35812592300000e+02 5.20538698025154e+04
3.35889963400000e+02 4.80467611702231e+04
3.35967320600000e+02 4.52998180200506e+04
3.36044663900000e+02 4.43511642162912e+04
3.36121993400000e+02 4.52929835891854e+04
3.36199308800000e+02 4.76345261374410e+04
3.36276610400000e+02 5.06199965375856e+04
3.36353898100000e+02 5.34490790393233e+04
3.36431171800000e+02 5.52842555756849e+04
3.36508431600000e+02 5.56705668255620e+04
3.36585677400000e+02 5.47993133133312e+04
3.36662909300000e+02 5.29650600736818e+04
3.36740127200000e+02 5.06797729081127e+04
3.36817331200000e+02 4.84410437318887e+04
3.36894521200000e+02 4.66283150057489e+04
3.36971697200000e+02 4.53918356352951e+04
3.37048859300000e+02 4.50413054298987e+04
3.37126007400000e+02 4.57683909015026e+04
3.37203141500000e+02 4.74550059734018e+04
3.37280261600000e+02 4.98639345091207e+04
3.37357367700000e+02 5.26602997073854e+04
3.37434459800000e+02 5.56073448181187e+04
3.37511537900000e+02 5.79581044767630e+04
3.37588602000000e+02 5.91702359459850e+04
3.37665652100000e+02 5.90703301647784e+04
3.37742688100000e+02 5.78800823792506e+04
3.37819710100000e+02 5.61981812908529e+04
3.37896718100000e+02 5.47934967659433e+04
3.37973712100000e+02 5.37479792799268e+04
3.38050692000000e+02 5.31958364010427e+04
3.38127657800000e+02 5.33559792793240e+04
3.38204609600000e+02 5.46621310994758e+04
3.38281547400000e+02 5.67102241294928e+04
3.38358471000000e+02 5.86191660585813e+04
3.38435380700000e+02 5.97227903553065e+04
3.38512276200000e+02 6.03087891598794e+04
3.38589157600000e+02 6.09291858931806e+04
3.38666025000000e+02 6.16113634188077e+04
3.38742878200000e+02 6.20509831683976e+04
3.38819717400000e+02 6.16325772908517e+04
3.38896542500000e+02 6.03847641069344e+04
3.38973353400000e+02 5.88448300806077e+04
3.39050150300000e+02 5.74897956839779e+04
3.39126933000000e+02 5.62661606655279e+04
3.39203701600000e+02 5.52070469630845e+04
3.39280456100000e+02 5.47739040620396e+04
3.39357196400000e+02 5.51377239247860e+04
3.39433922600000e+02 5.64423692956080e+04
3.39510634600000e+02 5.85260419114583e+04
3.39587332500000e+02 6.10269985209388e+04
3.39664016300000e+02 6.34622485891267e+04
3.39740685800000e+02 6.57162264132459e+04
3.39817341200000e+02 6.74677855044310e+04
3.39893982500000e+02 6.84608088555951e+04
3.39970609500000e+02 6.87238987876184e+04
3.40047222400000e+02 6.85292169707895e+04
3.40123821100000e+02 6.80048728530163e+04
3.40200405600000e+02 6.69405728860938e+04
3.40276975900000e+02 6.54770594288300e+04
3.40353532000000e+02 6.40190645344326e+04
3.40430073900000e+02 6.26646507285338e+04
3.40506601500000e+02 6.13665579068744e+04
3.40583115000000e+02 6.02854627582454e+04
3.40659614200000e+02 5.95746706143963e+04
3.40736099200000e+02 5.92465286607224e+04
3.40812569900000e+02 5.91746161691685e+04
3.40889026400000e+02 5.93483094205310e+04
3.40965468700000e+02 5.94014676467179e+04
3.41041896700000e+02 5.87833400747863e+04
3.41118310400000e+02 5.76302359841898e+04
3.41194709900000e+02 5.63881973375795e+04
3.41271095100000e+02 5.53510599793734e+04
3.41347466100000e+02 5.45490607145852e+04
3.41423822800000e+02 5.41091510436472e+04
3.41500165100000e+02 5.43956068563560e+04
3.41576493200000e+02 5.56959029723763e+04
3.41652807000000e+02 5.80054726029050e+04
3.41729106500000e+02 6.06626895080381e+04
3.41805391700000e+02 6.27639690883054e+04
3.41881662600000e+02 6.39609968971468e+04
3.41957919100000e+02 6.43616251899558e+04
3.42034161400000e+02 6.40783370702210e+04
3.42110389300000e+02 6.32884860633723e+04
3.42186602900000e+02 6.23261951090454e+04
3.42262802100000e+02 6.15023131883110e+04
3.42338987000000e+02 6.07019190587242e+04
3.42415157600000e+02 5.99958274777041e+04
3.42491313700000e+02 5.98901633100860e+04
3.42567455600000e+02 6.06742554412814e+04
3.42643583000000e+02 6.21400589048923e+04
3.42719696100000e+02 6.36149835766220e+04
3.42795794900000e+02 6.47127309158833e+04
3.42871879200000e+02 6.54120120983514e+04
3.42947949200000e+02 6.56238680164990e+04
3.43024004700000e+02 6.53360602948432e+04
3.43100045900000e+02 6.46786853531590e+04
3.43176072700000e+02 6.40428973485995e+04
3.43252085000000e+02 6.33803665735309e+04
3.43328083000000e+02 6.27048830913051e+04
3.43404066500000e+02 6.19784498105779e+04
3.43480035600000e+02 6.14079187952514e+04
3.43555990300000e+02 6.10706934147355e+04
3.43631930500000e+02 6.01510440369007e+04
3.43707856300000e+02 5.78456492267863e+04
3.43783767700000e+02 5.43056234727482e+04
3.43859664600000e+02 5.05620874735603e+04
3.43935547000000e+02 4.72861230490483e+04
3.44011415000000e+02 4.46046931296225e+04
3.44087268600000e+02 4.24108996972345e+04
3.44163107600000e+02 4.10251794931251e+04
3.44238932200000e+02 4.09915646724010e+04
3.44314742300000e+02 4.20621336276463e+04
3.44390537900000e+02 4.37038349481372e+04
3.44466319000000e+02 4.56970844053308e+04
3.44542085600000e+02 4.81348923027566e+04
3.44617837700000e+02 5.07805202320464e+04
3.44693575300000e+02 5.33236114198813e+04
3.44769298400000e+02 5.57902326142583e+04
3.44845007000000e+02 5.80542146516085e+04
3.44920701000000e+02 5.95987761797312e+04
3.44996380500000e+02 6.02771044700873e+04
3.45072045500000e+02 6.07152671175060e+04
3.45147696000000e+02 6.13980775228114e+04
3.45223331800000e+02 6.19501217174579e+04
3.45298953200000e+02 6.19893962219587e+04
3.45374560000000e+02 6.17304490934307e+04
3.45450152200000e+02 6.15578218350914e+04
3.45525729800000e+02 6.13198579829127e+04
3.45601292900000e+02 6.04396862218778e+04
3.45676841400000e+02 5.88197769072203e+04
3.45752375300000e+02 5.67369017688079e+04
3.45827894700000e+02 5.47443825338021e+04
3.45903399400000e+02 5.30973958763935e+04
3.45978889500000e+02 5.24174948089878e+04
3.46054365100000e+02 5.28298124529170e+04
3.46129826000000e+02 5.39429830074821e+04
3.46205272300000e+02 5.51368705727500e+04
3.46280704000000e+02 5.61682721157480e+04
3.46356121000000e+02 5.72079031291573e+04
3.46431523400000e+02 5.84074895582768e+04
3.46506911200000e+02 5.95404026005125e+04
3.46582284400000e+02 6.03535128115302e+04
3.46657642900000e+02 6.08815989424162e+04
3.46732986700000e+02 6.16620061768262e+04
3.46808315900000e+02 6.27974682206404e+04
3.46883630400000e+02 6.36230458554702e+04
3.46958930300000e+02 6.35544325081985e+04
3.47034215400000e+02 6.27090673332259e+04
3.47109485900000e+02 6.13759609055140e+04
3.47184741700000e+02 5.93714638268352e+04
3.47259982900000e+02 5.66401498787267e+04
3.47335209300000e+02 5.38085821157803e+04
3.47410421000000e+02 5.17623359393199e+04
3.47485618000000e+02 5.08066312889045e+04
3.47560800300000e+02 5.08125174604674e+04
3.47635967900000e+02 5.15761995128420e+04
3.47711120800000e+02 5.29894994077574e+04
3.47786258900000e+02 5.48273608502821e+04
3.47861382300000e+02 5.67989503518842e+04
3.47936491000000e+02 5.83313235902218e+04
3.48011584900000e+02 5.89887984505785e+04
3.48086664100000e+02 5.87852621068848e+04
3.48161728500000e+02 5.82183215445930e+04
3.48236778200000e+02 5.76995268353208e+04
3.48311813100000e+02 5.75668411495617e+04
3.48386833200000e+02 5.79461649681962e+04
3.48461838600000e+02 5.86803233081820e+04
3.48536829100000e+02 5.93614917528051e+04
3.48611804900000e+02 5.94678274943826e+04
3.48686765900000e+02 5.89352083919001e+04
3.48761712100000e+02 5.80036702423368e+04
3.48836643500000e+02 5.67388366350653e+04
3.48911560000000e+02 5.51390916486184e+04
3.48986461800000e+02 5.33870314789697e+04
3.49061348800000e+02 5.21627785124897e+04
3.49136220900000e+02 5.18870508991722e+04
3.49211078200000e+02 5.23350567381536e+04
3.49285920600000e+02 5.28307814793546e+04
3.49360748300000e+02 5.28227540303874e+04
3.49435561000000e+02 5.26131710117103e+04
3.49510359000000e+02 5.29097824091865e+04
3.49585142000000e+02 5.38986638954370e+04
3.49659910200000e+02 5.52654440417012e+04
3.49734663600000e+02 5.69574030521176e+04
3.49809402000000e+02 5.90487278394618e+04
3.49884125600000e+02 6.15761625350065e+04
3.49958834300000e+02 6.44444097839950e+04
3.50033528200000e+02 6.72883249059065e+04
3.50108207100000e+02 6.93254043130504e+04
3.50182871100000e+02 7.02163209695458e+04
3.50257520200000e+02 7.02691403414784e+04
3.50332154500000e+02 6.99106750099764e+04
3.50406773800000e+02 6.95074237708768e+04
3.50481378100000e+02 6.91722641525400e+04
3.50555967600000e+02 6.85288154826856e+04
3.50630542100000e+02 6.75131919204680e+04
3.50705101700000e+02 6.63411436324435e+04
3.50779646400000e+02 6.52313001696433e+04
3.50854176100000e+02 6.43183916860349e+04
3.50928690800000e+02 6.32931036918415e+04
3.51003190600000e+02 6.17989036628304e+04
3.51077675400000e+02 5.97614534508222e+04
3.51152145300000e+02 5.78185425795507e+04
3.51226600200000e+02 5.66537712205351e+04
3.51301040100000e+02 5.64471559768069e+04
3.51375465000000e+02 5.70282821562043e+04
3.51449874900000e+02 5.82934515203640e+04
3.51524269900000e+02 6.01599602918363e+04
3.51598649800000e+02 6.21699068281629e+04
3.51673014700000e+02 6.40240239406128e+04
3.51747364700000e+02 6.51912662444968e+04
3.51821699600000e+02 6.54157103879431e+04
3.51896019400000e+02 6.46345778828744e+04
3.51970324300000e+02 6.30887034579137e+04
3.52044614100000e+02 6.08146935056944e+04
3.52118888900000e+02 5.80694498905357e+04
3.52193148700000e+02 5.51616005206940e+04
3.52267393400000e+02 5.26101742977021e+04
3.52341623000000e+02 5.06188491536557e+04
3.52415837600000e+02 4.93559061483080e+04
3.52490037100000e+02 4.90652745372000e+04
3.52564221500000e+02 4.99058623399396e+04
3.52638390900000e+02 5.17649552377669e+04
3.52712545200000e+02 5.39613713773429e+04
3.52786684400000e+02 5.63424051676649e+04
3.52860808500000e+02 5.86429513649263e+04
3.52934917600000e+02 6.03764845402690e+04
3.53009011500000e+02 6.12896979649715e+04
3.53083090300000e+02 6.18257509907530e+04
3.53157154000000e+02 6.24689786086473e+04
3.53231202600000e+02 6.30614998020354e+04
3.53305236000000e+02 6.34375098570145e+04
3.53379254400000e+02 6.37391586642327e+04
3.53453257600000e+02 6.43887897356383e+04
3.53527245600000e+02 6.53315416980624e+04
3.53601218500000e+02 6.62513414124844e+04
3.53675176300000e+02 6.69516442413972e+04
3.53749118900000e+02 6.72446676457025e+04
3.53823046400000e+02 6.71378049683084e+04
3.53896958700000e+02 6.69050357864212e+04
3.53970855800000e+02 6.69390400192726e+04
3.54044737700000e+02 6.72328127900051e+04
3.54118604500000e+02 6.73615140596955e+04
3.54192456000000e+02 6.72968346774610e+04
3.54266292400000e+02 6.73874525089313e+04
3.54340113600000e+02 6.78539158200105e+04
3.54413919600000e+02 6.84359396197740e+04
3.54487710300000e+02 6.87874172250306e+04
3.54561485900000e+02 6.88853459700354e+04
3.54635246200000e+02 6.89217347309490e+04
3.54708991300000e+02 6.90487332453292e+04
3.54782721200000e+02 6.91091156038722e+04
3.54856435800000e+02 6.88588259465467e+04
3.54930135200000e+02 6.83666031538896e+04
3.55003819400000e+02 6.77312400347769e+04
3.55077488300000e+02 6.67150240428792e+04
3.55151142000000e+02 6.52292420710101e+04
3.55224780300000e+02 6.36932434583110e+04
3.55298403500000e+02 6.26285887900950e+04
3.55372011300000e+02 6.18834369905814e+04
3.55445603900000e+02 6.12774653592276e+04
3.55519181200000e+02 6.08438979662109e+04
3.55592743200000e+02 6.06393775020994e+04
3.55666289900000e+02 6.08913514556749e+04
3.55739821300000e+02 6.12088148883954e+04
3.55813337400000e+02 6.14637637670608e+04
3.55886838200000e+02 6.18315119742513e+04
3.55960323700000e+02 6.25131273982313e+04
3.56033793800000e+02 6.33923589311102e+04
3.56107248600000e+02 6.38297829057149e+04
3.56180688100000e+02 6.31477248502071e+04
3.56254112300000e+02 6.12473389068983e+04
3.56327521100000e+02 5.88954477196374e+04
3.56400914600000e+02 5.66190401621705e+04
3.56474292700000e+02 5.43911389138295e+04
3.56547655500000e+02 5.19187749153656e+04
3.56621002900000e+02 4.92540761344649e+04
3.56694334900000e+02 4.69688754444347e+04
3.56767651600000e+02 4.56542479922651e+04
3.56840952800000e+02 4.52996627512149e+04
3.56914238700000e+02 4.53015633085383e+04
3.56987509200000e+02 4.53504200333116e+04
3.57060764400000e+02 4.55784169059036e+04
3.57134004100000e+02 4.64043563725740e+04
3.57207228400000e+02 4.80170971175187e+04
3.57280437200000e+02 4.99582201246631e+04
3.57353630700000e+02 5.18647131593967e+04
3.57426808800000e+02 5.33575037184228e+04
3.57499971400000e+02 5.41202899639785e+04
3.57573118600000e+02 5.39489945325082e+04
3.57646250300000e+02 5.30795736832932e+04
3.57719366700000e+02 5.15105971124005e+04
3.57792467500000e+02 4.90985797932706e+04
3.57865552900000e+02 4.61290030878574e+04
3.57938622900000e+02 4.32339254873717e+04
3.58011677300000e+02 4.10860316677297e+04
3.58084716400000e+02 3.96051903201439e+04
3.58157739900000e+02 3.82810417642114e+04
3.58230748000000e+02 3.70277347131292e+04
3.58303740500000e+02 3.63392155900507e+04
3.58376717600000e+02 3.63307725429834e+04
3.58449679200000e+02 3.65552886163324e+04
3.58522625300000e+02 3.68430610174116e+04
3.58595555800000e+02 3.72974000117901e+04
3.58668470900000e+02 3.83894155515979e+04
3.58741370400000e+02 4.04931221506609e+04
3.58814254500000e+02 4.35351944822325e+04
3.58887123000000e+02 4.70032460513681e+04
3.58959975900000e+02 5.02863337263686e+04
3.59032813300000e+02 5.29579559037511e+04
3.59105635200000e+02 5.51592958575076e+04
3.59178441500000e+02 5.72913077265928e+04
3.59251232300000e+02 5.92344036026869e+04
3.59324007500000e+02 6.07916106168149e+04
3.59396767100000e+02 6.19500449069630e+04
3.59469511200000e+02 6.30130452131547e+04
3.59542239700000e+02 6.41745029562001e+04
3.59614952600000e+02 6.54548101870250e+04
3.59687649900000e+02 6.67065355317311e+04
3.59760331600000e+02 6.77707960200791e+04
3.59832997800000e+02 6.82315215421082e+04
3.59905648300000e+02 6.78079454594189e+04
3.59978283200000e+02 6.66378518573645e+04
3.60050902500000e+02 6.50996126089657e+04
3.60123506200000e+02 6.33279361593097e+04
3.60196094300000e+02 6.12749235218484e+04
3.60268666700000e+02 5.88960551395330e+04
3.60341223500000e+02 5.66706722850144e+04
3.60413764600000e+02 5.49678438998800e+04
3.60486290100000e+02 5.36248412191316e+04
3.60558800000000e+02 5.20819711891008e+04
3.60631294200000e+02 5.03602960528865e+04
3.60703772700000e+02 4.90589093700058e+04
3.60776235600000e+02 4.84315414625006e+04
3.60848682800000e+02 4.83548131720912e+04
3.60921114300000e+02 4.84187847636938e+04
3.60993530100000e+02 4.86796375031373e+04
3.61065930300000e+02 4.94606859700919e+04
3.61138314700000e+02 5.08952935780068e+04
3.61210683500000e+02 5.27730958706897e+04
3.61283036500000e+02 5.46010587132101e+04
3.61355373800000e+02 5.57137269554936e+04
3.61427695500000e+02 5.57333381741282e+04
3.61500001400000e+02 5.47503558331704e+04
3.61572291500000e+02 5.30667400485230e+04
3.61644566000000e+02 5.10264527012686e+04
3.61716824700000e+02 4.90576596724257e+04
3.61789067600000e+02 4.75118945847157e+04
3.61861294800000e+02 4.65494606086606e+04
3.61933506300000e+02 4.64271903847683e+04
3.62005702000000e+02 4.73904033801230e+04
3.62077881900000e+02 4.93358666086253e+04
3.62150046100000e+02 5.18710396915375e+04
3.62222194500000e+02 5.45822330223759e+04
3.62294327100000e+02 5.74480441064826e+04
3.62366443900000e+02 6.03180614655127e+04
3.62438545000000e+02 6.27421772408629e+04
3.62510630200000e+02 6.46005268510101e+04
3.62582699700000e+02 6.61128011428216e+04
3.62654753300000e+02 6.71085639988046e+04
3.62726791100000e+02 6.68179960322697e+04
3.62798813100000e+02 6.48398244530206e+04
3.62870819300000e+02 6.16791868557114e+04
3.62942809700000e+02 5.83391137621521e+04
3.63014784200000e+02 5.54173554553376e+04
3.63086742900000e+02 5.28805930098011e+04
3.63158685700000e+02 5.07055692101565e+04
3.63230612700000e+02 4.94152247271257e+04
3.63302523800000e+02 4.95763845906548e+04
3.63374419100000e+02 5.08432406586479e+04
3.63446298500000e+02 5.25151833460204e+04
3.63518162100000e+02 5.41532232658247e+04
3.63590009700000e+02 5.59123466847030e+04
3.63661841500000e+02 5.79564500448024e+04
3.63733657400000e+02 5.99146578851352e+04
3.63805457400000e+02 6.15353204754447e+04
3.63877241500000e+02 6.26956597029083e+04
3.63949009700000e+02 6.34619675682242e+04
3.64020762000000e+02 6.35924711627071e+04
3.64092498400000e+02 6.30105964055258e+04
3.64164218900000e+02 6.18310674321169e+04
3.64235923400000e+02 6.02306274061716e+04
3.64307612000000e+02 5.85412795599232e+04
3.64379284700000e+02 5.67862921214782e+04
3.64450941400000e+02 5.49395342842472e+04
3.64522582200000e+02 5.31456280061257e+04
3.64594207100000e+02 5.17916985266724e+04
3.64665816000000e+02 5.10938788222906e+04
3.64737408900000e+02 5.10290887472593e+04
3.64808985800000e+02 5.13939399443742e+04
3.64880546800000e+02 5.22175630168820e+04
3.64952091800000e+02 5.39530667593187e+04
3.65023620900000e+02 5.63653982891738e+04
3.65095133900000e+02 5.88038971602266e+04
3.65166631000000e+02 6.10345041639577e+04
3.65238112000000e+02 6.29864815467040e+04
3.65309577000000e+02 6.47360934707447e+04
3.65381026100000e+02 6.62913617333054e+04
3.65452459100000e+02 6.75070368507474e+04
3.65523876100000e+02 6.84144917818426e+04
3.65595277100000e+02 6.92768678890848e+04
3.65666662000000e+02 7.01500563296861e+04
3.65738030900000e+02 7.09449043360872e+04
3.65809383800000e+02 7.16020879345582e+04
3.65880720600000e+02 7.19824367422461e+04
3.65952041400000e+02 7.20081106266350e+04
3.66023346100000e+02 7.16114696534764e+04
3.66094634700000e+02 7.07987786800634e+04
3.66165907300000e+02 6.98652153609321e+04
3.66237163800000e+02 6.91276552274948e+04
3.66308404200000e+02 6.84811053767069e+04
3.66379628600000e+02 6.77228953516136e+04
3.66450836800000e+02 6.70428598963253e+04
3.66522029000000e+02 6.64886982031196e+04
3.66593205000000e+02 6.59641424017120e+04
3.66664365000000e+02 6.53039015071232e+04
3.66735508800000e+02 6.45759672045818e+04
3.66806636500000e+02 6.41967831651038e+04
3.66877748100000e+02 6.44144683715695e+04
3.66948843600000e+02 6.49342055262684e+04
3.67019923000000e+02 6.54011506114831e+04
3.67090986200000e+02 6.59657336520220e+04
3.67162033200000e+02 6.68388064529731e+04
3.67233064100000e+02 6.78645808403140e+04
3.67304078900000e+02 6.85367786049880e+04
3.67375077500000e+02 6.83897908282676e+04
3.67446059900000e+02 6.74275707042555e+04
3.67517026200000e+02 6.60610381286100e+04
3.67587976300000e+02 6.47172335282142e+04
3.67658910200000e+02 6.32660688808082e+04
3.67729828000000e+02 6.15987316452102e+04
3.67800729500000e+02 6.00173259527159e+04
3.67871614800000e+02 5.89940966634018e+04
3.67942484000000e+02 5.87181374021422e+04
3.68013336900000e+02 5.89343590864879e+04
3.68084173600000e+02 5.93491683390562e+04
3.68154994100000e+02 5.98680422147868e+04
3.68225798400000e+02 6.03722421207648e+04
3.68296586500000e+02 6.04583490422582e+04
3.68367358300000e+02 5.99819181797526e+04
3.68438113900000e+02 5.90900530363639e+04
3.68508853200000e+02 5.80161864751147e+04
3.68579576300000e+02 5.70381515828603e+04
3.68650283100000e+02 5.65084803935274e+04
3.68720973700000e+02 5.68338148150305e+04
3.68791648000000e+02 5.79854749953441e+04
3.68862306000000e+02 5.97956269852421e+04
3.68932947800000e+02 6.19609564691135e+04
3.69003573200000e+02 6.39772253260913e+04
3.69074182400000e+02 6.54650463916355e+04
3.69144775300000e+02 6.63810488082849e+04
3.69215351900000e+02 6.69353898252322e+04
3.69285912200000e+02 6.70267424701602e+04
3.69356456200000e+02 6.66407336365409e+04
3.69426983900000e+02 6.60770514909053e+04
3.69497495200000e+02 6.58600913656038e+04
3.69567990300000e+02 6.63719753562993e+04
3.69638469000000e+02 6.74341574039472e+04
3.69708931300000e+02 6.86441985886154e+04
3.69779377400000e+02 6.97198136480042e+04
3.69849807000000e+02 7.05693101735290e+04
3.69920220400000e+02 7.11098589697009e+04
3.69990617300000e+02 7.11164591155586e+04
3.70060997900000e+02 7.03221479863101e+04
3.70131362200000e+02 6.85020160374404e+04
3.70201710100000e+02 6.58835805989491e+04
3.70272041500000e+02 6.28580992539742e+04
3.70342356700000e+02 5.98923783771473e+04
3.70412655400000e+02 5.71813080101787e+04
3.70482937700000e+02 5.46874446334013e+04
3.70553203600000e+02 5.27341982522391e+04
3.70623453200000e+02 5.14814901072400e+04
3.70693686300000e+02 5.11833013239396e+04
3.70763903000000e+02 5.20131328977124e+04
3.70834103200000e+02 5.36370586880038e+04
3.70904287100000e+02 5.57690345455364e+04
3.70974454500000e+02 5.82681572684257e+04
3.71044605500000e+02 6.12185634670720e+04
3.71114740000000e+02 6.44771682978557e+04
3.71184858100000e+02 6.75144586352252e+04
3.71254959800000e+02 6.98405186142356e+04
3.71325045000000e+02 7.13269336968130e+04
3.71395113700000e+02 7.21641547078821e+04
3.71465165900000e+02 7.22340788489916e+04
3.71535201700000e+02 7.10928066212566e+04
3.71605221000000e+02 6.84997534958232e+04
3.71675223800000e+02 6.46809313351092e+04
3.71745210100000e+02 6.03283820460753e+04
3.71815180000000e+02 5.60829608028137e+04
3.71885133300000e+02 5.21344149662988e+04
3.71955070100000e+02 4.87852627012736e+04
3.72024990400000e+02 4.65487685194649e+04
3.72094894200000e+02 4.59325831015475e+04
3.72164781500000e+02 4.70254286241508e+04
3.72234652300000e+02 4.93873801432813e+04
3.72304506500000e+02 5.22355111430354e+04
3.72374344100000e+02 5.49032319101987e+04
3.72444165300000e+02 5.69813411804698e+04
3.72513969900000e+02 5.84702125151984e+04
3.72583757900000e+02 5.96241535317915e+04
3.72653529400000e+02 6.05075350345258e+04
3.72723284300000e+02 6.08097028440177e+04
3.72793022600000e+02 6.02586105786581e+04
3.72862744400000e+02 5.93435725109650e+04
3.72932449500000e+02 5.84629852412159e+04
3.73002138100000e+02 5.72139520708879e+04
3.73071810100000e+02 5.49230680561347e+04
3.73141465500000e+02 5.15591843207623e+04
3.73211104300000e+02 4.77697428480187e+04
3.73280726500000e+02 4.41461370733004e+04
3.73350332100000e+02 4.09086454983852e+04
3.73419921100000e+02 3.82809590065806e+04
3.73489493400000e+02 3.68317078618342e+04
3.73559049100000e+02 3.69225273787512e+04
3.73628588200000e+02 3.85150213375566e+04
3.73698110700000e+02 4.12884670084456e+04
3.73767616500000e+02 4.47030620619510e+04
3.73837105600000e+02 4.82605730612431e+04
3.73906578100000e+02 5.15114887570383e+04
3.73976033900000e+02 5.39733349755338e+04
3.74045473100000e+02 5.51685744954907e+04
3.74114895600000e+02 5.51829427132011e+04
3.74184301400000e+02 5.42593660860286e+04
3.74253690500000e+02 5.23880365224956e+04
3.74323063000000e+02 4.98711313691894e+04
3.74392418700000e+02 4.72392768211366e+04
3.74461757800000e+02 4.47932714169590e+04
3.74531080100000e+02 4.25320522409111e+04
3.74600385800000e+02 4.03385635794274e+04
3.74669674700000e+02 3.85047725262400e+04
3.74738946900000e+02 3.76963423160733e+04
3.74808202400000e+02 3.82335251341855e+04
3.74877441100000e+02 3.96867814485502e+04
3.74946663100000e+02 4.16983977959690e+04
3.75015868400000e+02 4.43917468064945e+04
3.75085056900000e+02 4.80031675732845e+04
3.75154228700000e+02 5.23552819105294e+04
3.75223383700000e+02 5.68117404127767e+04
3.75292522000000e+02 6.05871743333444e+04
3.75361643500000e+02 6.29526733829038e+04
3.75430748200000e+02 6.36372337537519e+04
3.75499836100000e+02 6.28290708025921e+04
3.75568907300000e+02 6.10807759430710e+04
3.75637961700000e+02 5.89939091896178e+04
3.75706999200000e+02 5.69401671383579e+04
3.75776020000000e+02 5.50640185286015e+04
3.75845024000000e+02 5.34355243850313e+04
3.75914011100000e+02 5.23794825194350e+04
3.75982981500000e+02 5.21794245470174e+04
3.76051935000000e+02 5.26452887991422e+04
3.76120871700000e+02 5.33481343054604e+04
3.76189791600000e+02 5.40343006759563e+04
3.76258694600000e+02 5.44729048052570e+04
3.76327580800000e+02 5.44968804893026e+04
3.76396450100000e+02 5.40575758424394e+04
3.76465302600000e+02 5.34320851922766e+04
3.76534138200000e+02 5.33079632895293e+04
3.76602957000000e+02 5.37104767288555e+04
3.76671758900000e+02 5.40864386850444e+04
3.76740543900000e+02 5.40601650486729e+04
3.76809312000000e+02 5.40633294050605e+04
3.76878063300000e+02 5.47498374339914e+04
3.76946797600000e+02 5.61504292225204e+04
3.77015515100000e+02 5.78259958279838e+04
3.77084215700000e+02 5.93268684002506e+04
3.77152899300000e+02 6.06657310910740e+04
3.77221566100000e+02 6.20791587432007e+04
3.77290215900000e+02 6.35712843092758e+04
3.77358848800000e+02 6.49297091287634e+04
3.77427464800000e+02 6.59696080225102e+04
3.77496063900000e+02 6.66467841934908e+04
3.77564646000000e+02 6.71113888666192e+04
3.77633211100000e+02 6.76123187429669e+04
3.77701759300000e+02 6.83473840832720e+04
3.77770290600000e+02 6.92986911052270e+04
3.77838804900000e+02 7.02391522287070e+04
3.77907302200000e+02 7.10332200362310e+04
3.77975782600000e+02 7.17969575381135e+04
3.78044246000000e+02 7.26959579653850e+04
3.78112692400000e+02 7.35820545084457e+04
3.78181121800000e+02 7.40765851130964e+04
3.78249534300000e+02 7.37523957840659e+04
3.78317929700000e+02 7.25753743168570e+04
3.78386308100000e+02 7.08693515315310e+04
3.78454669600000e+02 6.89293860174356e+04
3.78523014000000e+02 6.67974954279577e+04
3.78591341400000e+02 6.44402960788917e+04
3.78659651700000e+02 6.18142079468718e+04
3.78727945100000e+02 5.94533200852614e+04
3.78796221400000e+02 5.79782710175167e+04
3.78864480600000e+02 5.73836019642093e+04
3.78932722900000e+02 5.71718471897946e+04
3.79000948000000e+02 5.69215191741636e+04
3.79069156100000e+02 5.65455239600579e+04
3.79137347200000e+02 5.61096096827626e+04
3.79205521200000e+02 5.56239337313701e+04
3.79273678100000e+02 5.50001204073595e+04
3.79341817900000e+02 5.40584545368779e+04
3.79409940700000e+02 5.27119189002668e+04
3.79478046300000e+02 5.11289068069839e+04
3.79546134900000e+02 4.95424457035086e+04
3.79614206400000e+02 4.83424736830220e+04
3.79682260700000e+02 4.78569207648932e+04
3.79750298000000e+02 4.81070580798261e+04
3.79818318200000e+02 4.88350601904084e+04
3.79886321200000e+02 4.99236764552850e+04
3.79954307100000e+02 5.16560075149756e+04
3.80022275800000e+02 5.40539118925362e+04
3.80090227500000e+02 5.68260392497807e+04
3.80158162000000e+02 5.94927859855138e+04
3.80226079300000e+02 6.15132813006462e+04
3.80293979500000e+02 6.27377930467973e+04
3.80361862500000e+02 6.32698274221203e+04
3.80429728400000e+02 6.33073573373909e+04
3.80497577100000e+02 6.30573020474462e+04
3.80565408700000e+02 6.27712779910548e+04
3.80633223000000e+02 6.27135504104677e+04
3.80701020200000e+02 6.29040044406702e+04
3.80768800200000e+02 6.32511379708386e+04
3.80836562900000e+02 6.37037484197838e+04
3.80904308500000e+02 6.41929048777936e+04
3.80972036900000e+02 6.43383294678226e+04
3.81039748100000e+02 6.37270167031969e+04
3.81107442000000e+02 6.23220585712994e+04
3.81175118700000e+02 6.02152477746136e+04
3.81242778300000e+02 5.75758263811318e+04
3.81310420500000e+02 5.47533240379903e+04
3.81378045600000e+02 5.22551146174769e+04
3.81445653300000e+02 5.05324330755572e+04
3.81513243900000e+02 4.95193306963334e+04
3.81580817200000e+02 4.88238433433784e+04
3.81648373200000e+02 4.79161958950249e+04
3.81715912000000e+02 4.68047131559777e+04
3.81783433500000e+02 4.59052015710681e+04
3.81850937700000e+02 4.53735802096678e+04
3.81918424600000e+02 4.50229102626940e+04
3.81985894300000e+02 4.45963396452700e+04
3.82053346700000e+02 4.38957045156380e+04
3.82120781700000e+02 4.29093559485355e+04
3.82188199500000e+02 4.19298056833978e+04
3.82255600000000e+02 4.11434071594076e+04
3.82322983100000e+02 4.03525242006579e+04
3.82390348900000e+02 3.93131506727955e+04
3.82457697500000e+02 3.78968884499579e+04
3.82525028600000e+02 3.63146944573648e+04
3.82592342500000e+02 3.50466079161551e+04
3.82659639000000e+02 3.43379839339839e+04
3.82726918100000e+02 3.42535779196124e+04
3.82794180000000e+02 3.45424951506732e+04
3.82861424400000e+02 3.47633852277891e+04
3.82928651500000e+02 3.46912816866407e+04
3.82995861300000e+02 3.43123752448955e+04
3.83063053600000e+02 3.38651732343517e+04
3.83130228600000e+02 3.34176163705196e+04
3.83197386200000e+02 3.30203857146942e+04
3.83264526400000e+02 3.27008583805626e+04
3.83331649200000e+02 3.25291223957768e+04
3.83398754700000e+02 3.25938412119004e+04
3.83465842700000e+02 3.27200396598794e+04
3.83532913300000e+02 3.27247862288600e+04
3.83599966500000e+02 3.26601199613638e+04
3.83667002300000e+02 3.26270919530844e+04
3.83734020700000e+02 3.25979707705095e+04
3.83801021600000e+02 3.26392176809559e+04
3.83868005100000e+02 3.30666907516257e+04
3.83934971100000e+02 3.42167739307907e+04
3.84001919700000e+02 3.61340596196652e+04
3.84068850900000e+02 3.85384637308861e+04
3.84135764600000e+02 4.11246742283558e+04
3.84202660800000e+02 4.37497439619392e+04
3.84269539600000e+02 4.63463067538792e+04
3.84336400900000e+02 4.87265954083598e+04
3.84403244700000e+02 5.05858720035132e+04
3.84470071100000e+02 5.19538361360444e+04
3.84536879900000e+02 5.29201320838832e+04
3.84603671300000e+02 5.33466022793564e+04
3.84670445100000e+02 5.31978953203129e+04
3.84737201500000e+02 5.27104443251569e+04
3.84803940300000e+02 5.23967011006746e+04
3.84870661700000e+02 5.23916431187023e+04
3.84937365500000e+02 5.24437018872992e+04
3.85004051800000e+02 5.22614006887730e+04
3.85070720500000e+02 5.18443937467307e+04
3.85137371700000e+02 5.14538765745421e+04
3.85204005400000e+02 5.12552026781454e+04
3.85270621500000e+02 5.10625082715692e+04
3.85337220100000e+02 5.05090471525114e+04
3.85403801100000e+02 4.95868003559640e+04
3.85470364600000e+02 4.84268195532023e+04
3.85536910400000e+02 4.69945714856713e+04
3.85603438700000e+02 4.52786289072842e+04
3.85669949500000e+02 4.33515868187260e+04
3.85736442600000e+02 4.16246667401287e+04
3.85802918200000e+02 4.06171286746006e+04
3.85869376100000e+02 4.04363265352166e+04
3.85935816500000e+02 4.09938862587792e+04
3.86002239300000e+02 4.21432537070457e+04
3.86068644400000e+02 4.38191254292948e+04
3.86135031900000e+02 4.59226152638921e+04
3.86201401800000e+02 4.81582073881088e+04
3.86267754100000e+02 5.02519134673672e+04
3.86334088700000e+02 5.19761051426674e+04
3.86400405800000e+02 5.30591579136299e+04
3.86466705100000e+02 5.33822791296270e+04
3.86532986800000e+02 5.31151180979122e+04
3.86599250900000e+02 5.24232132250700e+04
3.86665497300000e+02 5.14052718849635e+04
3.86731726000000e+02 5.01365638127733e+04
3.86797937100000e+02 4.86193834281235e+04
3.86864130500000e+02 4.69105418404349e+04
3.86930306200000e+02 4.52502507263911e+04
3.86996464200000e+02 4.39379070892678e+04
3.87062604600000e+02 4.32508941659796e+04
3.87128727200000e+02 4.32905630994231e+04
3.87194832100000e+02 4.41038298795018e+04
3.87260919400000e+02 4.55231903418324e+04
3.87326988900000e+02 4.71727579769414e+04
3.87393040700000e+02 4.87062243723778e+04
3.87459074700000e+02 4.97875271730263e+04
3.87525091100000e+02 5.02378013798234e+04
3.87591089700000e+02 5.01114955903556e+04
3.87657070600000e+02 4.96096849528107e+04
3.87723033700000e+02 4.88403787502551e+04
3.87788979100000e+02 4.78213314435375e+04
3.87854906700000e+02 4.65939429164603e+04
3.87920816500000e+02 4.54010212346842e+04
3.87986708600000e+02 4.47592082837217e+04
3.88052583000000e+02 4.49177675370581e+04
3.88118439500000e+02 4.55542835439432e+04
3.88184278300000e+02 4.60020698174352e+04
3.88250099300000e+02 4.59649252573236e+04
3.88315902400000e+02 4.55267649275339e+04
3.88381687800000e+02 4.50136499335743e+04
3.88447455400000e+02 4.47704357679062e+04
3.88513205200000e+02 4.45926409594073e+04
3.88578937100000e+02 4.40845750996010e+04
3.88644651300000e+02 4.33486063351456e+04
3.88710347600000e+02 4.29518621648272e+04
3.88776026100000e+02 4.33980395378580e+04
3.88841686700000e+02 4.47053323619678e+04
3.88907329500000e+02 4.64581296320696e+04
3.88972954500000e+02 4.82938517042652e+04
3.89038561600000e+02 5.01418439879332e+04
3.89104150900000e+02 5.20315792703037e+04
3.89169722300000e+02 5.37584351688359e+04
3.89235275800000e+02 5.50398998543087e+04
3.89300811400000e+02 5.59378393336333e+04
3.89366329200000e+02 5.67083570799632e+04
3.89431829100000e+02 5.73921300298363e+04
3.89497311100000e+02 5.79089525680180e+04
3.89562775200000e+02 5.82011257657236e+04
3.89628221400000e+02 5.82979158176388e+04
3.89693649700000e+02 5.84201473718734e+04
3.89759060100000e+02 5.88236497563063e+04
3.89824452600000e+02 5.92379151951316e+04
3.89889827100000e+02 5.92843712931512e+04
3.89955183800000e+02 5.88735278795001e+04
3.90020522500000e+02 5.81902754057500e+04
3.90085843200000e+02 5.74712038262244e+04
3.90151146000000e+02 5.67700373505498e+04
3.90216430900000e+02 5.59611984866968e+04
3.90281697800000e+02 5.49025939664207e+04
3.90346946800000e+02 5.37925329717944e+04
3.90412177800000e+02 5.31954335161823e+04
3.90477390800000e+02 5.34073264627108e+04
3.90542585800000e+02 5.41888676395059e+04
3.90607762900000e+02 5.51469280040484e+04
3.90672922000000e+02 5.62620696705179e+04
3.90738063100000e+02 5.77049427383956e+04
3.90803186200000e+02 5.94880679451927e+04
3.90868291300000e+02 6.13074848328266e+04
3.90933378400000e+02 6.28428731019138e+04
3.90998447500000e+02 6.39948785754669e+04
3.91063498500000e+02 6.46945422022395e+04
3.91128531600000e+02 6.50739377985033e+04
3.91193546600000e+02 6.53553193533117e+04
3.91258543600000e+02 6.55654574083212e+04
3.91323522500000e+02 6.55616069459892e+04
3.91388483400000e+02 6.52394681870631e+04
3.91453426300000e+02 6.46775745977106e+04
3.91518351100000e+02 6.40089379354213e+04
3.91583257800000e+02 6.31966453782732e+04
3.91648146500000e+02 6.21077735878217e+04
3.91713017100000e+02 6.06793501355823e+04
3.91777869600000e+02 5.90093208331054e+04
3.91842704100000e+02 5.74001328744430e+04
3.91907520400000e+02 5.59148850710718e+04
3.91972318700000e+02 5.45728918601429e+04
3.92037098800000e+02 5.34900417532373e+04
3.92101860900000e+02 5.27357892358674e+04
3.92166604900000e+02 5.22170086595593e+04
3.92231330700000e+02 5.18564715571723e+04
3.92296038400000e+02 5.15130641135527e+04
3.92360728000000e+02 5.09255423700926e+04
3.92425399500000e+02 4.99313669759292e+04
3.92490052900000e+02 4.84314780004259e+04
3.92554688100000e+02 4.63756230787673e+04
3.92619305100000e+02 4.37815831471567e+04
3.92683904000000e+02 4.08166019574579e+04
3.92748484800000e+02 3.77532449371354e+04
3.92813047400000e+02 3.46602840908744e+04
3.92877591800000e+02 3.15281674372623e+04
3.92942118000000e+02 2.84963312074034e+04
3.93006626100000e+02 2.57074553692762e+04
3.93071116000000e+02 2.32211077337505e+04
3.93135587700000e+02 2.10924214886516e+04
3.93200041200000e+02 1.94467582366066e+04
3.93264476500000e+02 1.83981162635584e+04
3.93328893600000e+02 1.79624415104245e+04
3.93393292500000e+02 1.81597123228781e+04
3.93457673200000e+02 1.90275863979610e+04
3.93522035600000e+02 2.05800854040056e+04
3.93586379900000e+02 2.27484270769594e+04
3.93650705900000e+02 2.53779566784686e+04
3.93715013600000e+02 2.82492163648591e+04
3.93779303200000e+02 3.11441651815540e+04
3.93843574500000e+02 3.38887195838186e+04
3.93907827500000e+02 3.63761206895191e+04
3.93972062300000e+02 3.85166779807294e+04
3.94036278800000e+02 4.02138045890344e+04
3.94100477000000e+02 4.14693415420836e+04
3.94164657000000e+02 4.24859718144366e+04
3.94228818700000e+02 4.35877708383196e+04
3.94292962100000e+02 4.49684277009552e+04
3.94357087200000e+02 4.65303257156224e+04
3.94421194000000e+02 4.79985074992274e+04
3.94485282500000e+02 4.93409003256093e+04
3.94549352700000e+02 5.07931087229774e+04
3.94613404600000e+02 5.25331198882381e+04
3.94677438200000e+02 5.44757349589988e+04
3.94741453500000e+02 5.62702547797348e+04
3.94805450400000e+02 5.76230206203854e+04
3.94869429000000e+02 5.85216544912242e+04
3.94933389300000e+02 5.91042140166811e+04
3.94997331200000e+02 5.95818331726858e+04
3.95061254800000e+02 6.01278176484625e+04
3.95125160100000e+02 6.07629844975373e+04
3.95189046900000e+02 6.12377467416626e+04
3.95252915400000e+02 6.13496126797883e+04
3.95316765600000e+02 6.10396801284206e+04
3.95380597300000e+02 6.05727580658366e+04
3.95444410700000e+02 6.03834716372269e+04
3.95508205700000e+02 6.05650396003337e+04
3.95571982300000e+02 6.07915873785914e+04
3.95635740500000e+02 6.07545067544020e+04
3.95699480300000e+02 6.02460648495571e+04
3.95763201700000e+02 5.92792910340252e+04
3.95826904700000e+02 5.78462634167231e+04
3.95890589300000e+02 5.59736631525787e+04
3.95954255400000e+02 5.38371568880521e+04
3.96017903100000e+02 5.15050828146431e+04
3.96081532400000e+02 4.89557965642666e+04
3.96145143300000e+02 4.61699253338492e+04
3.96208735700000e+02 4.31725518567090e+04
3.96272309600000e+02 4.02224556141900e+04
3.96335865100000e+02 3.74808280532806e+04
3.96399402100000e+02 3.48809286971860e+04
3.96462920700000e+02 3.22540823108123e+04
3.96526420800000e+02 2.95344701212505e+04
3.96589902400000e+02 2.68692685981219e+04
3.96653365600000e+02 2.44870122620824e+04
3.96716810200000e+02 2.26134445616249e+04
3.96780236400000e+02 2.14636041396914e+04
3.96843644100000e+02 2.11462429582594e+04
3.96907033200000e+02 2.16617345480199e+04
3.96970403900000e+02 2.29591592391112e+04
3.97033756000000e+02 2.49445160633908e+04
3.97097089600000e+02 2.74597541852041e+04
3.97160404700000e+02 3.03502570014154e+04
3.97223701300000e+02 3.34625306292529e+04
3.97286979300000e+02 3.66587840610605e+04
3.97350238800000e+02 3.97999618068602e+04
3.97413479800000e+02 4.28405955165927e+04
3.97476702200000e+02 4.58471495797470e+04
3.97539906000000e+02 4.88468450619497e+04
3.97603091300000e+02 5.18697753802100e+04
3.97666258000000e+02 5.48144766282874e+04
3.97729406100000e+02 5.75209322831726e+04
3.97792535700000e+02 5.99400659111644e+04
3.97855646700000e+02 6.19991030433000e+04
3.97918739100000e+02 6.36461787826343e+04
3.97981812900000e+02 6.48721229319544e+04
3.98044868100000e+02 6.57037457640979e+04
3.98107904600000e+02 6.62310903614224e+04
3.98170922600000e+02 6.64958606220290e+04
3.98233922000000e+02 6.65343879378125e+04
3.98296902700000e+02 6.64628396307031e+04
3.98359864900000e+02 6.64134697171878e+04
3.98422808400000e+02 6.65208017794869e+04
3.98485733200000e+02 6.69324224911366e+04
3.98548639400000e+02 6.76426166372290e+04
3.98611527000000e+02 6.84614315349024e+04
3.98674395900000e+02 6.92000848398479e+04
3.98737246100000e+02 6.97675379460260e+04
3.98800077700000e+02 7.03935847722838e+04
3.98862890700000e+02 7.12280008336201e+04
3.98925684900000e+02 7.21289343716338e+04
3.98988460500000e+02 7.28346613843974e+04
3.99051217400000e+02 7.32161303933996e+04
3.99113955600000e+02 7.34154044900571e+04
3.99176675100000e+02 7.35567016915358e+04
3.99239375900000e+02 7.35943984858655e+04
3.99302058000000e+02 7.34205605894571e+04
3.99364721300000e+02 7.30207868953301e+04
3.99427366000000e+02 7.24121549204096e+04
3.99489991900000e+02 7.17164280020770e+04
3.99552599200000e+02 7.11817562171472e+04
3.99615187600000e+02 7.10332570923409e+04
3.99677757400000e+02 7.12946210852140e+04
3.99740308400000e+02 7.17645687970034e+04
3.99802840700000e+02 7.22798303587620e+04
3.99865354200000e+02 7.29389129953914e+04
3.99927848900000e+02 7.38846230690740e+04
3.99990324900000e+02 7.50562620922143e+04
4.00052782100000e+02 7.60621527323333e+04
4.00115220500000e+02 7.64145296095820e+04
4.00177640200000e+02 7.59005958246180e+04
4.00240041000000e+02 7.47206110603840e+04
4.00302423100000e+02 7.34285105475663e+04
4.00364786400000e+02 7.23488005644374e+04
4.00427130900000e+02 7.15162230159223e+04
4.00489456500000e+02 7.09497654082371e+04
4.00551763400000e+02 7.05280862239563e+04
4.00614051400000e+02 7.03782155896828e+04
4.00676320600000e+02 7.07433798228056e+04
4.00738571000000e+02 7.16796170825043e+04
4.00800802600000e+02 7.29732872865494e+04
4.00863015300000e+02 7.43141517374912e+04
4.00925209100000e+02 7.54477741705804e+04
4.00987384200000e+02 7.62807500652909e+04
4.01049540300000e+02 7.68213610186553e+04
4.01111677600000e+02 7.71459510400227e+04
4.01173796100000e+02 7.74307398188985e+04
4.01235895600000e+02 7.76996892035905e+04
4.01297976300000e+02 7.78452989338467e+04
4.01360038100000e+02 7.78360630561390e+04
4.01422081000000e+02 7.76024327459307e+04
4.01484105100000e+02 7.72412134032158e+04
4.01546110200000e+02 7.70048783058290e+04
4.01608096400000e+02 7.70495327218159e+04
4.01670063700000e+02 7.72514186409556e+04
4.01732012100000e+02 7.73576322394853e+04
4.01793941600000e+02 7.73123507631367e+04
4.01855852200000e+02 7.73384475763725e+04
4.01917743800000e+02 7.75786504191075e+04
4.01979616500000e+02 7.80154368378283e+04
4.02041470200000e+02 7.83652317198511e+04
4.02103305000000e+02 7.83656064892841e+04
4.02165120900000e+02 7.81316758836870e+04
4.02226917800000e+02 7.78651136386483e+04
4.02288695700000e+02 7.77647552377584e+04
4.02350454700000e+02 7.78577582399059e+04
4.02412194700000e+02 7.81009788891047e+04
4.02473915700000e+02 7.84128648714078e+04
4.02535617700000e+02 7.86780464773774e+04
4.02597300800000e+02 7.88311007434347e+04
4.02658964800000e+02 7.87952865977246e+04
4.02720609900000e+02 7.83594894256514e+04
4.02782235900000e+02 7.74227770237970e+04
4.02843842900000e+02 7.61486816799962e+04
4.02905431000000e+02 7.46922507180037e+04
4.02967000000000e+02 7.31064675753927e+04
4.03028549900000e+02 7.14231516480312e+04
4.03090080900000e+02 6.98018279731864e+04
4.03151592800000e+02 6.84917261924918e+04
4.03213085600000e+02 6.78515291848008e+04
4.03274559400000e+02 6.79995818804563e+04
4.03336014200000e+02 6.87592527317079e+04
4.03397449900000e+02 6.99920527966296e+04
4.03458866500000e+02 7.15902052276955e+04
4.03520264100000e+02 7.34146517744460e+04
4.03581642600000e+02 7.51932881213382e+04
4.03643002000000e+02 7.66921452191789e+04
4.03704342300000e+02 7.78787090480493e+04
4.03765663600000e+02 7.87273027064413e+04
4.03826965700000e+02 7.92590784374547e+04
4.03888248800000e+02 7.95296822339468e+04
4.03949512700000e+02 7.95644513256526e+04
4.04010757500000e+02 7.92423844831370e+04
4.04071983200000e+02 7.83398421964946e+04
4.04133189800000e+02 7.67272950252251e+04
4.04194377300000e+02 7.45158884605098e+04
4.04255545600000e+02 7.20092356263692e+04
4.04316694800000e+02 6.96095116074600e+04
4.04377824800000e+02 6.76827080217887e+04
4.04438935700000e+02 6.62899653359576e+04
4.04500027500000e+02 6.54593252626894e+04
4.04561100100000e+02 6.52280108049747e+04
4.04622153500000e+02 6.56519272632926e+04
4.04683187700000e+02 6.68888411075245e+04
4.04744202800000e+02 6.89667406335032e+04
4.04805198700000e+02 7.14797651940524e+04
4.04866175400000e+02 7.37812498608700e+04
4.04927132900000e+02 7.53243838780648e+04
4.04988071200000e+02 7.60663540028367e+04
4.05048990300000e+02 7.63199472819953e+04
4.05109890200000e+02 7.62349848386865e+04
4.05170770900000e+02 7.58245950901308e+04
4.05231632400000e+02 7.51261470002039e+04
4.05292474600000e+02 7.42542911428248e+04
4.05353297600000e+02 7.33667947604214e+04
4.05414101400000e+02 7.25179876422068e+04
4.05474886000000e+02 7.16545027622652e+04
4.05535651300000e+02 7.08294645577878e+04
4.05596397300000e+02 7.02210238617772e+04
4.05657124100000e+02 7.00238617832470e+04
4.05717831600000e+02 7.02661177495588e+04
4.05778519900000e+02 7.06452580457174e+04
4.05839188900000e+02 7.08584276429684e+04
4.05899838600000e+02 7.07946753408627e+04
4.05960469000000e+02 7.04290402438667e+04
4.06021080200000e+02 6.97490146803533e+04
4.06081672000000e+02 6.88209609291596e+04
4.06142244600000e+02 6.78743788809271e+04
4.06202797800000e+02 6.70775872991920e+04
4.06263331800000e+02 6.63670621103791e+04
4.06323846400000e+02 6.56992554567821e+04
4.06384341700000e+02 6.51418553830470e+04
4.06444817700000e+02 6.50021267488619e+04
4.06505274300000e+02 6.56690836166261e+04
4.06565711600000e+02 6.71482722390284e+04
4.06626129600000e+02 6.89597460414539e+04
4.06686528200000e+02 7.04295791763212e+04
4.06746907500000e+02 7.11787171795387e+04
4.06807267400000e+02 7.12896809036608e+04
4.06867608000000e+02 7.10631731745980e+04
4.06927929200000e+02 7.08172886711905e+04
4.06988231000000e+02 7.07737688943063e+04
4.07048513400000e+02 7.08586237324216e+04
4.07108776500000e+02 7.08632554159087e+04
4.07169020100000e+02 7.06862471186431e+04
4.07229244400000e+02 7.03326600494933e+04
4.07289449300000e+02 7.00432571960977e+04
4.07349634700000e+02 6.98934733262753e+04
4.07409800800000e+02 6.97346280562183e+04
4.07469947400000e+02 6.93422710561331e+04
4.07530074600000e+02 6.86851889071667e+04
4.07590182400000e+02 6.80433477348144e+04
4.07650270800000e+02 6.76546231906774e+04
4.07710339700000e+02 6.76346311708779e+04
4.07770389200000e+02 6.80802457203948e+04
4.07830419200000e+02 6.90029255298534e+04
4.07890429800000e+02 7.03293383601216e+04
4.07950420900000e+02 7.18020867823656e+04
4.08010392500000e+02 7.30904486282091e+04
4.08070344700000e+02 7.40130342351476e+04
4.08130277400000e+02 7.45624094706643e+04
4.08190190600000e+02 7.47844499649364e+04
4.08250084400000e+02 7.47606980291436e+04
4.08309958600000e+02 7.46101580435350e+04
4.08369813400000e+02 7.45069722455659e+04
4.08429648600000e+02 7.46514306055292e+04
4.08489464400000e+02 7.51493224113152e+04
4.08549260600000e+02 7.59488967454508e+04
4.08609037300000e+02 7.69534214710291e+04
4.08668794500000e+02 7.80295130662910e+04
4.08728532200000e+02 7.90230161669328e+04
4.08788250300000e+02 7.98001104848248e+04
4.08847948900000e+02 8.02933271529475e+04
4.08907627900000e+02 8.04244791780062e+04
4.08967287400000e+02 8.02250644150626e+04
4.09026927400000e+02 7.98564769080192e+04
4.09086547800000e+02 7.94202050571769e+04
4.09146148600000e+02 7.88839149818611e+04
4.09205729800000e+02 7.81912537791653e+04
4.09265291500000e+02 7.73128196126074e+04
4.09324833600000e+02 7.62959566998040e+04
4.09384356100000e+02 7.53255284325648e+04
4.09443859000000e+02 7.44627331827210e+04
4.09503342300000e+02 7.35838339359975e+04
4.09562806000000e+02 7.25075944053971e+04
4.09622250100000e+02 7.12281915249883e+04
4.09681674600000e+02 6.97798325632551e+04
4.09741079500000e+02 6.81557845459086e+04
4.09800464700000e+02 6.63259402692063e+04
4.09859830300000e+02 6.43462175892710e+04
4.09919176300000e+02 6.24398452942881e+04
4.09978502700000e+02 6.08969560840531e+04
4.10037809400000e+02 5.98186053250078e+04
4.10097096400000e+02 5.92102540880134e+04
4.10156363800000e+02 5.90590535752209e+04
4.10215611500000e+02 5.94273230205848e+04
4.10274839600000e+02 6.04670030693806e+04
4.10334048000000e+02 6.21551458704424e+04
4.10393236700000e+02 6.42345778817940e+04
4.10452405700000e+02 6.63740327667382e+04
4.10511555000000e+02 6.82862560664781e+04
4.10570684700000e+02 6.98652385780014e+04
4.10629794600000e+02 7.11372279028232e+04
4.10688884900000e+02 7.20763240400085e+04
4.10747955400000e+02 7.27258460686416e+04
4.10807006200000e+02 7.31509809283145e+04
4.10866037300000e+02 7.34950662115918e+04
4.10925048700000e+02 7.38466054282274e+04
4.10984040300000e+02 7.42730435016577e+04
4.11043012200000e+02 7.47988123274597e+04
4.11101964400000e+02 7.54649778646298e+04
4.11160896800000e+02 7.62112134998967e+04
4.11219809400000e+02 7.70169702285002e+04
4.11278702300000e+02 7.78724290811042e+04
4.11337575500000e+02 7.87114289001008e+04
4.11396428800000e+02 7.94479519213373e+04
4.11455262400000e+02 7.99674227075102e+04
4.11514076300000e+02 8.00968302848840e+04
4.11572870300000e+02 7.98212065282655e+04
4.11631644500000e+02 7.93677053840808e+04
4.11690399000000e+02 7.89402818894017e+04
4.11749133600000e+02 7.85870794426132e+04
4.11807848500000e+02 7.82439899441140e+04
4.11866543500000e+02 7.78046113928009e+04
4.11925218700000e+02 7.73034462575113e+04
4.11983874100000e+02 7.69343299137580e+04
4.12042509700000e+02 7.68386854411279e+04
4.12101125400000e+02 7.70364495659361e+04
4.12159721300000e+02 7.73825416584940e+04
4.12218297400000e+02 7.76357785287314e+04
4.12276853600000e+02 7.76863112747666e+04
4.12335389900000e+02 7.75780218854776e+04
4.12393906400000e+02 7.73768975287134e+04
4.12452403000000e+02 7.71103346983164e+04
4.12510879800000e+02 7.68318558227533e+04
4.12569336700000e+02 7.66004064067187e+04
4.12627773700000e+02 7.63453411849972e+04
4.12686190800000e+02 7.60183173179815e+04
4.12744588000000e+02 7.56621222542870e+04
4.12802965300000e+02 7.52216905752010e+04
4.12861322800000e+02 7.46069955277272e+04
4.12919660300000e+02 7.38138957176429e+04
4.12977977900000e+02 7.29668363863405e+04
4.13036275600000e+02 7.22250767570256e+04
4.13094553300000e+02 7.16013670093559e+04
4.13152811200000e+02 7.11009102127493e+04
4.13211049100000e+02 7.08335571890461e+04
4.13269267000000e+02 7.08766325338923e+04
4.13327465100000e+02 7.12897941793919e+04
4.13385643100000e+02 7.21124633564614e+04
4.13443801200000e+02 7.32432363441918e+04
4.13501939400000e+02 7.45149291709199e+04
4.13560057600000e+02 7.58741120421528e+04
4.13618155800000e+02 7.73114656268719e+04
4.13676234000000e+02 7.87031717923260e+04
4.13734292300000e+02 7.97628384111881e+04
4.13792330500000e+02 8.03269268486307e+04
4.13850348800000e+02 8.04302594156951e+04
4.13908347100000e+02 8.00982861804060e+04
4.13966325400000e+02 7.92875946135815e+04
4.14024283600000e+02 7.80052933741976e+04
4.14082221900000e+02 7.64142331365977e+04
4.14140140100000e+02 7.49037980259312e+04
4.14198038300000e+02 7.37601351994713e+04
4.14255916500000e+02 7.29399287297098e+04
4.14313774600000e+02 7.23937382633034e+04
4.14371612700000e+02 7.21560041841728e+04
4.14429430800000e+02 7.22476942665351e+04
4.14487228800000e+02 7.27669521105838e+04
4.14545006700000e+02 7.36939431143107e+04
4.14602764600000e+02 7.47200809659297e+04
4.14660502400000e+02 7.55094070198700e+04
4.14718220200000e+02 7.59980525200956e+04
4.14775917900000e+02 7.62349543946923e+04
4.14833595400000e+02 7.63456971790183e+04
4.14891252900000e+02 7.63361018575572e+04
4.14948890300000e+02 7.61232859865933e+04
4.15006507600000e+02 7.57438566956173e+04
4.15064104800000e+02 7.52383260920523e+04
4.15121681900000e+02 7.46740900346472e+04
4.15179238900000e+02 7.41904424853236e+04
4.15236775700000e+02 7.37745791428501e+04
4.15294292400000e+02 7.33246261245051e+04
4.15351789000000e+02 7.28382177900298e+04
4.15409265500000e+02 7.24023332720718e+04
4.15466721800000e+02 7.20872931478007e+04
4.15524158000000e+02 7.19621805906021e+04
4.15581574000000e+02 7.21731111288230e+04
4.15638969800000e+02 7.27064669879639e+04
4.15696345500000e+02 7.33763862468934e+04
4.15753701000000e+02 7.40273415266897e+04
4.15811036400000e+02 7.47214846039970e+04
4.15868351600000e+02 7.55594521786239e+04
4.15925646500000e+02 7.65426954843003e+04
4.15982921300000e+02 7.75195986190889e+04
4.16040175900000e+02 7.83987415828907e+04
4.16097410300000e+02 7.91308247892049e+04
4.16154624500000e+02 7.96958433839110e+04
4.16211818500000e+02 8.00731835086927e+04
4.16268992200000e+02 8.03175042794900e+04
4.16326145800000e+02 8.04156834785942e+04
4.16383279100000e+02 8.02397609428255e+04
4.16440392200000e+02 7.96968310636067e+04
4.16497485000000e+02 7.90007827596496e+04
4.16554557600000e+02 7.84023577134114e+04
4.16611610000000e+02 7.79750862933039e+04
4.16668642000000e+02 7.76609460900092e+04
4.16725653900000e+02 7.73033852169924e+04
4.16782645400000e+02 7.67502650165602e+04
4.16839616700000e+02 7.59933195496843e+04
4.16896567800000e+02 7.51599513525396e+04
4.16953498500000e+02 7.43146268581277e+04
4.17010409000000e+02 7.34610393129571e+04
4.17067299100000e+02 7.25817047033821e+04
4.17124169000000e+02 7.17049535116210e+04
4.17181018500000e+02 7.09162764040658e+04
4.17237847800000e+02 7.02450146118236e+04
4.17294656700000e+02 6.97358552832131e+04
4.17351445400000e+02 6.94751939373484e+04
4.17408213700000e+02 6.94975988392601e+04
4.17464961600000e+02 6.97693888239230e+04
4.17521689300000e+02 7.02034226179802e+04
4.17578396600000e+02 7.07427148701865e+04
4.17635083500000e+02 7.13206281661463e+04
4.17691750100000e+02 7.18998780076121e+04
4.17748396400000e+02 7.24001576172808e+04
4.17805022300000e+02 7.26820289789293e+04
4.17861627800000e+02 7.27429481466647e+04
4.17918212900000e+02 7.26894599067969e+04
4.17974777700000e+02 7.26607770408986e+04
4.18031322100000e+02 7.26993530975229e+04
4.18087846100000e+02 7.27588311247102e+04
4.18144349700000e+02 7.28023555197008e+04
4.18200832900000e+02 7.28051495832942e+04
4.18257295700000e+02 7.27366058218317e+04
4.18313738100000e+02 7.25762554103652e+04
4.18370160100000e+02 7.22937236898569e+04
4.18426561600000e+02 7.18730748687701e+04
4.18482942800000e+02 7.14030779711796e+04
4.18539303500000e+02 7.10703644421001e+04
4.18595643700000e+02 7.09684952043021e+04
4.18651963500000e+02 7.10440803640384e+04
4.18708262900000e+02 7.11293516721039e+04
4.18764541900000e+02 7.11336625645873e+04
4.18820800300000e+02 7.11799320139662e+04
4.18877038300000e+02 7.15178879681484e+04
4.18933255900000e+02 7.23079732609689e+04
4.18989452900000e+02 7.34610518134422e+04
4.19045629500000e+02 7.46859216107315e+04
4.19101785600000e+02 7.56869477966318e+04
4.19157921200000e+02 7.62456087955534e+04
4.19214036400000e+02 7.63023502331040e+04
4.19270131000000e+02 7.60431829398330e+04
4.19326205100000e+02 7.56870604823360e+04
4.19382258700000e+02 7.52557820499170e+04
4.19438291800000e+02 7.45928474401116e+04
4.19494304400000e+02 7.35698553630060e+04
4.19550296400000e+02 7.21841371284834e+04
4.19606267900000e+02 7.07616126294529e+04
4.19662218900000e+02 6.96053963233380e+04
4.19718149300000e+02 6.87799545106903e+04
4.19774059200000e+02 6.82059954654357e+04
4.19829948500000e+02 6.77360360290295e+04
4.19885817300000e+02 6.72658372001747e+04
4.19941665500000e+02 6.69206107785721e+04
4.19997493100000e+02 6.69933714515123e+04
4.20053300200000e+02 6.75135827633651e+04
4.20109086700000e+02 6.82592075119273e+04
4.20164852600000e+02 6.90504300935310e+04
4.20220597900000e+02 6.97981522761237e+04
4.20276322600000e+02 7.06016579503902e+04
4.20332026700000e+02 7.16198551935654e+04
4.20387710200000e+02 7.27954312572610e+04
4.20443373100000e+02 7.40167105508261e+04
4.20499015300000e+02 7.51611819255372e+04
4.20554637000000e+02 7.60954604633923e+04
4.20610238000000e+02 7.67922095789247e+04
4.20665818400000e+02 7.73138619152436e+04
4.20721378100000e+02 7.76312803931010e+04
4.20776917200000e+02 7.78131517080047e+04
4.20832435700000e+02 7.80204138196738e+04
4.20887933500000e+02 7.82986337221872e+04
4.20943410600000e+02 7.85900069755228e+04
4.20998867100000e+02 7.88137672632616e+04
4.21054302900000e+02 7.88822280015282e+04
4.21109718000000e+02 7.87969575106409e+04
4.21165112500000e+02 7.85971647082753e+04
4.21220486200000e+02 7.82204960307443e+04
4.21275839300000e+02 7.76204974462513e+04
4.21331171700000e+02 7.69053607861028e+04
4.21386483300000e+02 7.62016427549752e+04
4.21441774300000e+02 7.55685161656642e+04
4.21497044500000e+02 7.50710893972415e+04
4.21552294100000e+02 7.47057086845538e+04
4.21607522900000e+02 7.44502965712910e+04
4.21662730900000e+02 7.44248035803267e+04
4.21717918300000e+02 7.48126427652775e+04
4.21773084900000e+02 7.55807887189494e+04
4.21828230700000e+02 7.65178280742760e+04
4.21883355800000e+02 7.73179853166989e+04
4.21938460200000e+02 7.77752338818262e+04
4.21993543700000e+02 7.78782094127304e+04
4.22048606600000e+02 7.76447745923704e+04
4.22103648600000e+02 7.70229051827071e+04
4.22158669900000e+02 7.59589231561362e+04
4.22213670400000e+02 7.43551681863875e+04
4.22268650000000e+02 7.21440315949273e+04
4.22323608900000e+02 6.94454241373903e+04
4.22378547000000e+02 6.65880060196909e+04
4.22433464300000e+02 6.40124651199637e+04
4.22488360800000e+02 6.21128075076807e+04
4.22543236500000e+02 6.10762212452636e+04
4.22598091400000e+02 6.08481528982132e+04
4.22652925400000e+02 6.12629948228048e+04
4.22707738600000e+02 6.21733752095349e+04
4.22762530900000e+02 6.36135264823750e+04
4.22817302400000e+02 6.56148333509740e+04
4.22872053100000e+02 6.80440064186474e+04
4.22926782900000e+02 7.05116262039820e+04
4.22981491900000e+02 7.25253265553010e+04
4.23036180000000e+02 7.38052261669550e+04
4.23090847200000e+02 7.44805178607566e+04
4.23145493600000e+02 7.47655975686198e+04
4.23200119000000e+02 7.46971433730959e+04
4.23254723600000e+02 7.41973158534701e+04
4.23309307300000e+02 7.33140744551198e+04
4.23363870100000e+02 7.22531014817237e+04
4.23418412100000e+02 7.13083821933758e+04
4.23472933100000e+02 7.06680374579282e+04
4.23527433100000e+02 7.03047135092493e+04
4.23581912300000e+02 7.00245190271100e+04
4.23636370600000e+02 6.96993683840365e+04
4.23690807900000e+02 6.94568198935024e+04
4.23745224300000e+02 6.95339714528008e+04
4.23799619700000e+02 7.00522866801735e+04
4.23853994200000e+02 7.08416816386443e+04
4.23908347800000e+02 7.15894119779512e+04
4.23962680400000e+02 7.21437221917383e+04
4.24016992100000e+02 7.26011168010440e+04
4.24071282700000e+02 7.31254296732181e+04
4.24125552500000e+02 7.38225522724348e+04
4.24179801200000e+02 7.46546588473766e+04
4.24234029000000e+02 7.53979670194866e+04
4.24288235700000e+02 7.58320682703376e+04
4.24342421500000e+02 7.59101922265988e+04
4.24396586300000e+02 7.56869829713778e+04
4.24450730100000e+02 7.53306762079316e+04
4.24504852900000e+02 7.49095594103831e+04
4.24558954600000e+02 7.43087823354815e+04
4.24613035400000e+02 7.34197190447865e+04
4.24667095100000e+02 7.22870689627646e+04
4.24721133800000e+02 7.10331160014641e+04
4.24775151400000e+02 6.98758089807090e+04
4.24829148100000e+02 6.90814588308211e+04
4.24883123600000e+02 6.87708673954641e+04
4.24937078200000e+02 6.88778103353541e+04
4.24991011600000e+02 6.92123303007734e+04
4.25044924000000e+02 6.95303168455078e+04
4.25098815400000e+02 6.97060192291828e+04
4.25152685700000e+02 6.98285379816946e+04
4.25206534900000e+02 7.01345139935678e+04
