2.78192030800000e+02 0.00000000000000e+00
2.78278108200000e+02 0.00000000000000e+00
2.78364175100000e+02 0.00000000000000e+00
2.78450231700000e+02 0.00000000000000e+00
2.78536277800000e+02 0.00000000000000e+00
2.78622313500000e+02 0.00000000000000e+00
2.78708338700000e+02 0.00000000000000e+00
2.78794353500000e+02 0.00000000000000e+00
2.78880357800000e+02 0.00000000000000e+00
2.78966351700000e+02 0.00000000000000e+00
2.79052335200000e+02 0.00000000000000e+00
2.79138308100000e+02 0.00000000000000e+00
2.79224270600000e+02 0.00000000000000e+00
2.79310222700000e+02 0.00000000000000e+00
2.79396164200000e+02 0.00000000000000e+00
2.79482095300000e+02 0.00000000000000e+00
2.79568015800000e+02 0.00000000000000e+00
2.79653925900000e+02 0.00000000000000e+00
2.79739825500000e+02 0.00000000000000e+00
2.79825714600000e+02 0.00000000000000e+00
2.79911593200000e+02 0.00000000000000e+00
2.79997461200000e+02 0.00000000000000e+00
2.80083318800000e+02 0.00000000000000e+00
2.80169165800000e+02 0.00000000000000e+00
2.80255002300000e+02 0.00000000000000e+00
2.80340828200000e+02 0.00000000000000e+00
2.80426643700000e+02 0.00000000000000e+00
2.80512448500000e+02 0.00000000000000e+00
2.80598242900000e+02 0.00000000000000e+00
2.80684026700000e+02 0.00000000000000e+00
2.80769799900000e+02 0.00000000000000e+00
2.80855562500000e+02 0.00000000000000e+00
2.80941314600000e+02 0.00000000000000e+00
2.81027056200000e+02 0.00000000000000e+00
2.81112787100000e+02 0.00000000000000e+00
2.81198507500000e+02 0.00000000000000e+00
2.81284217200000e+02 0.00000000000000e+00
2.81369916400000e+02 0.00000000000000e+00
2.81455605000000e+02 0.00000000000000e+00
2.81541283000000e+02 0.00000000000000e+00
2.81626950400000e+02 0.00000000000000e+00
2.81712607200000e+02 0.00000000000000e+00
2.81798253300000e+02 0.00000000000000e+00
2.81883888900000e+02 0.00000000000000e+00
2.81969513800000e+02 0.00000000000000e+00
2.82055128100000e+02 0.00000000000000e+00
2.82140731700000e+02 0.00000000000000e+00
2.82226324700000e+02 0.00000000000000e+00
2.82311907100000e+02 0.00000000000000e+00
2.82397478800000e+02 0.00000000000000e+00
2.82483039800000e+02 0.00000000000000e+00
2.82568590200000e+02 0.00000000000000e+00
2.82654129900000e+02 0.00000000000000e+00
2.82739659000000e+02 0.00000000000000e+00
2.82825177400000e+02 0.00000000000000e+00
2.82910685100000e+02 0.00000000000000e+00
2.82996182100000e+02 0.00000000000000e+00
2.83081668400000e+02 0.00000000000000e+00
2.83167144100000e+02 0.00000000000000e+00
2.83252609000000e+02 0.00000000000000e+00
2.83338063200000e+02 0.00000000000000e+00
2.83423506700000e+02 0.00000000000000e+00
2.83508939600000e+02 0.00000000000000e+00
2.83594361600000e+02 0.00000000000000e+00
2.83679773000000e+02 0.00000000000000e+00
2.83765173600000e+02 0.00000000000000e+00
2.83850563500000e+02 0.00000000000000e+00
2.83935942700000e+02 0.00000000000000e+00
2.84021311100000e+02 0.00000000000000e+00
2.84106668800000e+02 0.00000000000000e+00
2.84192015700000e+02 0.00000000000000e+00
2.84277351900000e+02 0.00000000000000e+00
2.84362677300000e+02 0.00000000000000e+00
2.84447991900000e+02 0.00000000000000e+00
2.84533295700000e+02 0.00000000000000e+00
2.84618588800000e+02 0.00000000000000e+00
2.84703871100000e+02 0.00000000000000e+00
2.84789142600000e+02 0.00000000000000e+00
2.84874403300000e+02 0.00000000000000e+00
2.84959653200000e+02 0.00000000000000e+00
2.85044892400000e+02 0.00000000000000e+00
2.85130120700000e+02 0.00000000000000e+00
2.85215338200000e+02 0.00000000000000e+00
2.85300544800000e+02 0.00000000000000e+00
2.85385740700000e+02 0.00000000000000e+00
2.85470925700000e+02 0.00000000000000e+00
2.85556099900000e+02 0.00000000000000e+00
2.85641263300000e+02 0.00000000000000e+00
2.85726415800000e+02 0.00000000000000e+00
2.85811557500000e+02 0.00000000000000e+00
2.85896688300000e+02 0.00000000000000e+00
2.85981808200000e+02 0.00000000000000e+00
2.86066917300000e+02 0.00000000000000e+00
2.86152015600000e+02 0.00000000000000e+00
2.86237102900000e+02 0.00000000000000e+00
2.86322179400000e+02 0.00000000000000e+00
2.86407245000000e+02 0.00000000000000e+00
2.86492299700000e+02 0.00000000000000e+00
2.86577343600000e+02 0.00000000000000e+00
2.86662376500000e+02 0.00000000000000e+00
2.86747398500000e+02 0.00000000000000e+00
2.86832409700000e+02 0.00000000000000e+00
2.86917409900000e+02 0.00000000000000e+00
2.87002399200000e+02 0.00000000000000e+00
2.87087377600000e+02 0.00000000000000e+00
2.87172345000000e+02 0.00000000000000e+00
2.87257301500000e+02 0.00000000000000e+00
2.87342247100000e+02 0.00000000000000e+00
2.87427181800000e+02 0.00000000000000e+00
2.87512105500000e+02 0.00000000000000e+00
2.87597018200000e+02 0.00000000000000e+00
2.87681920000000e+02 0.00000000000000e+00
2.87766810900000e+02 0.00000000000000e+00
2.87851690700000e+02 0.00000000000000e+00
2.87936559700000e+02 0.00000000000000e+00
2.88021417600000e+02 0.00000000000000e+00
2.88106264500000e+02 0.00000000000000e+00
2.88191100500000e+02 0.00000000000000e+00
2.88275925500000e+02 0.00000000000000e+00
2.88360739500000e+02 0.00000000000000e+00
2.88445542500000e+02 0.00000000000000e+00
2.88530334400000e+02 0.00000000000000e+00
2.88615115400000e+02 0.00000000000000e+00
2.88699885400000e+02 0.00000000000000e+00
2.88784644300000e+02 0.00000000000000e+00
2.88869392200000e+02 0.00000000000000e+00
2.88954129100000e+02 0.00000000000000e+00
2.89038855000000e+02 0.00000000000000e+00
2.89123569800000e+02 0.00000000000000e+00
2.89208273600000e+02 0.00000000000000e+00
2.89292966300000e+02 0.00000000000000e+00
2.89377648000000e+02 0.00000000000000e+00
2.89462318600000e+02 0.00000000000000e+00
2.89546978200000e+02 0.00000000000000e+00
2.89631626600000e+02 0.00000000000000e+00
2.89716264100000e+02 0.00000000000000e+00
2.89800890400000e+02 0.00000000000000e+00
2.89885505600000e+02 0.00000000000000e+00
2.89970109800000e+02 0.00000000000000e+00
2.90054702900000e+02 0.00000000000000e+00
2.90139284900000e+02 0.00000000000000e+00
2.90223855700000e+02 0.00000000000000e+00
2.90308415500000e+02 0.00000000000000e+00
2.90392964200000e+02 0.00000000000000e+00
2.90477501700000e+02 0.00000000000000e+00
2.90562028100000e+02 0.00000000000000e+00
2.90646543400000e+02 0.00000000000000e+00
2.90731047600000e+02 0.00000000000000e+00
2.90815540600000e+02 0.00000000000000e+00
2.90900022500000e+02 0.00000000000000e+00
2.90984493200000e+02 0.00000000000000e+00
2.91068952800000e+02 0.00000000000000e+00
2.91153401200000e+02 0.00000000000000e+00
2.91237838500000e+02 0.00000000000000e+00
2.91322264600000e+02 0.00000000000000e+00
2.91406679500000e+02 0.00000000000000e+00
2.91491083300000e+02 0.00000000000000e+00
2.91575475900000e+02 0.00000000000000e+00
2.91659857300000e+02 0.00000000000000e+00
2.91744227500000e+02 0.00000000000000e+00
2.91828586500000e+02 0.00000000000000e+00
2.91912934300000e+02 0.00000000000000e+00
2.91997270900000e+02 0.00000000000000e+00
2.92081596300000e+02 0.00000000000000e+00
2.92165910400000e+02 0.00000000000000e+00
2.92250213400000e+02 0.00000000000000e+00
2.92334505100000e+02 0.00000000000000e+00
2.92418785600000e+02 0.00000000000000e+00
2.92503054900000e+02 0.00000000000000e+00
2.92587312900000e+02 0.00000000000000e+00
2.92671559700000e+02 0.00000000000000e+00
2.92755795200000e+02 0.00000000000000e+00
2.92840019500000e+02 0.00000000000000e+00
2.92924232500000e+02 0.00000000000000e+00
2.93008434300000e+02 0.00000000000000e+00
2.93092624800000e+02 0.00000000000000e+00
2.93176804000000e+02 0.00000000000000e+00
2.93260971900000e+02 0.00000000000000e+00
2.93345128600000e+02 0.00000000000000e+00
2.93429273900000e+02 0.00000000000000e+00
2.93513408000000e+02 0.00000000000000e+00
2.93597530800000e+02 0.00000000000000e+00
2.93681642200000e+02 0.00000000000000e+00
2.93765742400000e+02 0.00000000000000e+00
2.93849831200000e+02 0.00000000000000e+00
2.93933908800000e+02 0.00000000000000e+00
2.94017975000000e+02 0.00000000000000e+00
2.94102029800000e+02 0.00000000000000e+00
2.94186073400000e+02 3.11752296961618e-26
2.94270105600000e+02 3.37284561321495e-27
2.94354126500000e+02 2.26494559480419e-27
2.94438136000000e+02 1.85914570413356e-27
2.94522134100000e+02 1.67719508727998e-27
2.94606120900000e+02 1.68146998236596e-27
2.94690096400000e+02 1.70544625707624e-27
2.94774060500000e+02 1.72902446906095e-27
2.94858013200000e+02 1.94653796444508e-27
2.94941954500000e+02 2.37840517694588e-27
2.95025884400000e+02 2.37510941678939e-27
2.95109803000000e+02 2.41137410917400e-27
2.95193710200000e+02 2.56469648441677e-27
2.95277605900000e+02 2.74398664710000e-27
2.95361490300000e+02 3.12822942323118e-27
2.95445363300000e+02 3.50072364254906e-27
2.95529224800000e+02 3.33859491979145e-27
2.95613075000000e+02 3.02472000378743e-27
2.95696913700000e+02 2.74340515613347e-27
2.95780741000000e+02 2.39470864792557e-27
2.95864556800000e+02 2.03832846662998e-27
2.95948361200000e+02 1.80881145071043e-27
2.96032154200000e+02 1.70106227433559e-27
2.96115935800000e+02 1.69485663182766e-27
2.96199705800000e+02 1.76395889635022e-27
2.96283464500000e+02 1.89396172961891e-27
2.96367211600000e+02 2.17342467714921e-27
2.96450947300000e+02 2.55788157811247e-27
2.96534671600000e+02 2.90493313528361e-27
2.96618384300000e+02 3.19654613354639e-27
2.96702085600000e+02 3.46889150771982e-27
2.96785775400000e+02 3.69130224600548e-27
2.96869453700000e+02 3.81410810661894e-27
2.96953120500000e+02 3.80505724571665e-27
2.97036775800000e+02 3.78700822989559e-27
2.97120419600000e+02 3.77468141560408e-27
2.97204051900000e+02 3.65726714210786e-27
2.97287672700000e+02 3.48751952937132e-27
2.97371282000000e+02 3.31500764568186e-27
2.97454879700000e+02 3.12496085597558e-27
2.97538465900000e+02 2.88907798623893e-27
2.97622040600000e+02 2.65760232596350e-27
2.97705603700000e+02 2.56527021485040e-27
2.97789155300000e+02 2.61001662803114e-27
2.97872695300000e+02 2.76763546939304e-27
2.97956223800000e+02 3.03906476427800e-27
2.98039740800000e+02 3.42768593828510e-27
2.98123246100000e+02 3.90318641171714e-27
2.98206739900000e+02 4.34598588203940e-27
2.98290222200000e+02 4.70465437801244e-27
2.98373692800000e+02 4.93613351403168e-27
2.98457151900000e+02 5.00475125393819e-27
2.98540599300000e+02 4.95350782764718e-27
2.98624035200000e+02 4.70783012814277e-27
2.98707459500000e+02 4.34533747801776e-27
2.98790872200000e+02 3.97029465090165e-27
2.98874273300000e+02 3.64012727057948e-27
2.98957662700000e+02 3.41667023107950e-27
2.99041040600000e+02 3.27647927879431e-27
2.99124406800000e+02 3.25692485695938e-27
2.99207761400000e+02 3.32574776656924e-27
2.99291104300000e+02 3.36717756841895e-27
2.99374435700000e+02 3.36582137539504e-27
2.99457755300000e+02 3.35682488686088e-27
2.99541063400000e+02 3.38528028896391e-27
2.99624359800000e+02 3.53265146973300e-27
2.99707644500000e+02 3.76893200517476e-27
2.99790917600000e+02 4.10407178910888e-27
2.99874179000000e+02 4.53132122297036e-27
2.99957428700000e+02 4.93068468626641e-27
3.00040666700000e+02 5.28752355968282e-27
3.00123893100000e+02 5.48247019697497e-27
3.00207107800000e+02 5.40270589945426e-27
3.00290310800000e+02 5.15587906345242e-27
3.00373502100000e+02 4.82723513895628e-27
3.00456681700000e+02 4.58891662118860e-27
3.00539849500000e+02 4.39012080552144e-27
3.00623005700000e+02 4.19197132257205e-27
3.00706150200000e+02 4.05798415234327e-27
3.00789282900000e+02 3.96139266059291e-27
3.00872403900000e+02 3.88336825545338e-27
3.00955513200000e+02 3.78922103464554e-27
3.01038610800000e+02 3.60141229746295e-27
3.01121696600000e+02 3.38303923643753e-27
3.01204770700000e+02 3.23605633615531e-27
3.01287833000000e+02 3.19156042920333e-27
3.01370883500000e+02 3.28691232111920e-27
3.01453922300000e+02 3.50718540648401e-27
3.01536949400000e+02 3.90241440481554e-27
3.01619964600000e+02 4.46718426066535e-27
3.01702968100000e+02 5.18671622836263e-27
3.01785959800000e+02 6.03574024715295e-27
3.01868939800000e+02 6.79244889507649e-27
3.01951907900000e+02 7.13063078418625e-27
3.02034864200000e+02 7.11731606712612e-27
3.02117808800000e+02 6.98878581576276e-27
3.02200741500000e+02 6.75667643362162e-27
3.02283662400000e+02 6.36634193073714e-27
3.02366571600000e+02 5.71927193552560e-27
3.02449468900000e+02 5.08266988061429e-27
3.02532354300000e+02 4.64215377002218e-27
3.02615228000000e+02 4.35367392921027e-27
3.02698089800000e+02 4.14900494643303e-27
3.02780939800000e+02 3.98858828241709e-27
3.02863777900000e+02 3.75861651765543e-27
3.02946604200000e+02 3.54621935787073e-27
3.03029418600000e+02 3.42543386332621e-27
3.03112221200000e+02 3.37662301008768e-27
3.03195011900000e+02 3.38099663278313e-27
3.03277790700000e+02 3.40870441901739e-27
3.03360557700000e+02 3.51003567889568e-27
3.03443312800000e+02 3.75483203784138e-27
3.03526056000000e+02 4.13608956401258e-27
3.03608787300000e+02 4.44999977870545e-27
3.03691506700000e+02 4.68703160313583e-27
3.03774214300000e+02 4.96055756599957e-27
3.03856909900000e+02 5.25119780420744e-27
3.03939593600000e+02 5.42804271452862e-27
3.04022265400000e+02 5.30390166288113e-27
3.04104925300000e+02 5.06049296544173e-27
3.04187573300000e+02 4.91541281827999e-27
3.04270209300000e+02 4.80327359442609e-27
3.04352833400000e+02 4.68254366177437e-27
3.04435445600000e+02 4.61462164274817e-27
3.04518045800000e+02 4.59073262935422e-27
3.04600634100000e+02 4.54462797700302e-27
3.04683210400000e+02 4.44637201378005e-27
3.04765774800000e+02 4.35677785864114e-27
3.04848327200000e+02 4.29131818151962e-27
3.04930867700000e+02 4.14423975988432e-27
3.05013396200000e+02 3.85641299321832e-27
3.05095912700000e+02 3.61939899304423e-27
3.05178417200000e+02 3.58368861334411e-27
3.05260909700000e+02 3.66645724599388e-27
3.05343390300000e+02 3.81255056254566e-27
3.05425858800000e+02 4.15435639424195e-27
3.05508315400000e+02 4.69806981852773e-27
3.05590759900000e+02 5.19369895727273e-27
3.05673192400000e+02 5.49191534644393e-27
3.05755613000000e+02 5.57928705582278e-27
3.05838021500000e+02 5.50462990870889e-27
3.05920417900000e+02 5.32586840765555e-27
3.06002802400000e+02 4.96302103542998e-27
3.06085174800000e+02 4.52551090652409e-27
3.06167535200000e+02 4.16294855164465e-27
3.06249883500000e+02 3.92502939146271e-27
3.06332219800000e+02 3.91272231036420e-27
3.06414544000000e+02 4.08342528625856e-27
3.06496856100000e+02 4.26740426811045e-27
3.06579156200000e+02 4.35037045326350e-27
3.06661444300000e+02 4.30287603442596e-27
3.06743720200000e+02 4.17633434268996e-27
3.06825984100000e+02 4.03744548758674e-27
3.06908235900000e+02 3.85804177228744e-27
3.06990475600000e+02 3.65456239791378e-27
3.07072703200000e+02 3.49867448993014e-27
3.07154918700000e+02 3.44259916351675e-27
3.07237122100000e+02 3.51916954712024e-27
3.07319313400000e+02 3.66531930406448e-27
3.07401492600000e+02 3.74857398311025e-27
3.07483659600000e+02 3.74916245194033e-27
3.07565814600000e+02 3.74832988522188e-27
3.07647957400000e+02 3.77353198230362e-27
3.07730088100000e+02 3.78091704626518e-27
3.07812206600000e+02 3.76412136134836e-27
3.07894313000000e+02 3.81158254836708e-27
3.07976407300000e+02 3.94089140547436e-27
3.08058489400000e+02 4.00294449680586e-27
3.08140559300000e+02 3.95091264833772e-27
3.08222617100000e+02 3.86013751071652e-27
3.08304662700000e+02 3.73906967848862e-27
3.08386696100000e+02 3.59861386462728e-27
3.08468717400000e+02 3.43710099737961e-27
3.08550726500000e+02 3.30672857660647e-27
3.08632723400000e+02 3.24734686824557e-27
3.08714708100000e+02 3.31841590869975e-27
3.08796680600000e+02 3.57796337119090e-27
3.08878640900000e+02 3.97884257354771e-27
3.08960589000000e+02 4.46033121606105e-27
3.09042524900000e+02 4.93022089683411e-27
3.09124448500000e+02 5.21634095691683e-27
3.09206360000000e+02 5.29496704261663e-27
3.09288259200000e+02 5.27647109399065e-27
3.09370146200000e+02 5.21121061573471e-27
3.09452020900000e+02 5.09801208198205e-27
3.09533883500000e+02 4.83967000832139e-27
3.09615733700000e+02 4.55482031095599e-27
3.09697571700000e+02 4.58468700090750e-27
3.09779397500000e+02 4.85611603712289e-27
3.09861211000000e+02 5.15746154240348e-27
3.09943012200000e+02 5.32384311960201e-27
3.10024801200000e+02 5.30281824400225e-27
3.10106577900000e+02 5.17690042113325e-27
3.10188342300000e+02 4.95621578093780e-27
3.10270094400000e+02 4.58666532734958e-27
3.10351834200000e+02 4.11884575881060e-27
3.10433561800000e+02 3.61542757587472e-27
3.10515277000000e+02 3.15545048142282e-27
3.10596979900000e+02 2.86253687538449e-27
3.10678670600000e+02 2.71685088508317e-27
3.10760348900000e+02 2.67268173689097e-27
3.10842014900000e+02 2.67211459913016e-27
3.10923668500000e+02 2.67664204803691e-27
3.11005309900000e+02 2.70668348892981e-27
3.11086938800000e+02 2.77413993034555e-27
3.11168555500000e+02 2.87355225004412e-27
3.11250159800000e+02 2.94820819680302e-27
3.11331751800000e+02 2.98550859936316e-27
3.11413331400000e+02 3.06624908779058e-27
3.11494898700000e+02 3.18942621831702e-27
3.11576453500000e+02 3.34033310205070e-27
3.11657996100000e+02 3.48606147171824e-27
3.11739526200000e+02 3.61695157597072e-27
3.11821044000000e+02 3.74930783559786e-27
3.11902549400000e+02 3.81590375942302e-27
3.11984042400000e+02 3.79403335172527e-27
3.12065523000000e+02 3.72386168567049e-27
3.12146991200000e+02 3.63755914370859e-27
3.12228447000000e+02 3.58453470310405e-27
3.12309890400000e+02 3.54111909918430e-27
3.12391321300000e+02 3.44679654435330e-27
3.12472739900000e+02 3.32487874281087e-27
3.12554146100000e+02 3.23955714059009e-27
3.12635539800000e+02 3.21116531843261e-27
3.12716921000000e+02 3.19039198715262e-27
3.12798289900000e+02 3.11555370889382e-27
3.12879646300000e+02 3.04757658159638e-27
3.12960990200000e+02 3.05085878232002e-27
3.13042321700000e+02 3.12770718902325e-27
3.13123640800000e+02 3.24117418977728e-27
3.13204947400000e+02 3.33225789282956e-27
3.13286241500000e+02 3.34970290719459e-27
3.13367523100000e+02 3.31559860139226e-27
3.13448792300000e+02 3.25414354550062e-27
3.13530049000000e+02 3.13217233216202e-27
3.13611293200000e+02 2.96463694998870e-27
3.13692524900000e+02 2.76544724720490e-27
3.13773744100000e+02 2.61927970767081e-27
3.13854950800000e+02 2.54999212506431e-27
3.13936145000000e+02 2.55365084609338e-27
3.14017326700000e+02 2.69308031913315e-27
3.14098495900000e+02 2.97589084569901e-27
3.14179652500000e+02 3.29845533078736e-27
3.14260796700000e+02 3.53855626605478e-27
3.14341928300000e+02 3.68684072313016e-27
3.14423047300000e+02 3.77712175169685e-27
3.14504153900000e+02 3.79396279378213e-27
3.14585247800000e+02 3.67958310472532e-27
3.14666329300000e+02 3.41518770043948e-27
3.14747398100000e+02 3.12061815230318e-27
3.14828454400000e+02 2.88806618126289e-27
3.14909498200000e+02 2.73550469858011e-27
3.14990529400000e+02 2.63894012838197e-27
3.15071548000000e+02 2.58132332403452e-27
3.15152554000000e+02 2.59313435927339e-27
3.15233547400000e+02 2.66578691486211e-27
3.15314528300000e+02 2.77032572667185e-27
3.15395496500000e+02 2.92306539451870e-27
3.15476452200000e+02 3.11467112956741e-27
3.15557395200000e+02 3.33146184642872e-27
3.15638325700000e+02 3.54571675698197e-27
3.15719243500000e+02 3.71043837314003e-27
3.15800148700000e+02 3.84211087060306e-27
3.15881041300000e+02 3.95022904506604e-27
3.15961921200000e+02 3.97500083222084e-27
3.16042788600000e+02 3.88133093113587e-27
3.16123643200000e+02 3.70315475671788e-27
3.16204485300000e+02 3.49736848535448e-27
3.16285314700000e+02 3.32340258151890e-27
3.16366131400000e+02 3.15385043525328e-27
3.16446935500000e+02 2.97973687394469e-27
3.16527726900000e+02 2.84619277701284e-27
3.16608505600000e+02 2.77749594756397e-27
3.16689271700000e+02 2.71835401651562e-27
3.16770025100000e+02 2.63784556784280e-27
3.16850765800000e+02 2.55080927251124e-27
3.16931493800000e+02 2.46151327341884e-27
3.17012209200000e+02 2.38661954983013e-27
3.17092911800000e+02 2.30054658537717e-27
3.17173601700000e+02 2.22852469120090e-27
3.17254278900000e+02 2.21576964872268e-27
3.17334943500000e+02 2.24932865756881e-27
3.17415595200000e+02 2.31787380543421e-27
3.17496234300000e+02 2.44190078186089e-27
3.17576860700000e+02 2.64945915794034e-27
3.17657474300000e+02 2.91972955806763e-27
3.17738075100000e+02 3.20881387907959e-27
3.17818663300000e+02 3.45602943465068e-27
3.17899238700000e+02 3.67067695223171e-27
3.17979801300000e+02 3.83244015222757e-27
3.18060351200000e+02 3.90533556053718e-27
3.18140888300000e+02 3.89164166910201e-27
3.18221412600000e+02 3.76362076182111e-27
3.18301924200000e+02 3.57264365652848e-27
3.18382423000000e+02 3.35161911782047e-27
3.18462909000000e+02 3.13534944064426e-27
3.18543382300000e+02 2.96015771047790e-27
3.18623842700000e+02 2.81128831139524e-27
3.18704290400000e+02 2.69839317525468e-27
3.18784725200000e+02 2.65850800653423e-27
3.18865147300000e+02 2.71898776416322e-27
3.18945556500000e+02 2.84254580804252e-27
3.19025952900000e+02 3.00792669528028e-27
3.19106336500000e+02 3.17063025167336e-27
3.19186707300000e+02 3.30542486793392e-27
3.19267065200000e+02 3.43188527374666e-27
3.19347410300000e+02 3.52617661445828e-27
3.19427742600000e+02 3.58541584569263e-27
3.19508062000000e+02 3.56896644605768e-27
3.19588368600000e+02 3.44961328678303e-27
3.19668662300000e+02 3.35143535019945e-27
3.19748943100000e+02 3.31287751474085e-27
3.19829211100000e+02 3.25408084864522e-27
3.19909466300000e+02 3.12943294834142e-27
3.19989708500000e+02 2.95604462811389e-27
3.20069937900000e+02 2.81113640772835e-27
3.20150154400000e+02 2.68706436072609e-27
3.20230357900000e+02 2.53806420546993e-27
3.20310548600000e+02 2.37201183409000e-27
3.20390726400000e+02 2.24067704069233e-27
3.20470891300000e+02 2.16787877549762e-27
3.20551043300000e+02 2.14476252027550e-27
3.20631182400000e+02 2.20441679801245e-27
3.20711308600000e+02 2.34413610136700e-27
3.20791421800000e+02 2.52485884544679e-27
3.20871522100000e+02 2.74052423106608e-27
3.20951609500000e+02 2.97617492829067e-27
3.21031683900000e+02 3.20054296884119e-27
3.21111745400000e+02 3.40131695944338e-27
3.21191793900000e+02 3.54303416120050e-27
3.21271829500000e+02 3.58937591256868e-27
3.21351852200000e+02 3.56039480071303e-27
3.21431861800000e+02 3.48972674810463e-27
3.21511858500000e+02 3.37666238452199e-27
3.21591842200000e+02 3.22325785799969e-27
3.21671813000000e+02 3.04340213853779e-27
3.21751770800000e+02 2.88616646229818e-27
3.21831715500000e+02 2.78105693407474e-27
3.21911647300000e+02 2.72793490835167e-27
3.21991566100000e+02 2.69958403229810e-27
3.22071471900000e+02 2.69235039937438e-27
3.22151364700000e+02 2.72234777460403e-27
3.22231244500000e+02 2.78117086131487e-27
3.22311111200000e+02 2.88946454029369e-27
3.22390965000000e+02 3.02534889776575e-27
3.22470805700000e+02 3.12961452639545e-27
3.22550633300000e+02 3.24219543969922e-27
3.22630448000000e+02 3.37953639454814e-27
3.22710249600000e+02 3.49533391623965e-27
3.22790038100000e+02 3.53432653521113e-27
3.22869813600000e+02 3.49714084471524e-27
3.22949576000000e+02 3.44485638138220e-27
3.23029325400000e+02 3.39224672322714e-27
3.23109061700000e+02 3.34561369311442e-27
3.23188785000000e+02 3.30298253197122e-27
3.23268495200000e+02 3.26000203960999e-27
3.23348192200000e+02 3.23659381668969e-27
3.23427876200000e+02 3.23760194956272e-27
3.23507547200000e+02 3.20920332624138e-27
3.23587205000000e+02 3.14984656375524e-27
3.23666849700000e+02 3.08316911004157e-27
3.23746481300000e+02 2.95805746281766e-27
3.23826099800000e+02 2.82985433070587e-27
3.23905705200000e+02 2.71886245896967e-27
3.23985297500000e+02 2.64634991413429e-27
3.24064876600000e+02 2.63137313196325e-27
3.24144442600000e+02 2.61900092942230e-27
3.24223995500000e+02 2.58558050882363e-27
3.24303535200000e+02 2.61517258448784e-27
3.24383061800000e+02 2.73148645998257e-27
3.24462575300000e+02 2.89942000370218e-27
3.24542075600000e+02 3.09450972193156e-27
3.24621562700000e+02 3.24767934716065e-27
3.24701036600000e+02 3.34851869152588e-27
3.24780497400000e+02 3.43792769617050e-27
3.24859945100000e+02 3.51430090259470e-27
3.24939379500000e+02 3.54398921056894e-27
3.25018800800000e+02 3.48373614314059e-27
3.25098208800000e+02 3.36743804841744e-27
3.25177603700000e+02 3.23400540885328e-27
3.25256985400000e+02 3.09970658201396e-27
3.25336353900000e+02 2.94461842584051e-27
3.25415709100000e+02 2.78765257777816e-27
3.25495051200000e+02 2.63281212270432e-27
3.25574380000000e+02 2.46910102642330e-27
3.25653695700000e+02 2.31151723391541e-27
3.25732998000000e+02 2.17494115501632e-27
3.25812287200000e+02 2.11162985697249e-27
3.25891563100000e+02 2.09905442178646e-27
3.25970825800000e+02 2.10871343734114e-27
3.26050075200000e+02 2.12697756382148e-27
3.26129311400000e+02 2.17384572259873e-27
3.26208534300000e+02 2.24788145039408e-27
3.26287743900000e+02 2.30950938027437e-27
3.26366940300000e+02 2.32897989995712e-27
3.26446123400000e+02 2.30548054439796e-27
3.26525293300000e+02 2.28909178130333e-27
3.26604449800000e+02 2.28138416990869e-27
3.26683593100000e+02 2.26789809694074e-27
3.26762723100000e+02 2.25867437555524e-27
3.26841839800000e+02 2.28841918227728e-27
3.26920943100000e+02 2.36564070168805e-27
3.27000033200000e+02 2.43911878236789e-27
3.27079110000000e+02 2.50981596965460e-27
3.27158173400000e+02 2.59458823159609e-27
3.27237223500000e+02 2.64804671390823e-27
3.27316260300000e+02 2.65951789854254e-27
3.27395283800000e+02 2.63487546134494e-27
3.27474293900000e+02 2.59333688196875e-27
3.27553290700000e+02 2.56594314823075e-27
3.27632274200000e+02 2.53805847275902e-27
3.27711244300000e+02 2.49616904138470e-27
3.27790201000000e+02 2.47793588316847e-27
3.27869144400000e+02 2.46243973280707e-27
3.27948074400000e+02 2.44325081149309e-27
3.28026991000000e+02 2.43913081175011e-27
3.28105894300000e+02 2.43011935052495e-27
3.28184784200000e+02 2.41223186510031e-27
3.28263660700000e+02 2.41952656751580e-27
3.28342523800000e+02 2.47107937076325e-27
3.28421373500000e+02 2.55648237497562e-27
3.28500209800000e+02 2.62206640850638e-27
3.28579032700000e+02 2.63997745469094e-27
3.28657842200000e+02 2.64092576829052e-27
3.28736638300000e+02 2.61132093424590e-27
3.28815421000000e+02 2.55370095067300e-27
3.28894190200000e+02 2.47251805150500e-27
3.28972946000000e+02 2.34368741985624e-27
3.29051688400000e+02 2.20641570606966e-27
3.29130417400000e+02 2.07307563177522e-27
3.29209132900000e+02 1.96286130133960e-27
3.29287834900000e+02 1.89916616916184e-27
3.29366523500000e+02 1.85352741418116e-27
3.29445198600000e+02 1.81103006739120e-27
3.29523860300000e+02 1.77296840675944e-27
3.29602508500000e+02 1.75576252784327e-27
3.29681143200000e+02 1.75374572686017e-27
3.29759764500000e+02 1.75506291639999e-27
3.29838372300000e+02 1.76917357412959e-27
3.29916966600000e+02 1.82262494033597e-27
3.29995547300000e+02 1.91568594016976e-27
3.30074114600000e+02 2.01197856759851e-27
3.30152668400000e+02 2.10065733443775e-27
3.30231208700000e+02 2.21821158084092e-27
3.30309735500000e+02 2.38956205960034e-27
3.30388248700000e+02 2.56972374104222e-27
3.30466748400000e+02 2.67464754963691e-27
3.30545234600000e+02 2.68974129376661e-27
3.30623707300000e+02 2.66997422711079e-27
3.30702166400000e+02 2.63934332462634e-27
3.30780612000000e+02 2.57749152723151e-27
3.30859044100000e+02 2.46151653531479e-27
3.30937462500000e+02 2.32012379376279e-27
3.31015867500000e+02 2.22351647798327e-27
3.31094258800000e+02 2.17387600425522e-27
3.31172636600000e+02 2.16384980523958e-27
3.31251000900000e+02 2.19248749771539e-27
3.31329351500000e+02 2.22013016756985e-27
3.31407688600000e+02 2.23185146722720e-27
3.31486012100000e+02 2.22791409468120e-27
3.31564322000000e+02 2.21888749810854e-27
3.31642618300000e+02 2.21144811561532e-27
3.31720901000000e+02 2.20356462309751e-27
3.31799170100000e+02 2.20290874918838e-27
3.31877425600000e+02 2.22779195386835e-27
3.31955667400000e+02 2.30608932769239e-27
3.32033895700000e+02 2.40928319267110e-27
3.32112110300000e+02 2.48490242258019e-27
3.32190311300000e+02 2.51793083871456e-27
3.32268498600000e+02 2.50948721843595e-27
3.32346672400000e+02 2.47992748509864e-27
3.32424832400000e+02 2.45807839094659e-27
3.32502978800000e+02 2.40898175796401e-27
3.32581111600000e+02 2.33466907743260e-27
3.32659230700000e+02 2.30886077794260e-27
3.32737336100000e+02 2.31818965491004e-27
3.32815427900000e+02 2.32660055346918e-27
3.32893506000000e+02 2.33849441223400e-27
3.32971570400000e+02 2.34439291633661e-27
3.33049621100000e+02 2.35155482941326e-27
3.33127658200000e+02 2.36846528300302e-27
3.33205681500000e+02 2.39014857462736e-27
3.33283691200000e+02 2.43239181889900e-27
3.33361687100000e+02 2.51744761202066e-27
3.33439669400000e+02 2.58994479108761e-27
3.33517637900000e+02 2.60958935709769e-27
3.33595592700000e+02 2.62385639567264e-27
3.33673533700000e+02 2.63359026311009e-27
3.33751461100000e+02 2.62816449035962e-27
3.33829374700000e+02 2.59641123237298e-27
3.33907274600000e+02 2.53610723735222e-27
3.33985160700000e+02 2.46915898192117e-27
3.34063033100000e+02 2.40522910838096e-27
3.34140891700000e+02 2.34341270123967e-27
3.34218736600000e+02 2.27707481797938e-27
3.34296567700000e+02 2.20276557853033e-27
3.34374385100000e+02 2.16066280018108e-27
3.34452188600000e+02 2.15031622078664e-27
3.34529978400000e+02 2.18019095897435e-27
3.34607754400000e+02 2.30265096486238e-27
3.34685516600000e+02 2.47130341053349e-27
3.34763265100000e+02 2.58788014560217e-27
3.34840999700000e+02 2.63213917790000e-27
3.34918720500000e+02 2.63039123006381e-27
3.34996427600000e+02 2.59197550705485e-27
3.35074120800000e+02 2.51773830471762e-27
3.35151800200000e+02 2.37872267799753e-27
3.35229465700000e+02 2.16824396468483e-27
3.35307117500000e+02 2.00332565610230e-27
3.35384755400000e+02 1.91345638518290e-27
3.35462379400000e+02 1.88013695393754e-27
3.35539989700000e+02 1.92312641274372e-27
3.35617586100000e+02 2.04219784446212e-27
3.35695168600000e+02 2.21905197914676e-27
3.35772737300000e+02 2.44664752236331e-27
3.35850292100000e+02 2.69953741154426e-27
3.35927833000000e+02 2.90683449493421e-27
3.36005360100000e+02 3.00890150771605e-27
3.36082873300000e+02 3.01490296125284e-27
3.36160372600000e+02 2.94365243486233e-27
3.36237858100000e+02 2.81381630965143e-27
3.36315329600000e+02 2.65626480100420e-27
3.36392787300000e+02 2.47865327589963e-27
3.36470231000000e+02 2.33021797752782e-27
3.36547660900000e+02 2.28188235943785e-27
3.36625076800000e+02 2.32720145266758e-27
3.36702478800000e+02 2.43276476477178e-27
3.36779866900000e+02 2.56212416373805e-27
3.36857241100000e+02 2.67955381318597e-27
3.36934601300000e+02 2.79430402058416e-27
3.37011947700000e+02 2.88253648037155e-27
3.37089280000000e+02 2.89395208525218e-27
3.37166598400000e+02 2.82957771475761e-27
3.37243902900000e+02 2.70106692151640e-27
3.37321193400000e+02 2.54827526816611e-27
3.37398470000000e+02 2.39122450877295e-27
3.37475732600000e+02 2.22681950032683e-27
3.37552981200000e+02 2.09694323766276e-27
3.37630215900000e+02 2.06464996652033e-27
3.37707436500000e+02 2.12182275642323e-27
3.37784643200000e+02 2.25242038140756e-27
3.37861835900000e+02 2.39699783816868e-27
3.37939014600000e+02 2.49306788394369e-27
3.38016179400000e+02 2.56974182001576e-27
3.38093330100000e+02 2.63079241198440e-27
3.38170466800000e+02 2.63537058108687e-27
3.38247589400000e+02 2.55666935807392e-27
3.38324698100000e+02 2.39762212781563e-27
3.38401792700000e+02 2.25540462000892e-27
3.38478873300000e+02 2.18585641137120e-27
3.38555939900000e+02 2.14667478863389e-27
3.38632992500000e+02 2.08705176031437e-27
3.38710031000000e+02 2.04011886120131e-27
3.38787055400000e+02 2.06326515976706e-27
3.38864065800000e+02 2.15547133923558e-27
3.38941062200000e+02 2.30092424338435e-27
3.39018044400000e+02 2.45714167786816e-27
3.39095012600000e+02 2.57090838601880e-27
3.39171966800000e+02 2.64412442435510e-27
3.39248906800000e+02 2.68917520681728e-27
3.39325832800000e+02 2.68053543063415e-27
3.39402744700000e+02 2.60303426008758e-27
3.39479642500000e+02 2.47443155029685e-27
3.39556526200000e+02 2.28629745074060e-27
3.39633395800000e+02 2.09899522678941e-27
3.39710251300000e+02 1.94990222800931e-27
3.39787092700000e+02 1.83055757183273e-27
3.39863919900000e+02 1.76558049438922e-27
3.39940733100000e+02 1.76269730134319e-27
3.40017532100000e+02 1.79709442257562e-27
3.40094317000000e+02 1.86880029726808e-27
3.40171087700000e+02 1.96855331216713e-27
3.40247844400000e+02 2.08077748150204e-27
3.40324586800000e+02 2.19519459528315e-27
3.40401315100000e+02 2.29759621664443e-27
3.40478029300000e+02 2.39030938528152e-27
3.40554729300000e+02 2.45617359030199e-27
3.40631415100000e+02 2.48754673803052e-27
3.40708086800000e+02 2.49217340187405e-27
3.40784744200000e+02 2.46084367933749e-27
3.40861387500000e+02 2.44373316870136e-27
3.40938016700000e+02 2.46346396559183e-27
3.41014631600000e+02 2.50559935280892e-27
3.41091232300000e+02 2.58943023021076e-27
3.41167818900000e+02 2.68676478437725e-27
3.41244391200000e+02 2.75670494243578e-27
3.41320949300000e+02 2.78538069528180e-27
3.41397493200000e+02 2.77714612227357e-27
3.41474022900000e+02 2.74072254226221e-27
3.41550538300000e+02 2.65191771173294e-27
3.41627039600000e+02 2.50456907837062e-27
3.41703526600000e+02 2.31810146424292e-27
3.41779999300000e+02 2.12471312313973e-27
3.41856457800000e+02 2.01058224633691e-27
3.41932902100000e+02 1.97360144325986e-27
3.42009332100000e+02 1.98004377985392e-27
3.42085747800000e+02 2.02211960585629e-27
3.42162149300000e+02 2.07988427786736e-27
3.42238536500000e+02 2.14080300048838e-27
3.42314909500000e+02 2.20633794518681e-27
3.42391268200000e+02 2.27667284107240e-27
3.42467612500000e+02 2.32721779715663e-27
3.42543942600000e+02 2.30332910889360e-27
3.42620258400000e+02 2.21840599088626e-27
3.42696559900000e+02 2.10318875877577e-27
3.42772847100000e+02 2.00947534409587e-27
3.42849120000000e+02 1.94973568471203e-27
3.42925378600000e+02 1.89360356732470e-27
3.43001622800000e+02 1.85680231223578e-27
3.43077852800000e+02 1.86377316779253e-27
3.43154068400000e+02 1.87700274217954e-27
3.43230269700000e+02 1.87654627188800e-27
3.43306456600000e+02 1.88649009775130e-27
3.43382629200000e+02 1.91268229152997e-27
3.43458787400000e+02 1.94974011724031e-27
3.43534931300000e+02 1.99409810357330e-27
3.43611060900000e+02 2.02090203040529e-27
3.43687176000000e+02 2.10662860367394e-27
3.43763276900000e+02 2.31591928704583e-27
3.43839363300000e+02 2.59270949583971e-27
3.43915435400000e+02 2.83301133109762e-27
3.43991493000000e+02 3.00378240999907e-27
3.44067536300000e+02 3.14757276052384e-27
3.44143565200000e+02 3.26424927416584e-27
3.44219579700000e+02 3.30650747325837e-27
3.44295579800000e+02 3.23460045783778e-27
3.44371565500000e+02 3.06214976397388e-27
3.44447536800000e+02 2.87034350822663e-27
3.44523493700000e+02 2.67161606820806e-27
3.44599436100000e+02 2.46884090259200e-27
3.44675364200000e+02 2.26939126809306e-27
3.44751277700000e+02 2.11414639219851e-27
3.44827176900000e+02 1.99721462223730e-27
3.44903061600000e+02 1.90767619598278e-27
3.44978931900000e+02 1.88224261641455e-27
3.45054787700000e+02 1.91112019257954e-27
3.45130629100000e+02 1.93522272766670e-27
3.45206456000000e+02 1.91636931038564e-27
3.45282268400000e+02 1.89657219031792e-27
3.45358066400000e+02 1.89755293355385e-27
3.45433849900000e+02 1.90562094223577e-27
3.45509618900000e+02 1.91407841952923e-27
3.45585373400000e+02 1.92742092919034e-27
3.45661113500000e+02 1.95977421800924e-27
3.45736839000000e+02 2.03129916256278e-27
3.45812550000000e+02 2.13236016850391e-27
3.45888246600000e+02 2.24120944063849e-27
3.45963928600000e+02 2.33013640260682e-27
3.46039596100000e+02 2.35969309271620e-27
3.46115249100000e+02 2.32507227051038e-27
3.46190887600000e+02 2.28377121807313e-27
3.46266511500000e+02 2.26605345022719e-27
3.46342121000000e+02 2.25645780332515e-27
3.46417715800000e+02 2.19576828894527e-27
3.46493296200000e+02 2.09573784059107e-27
3.46568861900000e+02 2.01579565390034e-27
3.46644413200000e+02 1.96670238167221e-27
3.46719949800000e+02 1.93052779930565e-27
3.46795471900000e+02 1.88352107614172e-27
3.46870979500000e+02 1.81292233730323e-27
3.46946472400000e+02 1.79609430529575e-27
3.47021950800000e+02 1.84367742093570e-27
3.47097414600000e+02 1.93636562033198e-27
3.47172863800000e+02 2.06660942812095e-27
3.47248298400000e+02 2.22673914772681e-27
3.47323718500000e+02 2.40108547271235e-27
3.47399123900000e+02 2.53498011831763e-27
3.47474514700000e+02 2.59282857682193e-27
3.47549890900000e+02 2.56278224896258e-27
3.47625252500000e+02 2.48040781747013e-27
3.47700599400000e+02 2.35393677710977e-27
3.47775931800000e+02 2.19849861899138e-27
3.47851249500000e+02 2.01777107945842e-27
3.47926552500000e+02 1.85406134200211e-27
3.48001841000000e+02 1.73796907156237e-27
3.48077114700000e+02 1.69429475179079e-27
3.48152373900000e+02 1.69092535992003e-27
3.48227618300000e+02 1.69520866204663e-27
3.48302848100000e+02 1.70298031391472e-27
3.48378063300000e+02 1.70245020854943e-27
3.48453263700000e+02 1.69764737139065e-27
3.48528449500000e+02 1.69951839072857e-27
3.48603620600000e+02 1.71161517722449e-27
3.48678777100000e+02 1.75642073645637e-27
3.48753918800000e+02 1.85026721357530e-27
3.48829045800000e+02 1.95826479571808e-27
3.48904158200000e+02 2.05652643939152e-27
3.48979255800000e+02 2.15899863931094e-27
3.49054338700000e+02 2.26393010971878e-27
3.49129406900000e+02 2.32743915909763e-27
3.49204460400000e+02 2.34348141139491e-27
3.49279499200000e+02 2.34207007151875e-27
3.49354523200000e+02 2.32055934967994e-27
3.49429532500000e+02 2.31613854631409e-27
3.49504527100000e+02 2.31718742480524e-27
3.49579506900000e+02 2.26268358036722e-27
3.49654471900000e+02 2.18847559210197e-27
3.49729422200000e+02 2.13248611265849e-27
3.49804357800000e+02 2.07173472102949e-27
3.49879278500000e+02 1.99597724624381e-27
3.49954184500000e+02 1.91241555120453e-27
3.50029075800000e+02 1.81288654385901e-27
3.50103952200000e+02 1.71704283795545e-27
3.50178813900000e+02 1.67216640404957e-27
3.50253660800000e+02 1.66776533158509e-27
3.50328492900000e+02 1.66990687240953e-27
3.50403310200000e+02 1.67646608065927e-27
3.50478112700000e+02 1.67938843257888e-27
3.50552900300000e+02 1.68223352507594e-27
3.50627673200000e+02 1.72350617035262e-27
3.50702431200000e+02 1.80401566849681e-27
3.50777174500000e+02 1.89718372100704e-27
3.50851902800000e+02 1.98131769491516e-27
3.50926616400000e+02 2.03640752754201e-27
3.51001315100000e+02 2.11274755830673e-27
3.51075999000000e+02 2.21814294648884e-27
3.51150668000000e+02 2.32380324853057e-27
3.51225322200000e+02 2.39060182772323e-27
3.51299961500000e+02 2.37220998944330e-27
3.51374586000000e+02 2.30127031579834e-27
3.51449195600000e+02 2.23055922622745e-27
3.51523790300000e+02 2.15200956154996e-27
3.51598370100000e+02 2.06397161628497e-27
3.51672935100000e+02 1.97365840202333e-27
3.51747485100000e+02 1.89933087757710e-27
3.51822020300000e+02 1.86466874005894e-27
3.51896540600000e+02 1.89091976513711e-27
3.51971046000000e+02 1.95465554748436e-27
3.52045536400000e+02 2.05552031480576e-27
3.52120012000000e+02 2.20770381768478e-27
3.52194472600000e+02 2.38974377468532e-27
3.52268918300000e+02 2.56035779859477e-27
3.52343349100000e+02 2.71029972467259e-27
3.52417765000000e+02 2.81679570804497e-27
3.52492165900000e+02 2.85522148517887e-27
3.52566551900000e+02 2.83539830041202e-27
3.52640922900000e+02 2.76268579985696e-27
3.52715279000000e+02 2.62923573181240e-27
3.52789620100000e+02 2.47657535095483e-27
3.52863946300000e+02 2.29872924343618e-27
3.52938257500000e+02 2.10395049702276e-27
3.53012553700000e+02 1.96732587463052e-27
3.53086835000000e+02 1.87925310616647e-27
3.53161101300000e+02 1.80736295419079e-27
3.53235352500000e+02 1.74716770306193e-27
3.53309588800000e+02 1.70406557158871e-27
3.53383810100000e+02 1.67859167609082e-27
3.53458016400000e+02 1.65318098146462e-27
3.53532207700000e+02 1.61694910077196e-27
3.53606384000000e+02 1.57570735749193e-27
3.53680545300000e+02 1.55591303078325e-27
3.53754691500000e+02 1.56402525383186e-27
3.53828822800000e+02 1.59045177629046e-27
3.53902939000000e+02 1.61864076356682e-27
3.53977040100000e+02 1.63162443095123e-27
3.54051126200000e+02 1.62453469538183e-27
3.54125197300000e+02 1.61064996453543e-27
3.54199253300000e+02 1.60853540262262e-27
3.54273294300000e+02 1.61022653149165e-27
3.54347320200000e+02 1.59389779600753e-27
3.54421331100000e+02 1.56671946456178e-27
3.54495326900000e+02 1.54875084816019e-27
3.54569307600000e+02 1.54800415206153e-27
3.54643273200000e+02 1.54462479285313e-27
3.54717223700000e+02 1.53841610042054e-27
3.54791159200000e+02 1.53454583540783e-27
3.54865079600000e+02 1.53680732586935e-27
3.54938984800000e+02 1.55494535766920e-27
3.55012875000000e+02 1.57942601021051e-27
3.55086750000000e+02 1.60437456494668e-27
3.55160610000000e+02 1.65427265408855e-27
3.55234454800000e+02 1.71853792990805e-27
3.55308284500000e+02 1.77011585653520e-27
3.55382099100000e+02 1.81202535109898e-27
3.55455898500000e+02 1.85318549062846e-27
3.55529682800000e+02 1.88477482080094e-27
3.55603451900000e+02 1.89983510530362e-27
3.55677206000000e+02 1.87935860618149e-27
3.55750944800000e+02 1.81714153080137e-27
3.55824668500000e+02 1.75467827229994e-27
3.55898377000000e+02 1.70277729821374e-27
3.55972070400000e+02 1.64406319976120e-27
3.56045748600000e+02 1.60326241530269e-27
3.56119411600000e+02 1.58418158219898e-27
3.56193059500000e+02 1.62161455863281e-27
3.56266692100000e+02 1.73289938008752e-27
3.56340309600000e+02 1.86840471589616e-27
3.56413911800000e+02 1.98089208701577e-27
3.56487498900000e+02 2.08277543014276e-27
3.56561070700000e+02 2.19546084350439e-27
3.56634627400000e+02 2.33452749419635e-27
3.56708168800000e+02 2.48489625319794e-27
3.56781695000000e+02 2.57313635906732e-27
3.56855206000000e+02 2.56846628383628e-27
3.56928701700000e+02 2.53412743212122e-27
3.57002182300000e+02 2.50819042677271e-27
3.57075647500000e+02 2.46688972041773e-27
3.57149097500000e+02 2.39729617415806e-27
3.57222532300000e+02 2.27332952280790e-27
3.57295951800000e+02 2.09813876782151e-27
3.57369356100000e+02 1.94805649286543e-27
3.57442745100000e+02 1.82718121830261e-27
3.57516118800000e+02 1.73484130985291e-27
3.57589477300000e+02 1.71138963397820e-27
3.57662820400000e+02 1.73741298106274e-27
3.57736148300000e+02 1.79848363039114e-27
3.57809460900000e+02 1.91154487445471e-27
3.57882758200000e+02 2.05361202199831e-27
3.57956040200000e+02 2.16795723886648e-27
3.58029306900000e+02 2.24676414938282e-27
3.58102558300000e+02 2.30628336691297e-27
3.58175794300000e+02 2.37563270446924e-27
3.58249015100000e+02 2.47843455057846e-27
3.58322220500000e+02 2.55639428175521e-27
3.58395410600000e+02 2.55255463221022e-27
3.58468585400000e+02 2.53509354250678e-27
3.58541744800000e+02 2.52634435767915e-27
3.58614888800000e+02 2.50405312303677e-27
3.58688017600000e+02 2.45883228985992e-27
3.58761131000000e+02 2.35838951791070e-27
3.58834229000000e+02 2.19801892144765e-27
3.58907311600000e+02 2.03259247359593e-27
3.58980378900000e+02 1.87446081933390e-27
3.59053430800000e+02 1.75118724139329e-27
3.59126467300000e+02 1.66786764400201e-27
3.59199488500000e+02 1.58959310629893e-27
3.59272494200000e+02 1.51857526346749e-27
3.59345484600000e+02 1.46891571683390e-27
3.59418459600000e+02 1.43816036682233e-27
3.59491419100000e+02 1.41563392346048e-27
3.59564363300000e+02 1.38391046272072e-27
3.59637292100000e+02 1.32999515394319e-27
3.59710205400000e+02 1.28567889847013e-27
3.59783103300000e+02 1.25702299665355e-27
3.59855985800000e+02 1.25395864999653e-27
3.59928852800000e+02 1.28884907878024e-27
3.60001704400000e+02 1.35393141783641e-27
3.60074540600000e+02 1.42890546422041e-27
3.60147361300000e+02 1.51866945285346e-27
3.60220166600000e+02 1.62888459404406e-27
3.60292956400000e+02 1.75870100967551e-27
3.60365730700000e+02 1.88375569117100e-27
3.60438489600000e+02 1.98202470324888e-27
3.60511233000000e+02 2.06130051707094e-27
3.60583960900000e+02 2.15043168425677e-27
3.60656673400000e+02 2.24134544316336e-27
3.60729370400000e+02 2.29955413747190e-27
3.60802051800000e+02 2.29407140953451e-27
3.60874717800000e+02 2.25574974144812e-27
3.60947368300000e+02 2.21066428606693e-27
3.61020003300000e+02 2.17669950822588e-27
3.61092622700000e+02 2.12506664238408e-27
3.61165226700000e+02 2.02290350710435e-27
3.61237815100000e+02 1.90641437405458e-27
3.61310388000000e+02 1.80720082050084e-27
3.61382945300000e+02 1.75559009205504e-27
3.61455487200000e+02 1.76777908100690e-27
3.61528013500000e+02 1.83683929056594e-27
3.61600524200000e+02 1.94344033877350e-27
3.61673019400000e+02 2.04940776352086e-27
3.61745499000000e+02 2.11611588076626e-27
3.61817963100000e+02 2.15035963155834e-27
3.61890411600000e+02 2.16839214107755e-27
3.61962844600000e+02 2.16094264624123e-27
3.62035262000000e+02 2.11068585781665e-27
3.62107663700000e+02 2.00341158475999e-27
3.62180049900000e+02 1.84227909273302e-27
3.62252420600000e+02 1.68435236437719e-27
3.62324775600000e+02 1.55391408984610e-27
3.62397115000000e+02 1.43714536439915e-27
3.62469438800000e+02 1.34532804383050e-27
3.62541747000000e+02 1.29562363771681e-27
3.62614039600000e+02 1.27374662543609e-27
3.62686316600000e+02 1.28053429189842e-27
3.62758578000000e+02 1.34028514161183e-27
3.62830823700000e+02 1.47146454406823e-27
3.62903053800000e+02 1.63931303519553e-27
3.62975268200000e+02 1.78364703835114e-27
3.63047467000000e+02 1.88619743359672e-27
3.63119650200000e+02 1.97060851867535e-27
3.63191817700000e+02 2.03898905582979e-27
3.63263969500000e+02 2.07052397858589e-27
3.63336105700000e+02 2.03518213369418e-27
3.63408226200000e+02 1.93102628198510e-27
3.63480331100000e+02 1.81510970841997e-27
3.63552420300000e+02 1.71977755098223e-27
3.63624493700000e+02 1.63653213970677e-27
3.63696551500000e+02 1.55590041130713e-27
3.63768593600000e+02 1.48942768916287e-27
3.63840620000000e+02 1.44579870566899e-27
3.63912630700000e+02 1.42256211504128e-27
3.63984625700000e+02 1.42262993633852e-27
3.64056605000000e+02 1.44668641857413e-27
3.64128568600000e+02 1.48662165091872e-27
3.64200516400000e+02 1.54884575309981e-27
3.64272448500000e+02 1.62396229107377e-27
3.64344364900000e+02 1.69878460747135e-27
3.64416265600000e+02 1.78231033299640e-27
3.64488150500000e+02 1.88398895234220e-27
3.64560019600000e+02 1.97144490120410e-27
3.64631873000000e+02 2.02151021395416e-27
3.64703710700000e+02 2.04309732991179e-27
3.64775532600000e+02 2.03864813748189e-27
3.64847338700000e+02 2.01379779725572e-27
3.64919129100000e+02 1.97811877509818e-27
3.64990903600000e+02 1.90595849879766e-27
3.65062662400000e+02 1.78222228709520e-27
3.65134405500000e+02 1.66833004966300e-27
3.65206132700000e+02 1.57003944863402e-27
3.65277844100000e+02 1.47927391007845e-27
3.65349539700000e+02 1.40580145070163e-27
3.65421219500000e+02 1.34163264628369e-27
3.65492883500000e+02 1.28886975830169e-27
3.65564531700000e+02 1.25533310382350e-27
3.65636164100000e+02 1.22732443752526e-27
3.65707780700000e+02 1.20709971559754e-27
3.65779381400000e+02 1.19537146561726e-27
3.65850966200000e+02 1.18433578555974e-27
3.65922535300000e+02 1.18429908141919e-27
3.65994088500000e+02 1.19966085499220e-27
3.66065625800000e+02 1.22176258990413e-27
3.66137147300000e+02 1.25212107299362e-27
3.66208653000000e+02 1.27992789096640e-27
3.66280142700000e+02 1.29642592385213e-27
3.66351616600000e+02 1.31555391099424e-27
3.66423074600000e+02 1.34356721623018e-27
3.66494516800000e+02 1.36849504690667e-27
3.66565943100000e+02 1.39220498464913e-27
3.66637353400000e+02 1.41923415910976e-27
3.66708747900000e+02 1.44417430049456e-27
3.66780126500000e+02 1.46290219172022e-27
3.66851489200000e+02 1.46927264926410e-27
3.66922835900000e+02 1.45552145377164e-27
3.66994166800000e+02 1.43486384550121e-27
3.67065481700000e+02 1.41917004280586e-27
3.67136780700000e+02 1.40313682681140e-27
3.67208063800000e+02 1.37371945179508e-27
3.67279331000000e+02 1.33734185720333e-27
3.67350582200000e+02 1.31920389231465e-27
3.67421817400000e+02 1.33910895973871e-27
3.67493036800000e+02 1.38882502861124e-27
3.67564240100000e+02 1.44767491197343e-27
3.67635427500000e+02 1.50306305410786e-27
3.67706599000000e+02 1.56179853531630e-27
3.67777754500000e+02 1.62576623231122e-27
3.67848894000000e+02 1.67539889621866e-27
3.67920017500000e+02 1.70750486123089e-27
3.67991125100000e+02 1.72498653495158e-27
3.68062216600000e+02 1.72524799960685e-27
3.68133292200000e+02 1.72613664583652e-27
3.68204351800000e+02 1.72927359014317e-27
3.68275395300000e+02 1.72543062429641e-27
3.68346422900000e+02 1.73611438954919e-27
3.68417434400000e+02 1.77086321375663e-27
3.68488430000000e+02 1.81314976633703e-27
3.68559409500000e+02 1.84163664438349e-27
3.68630373000000e+02 1.84612169541038e-27
3.68701320400000e+02 1.82924460982837e-27
3.68772251900000e+02 1.78238126860570e-27
3.68843167200000e+02 1.70895057967240e-27
3.68914066600000e+02 1.62640935149418e-27
3.68984949800000e+02 1.53126296364730e-27
3.69055817100000e+02 1.43279860788787e-27
3.69126668200000e+02 1.36242553623027e-27
3.69197503300000e+02 1.30968202248505e-27
3.69268322400000e+02 1.26348216855070e-27
3.69339125300000e+02 1.23402400449147e-27
3.69409912200000e+02 1.22063872145485e-27
3.69480683000000e+02 1.21578447681121e-27
3.69551437700000e+02 1.20723527778135e-27
3.69622176300000e+02 1.18178276506903e-27
3.69692898800000e+02 1.14376479050664e-27
3.69763605200000e+02 1.11611419739610e-27
3.69834295400000e+02 1.10726692638058e-27
3.69904969600000e+02 1.11505088464596e-27
3.69975627700000e+02 1.13736259971220e-27
3.70046269600000e+02 1.18285601352165e-27
3.70116895400000e+02 1.26029717489083e-27
3.70187505100000e+02 1.36980206104791e-27
3.70258098600000e+02 1.50559054021284e-27
3.70328676000000e+02 1.65404658289537e-27
3.70399237200000e+02 1.78687127539988e-27
3.70469782300000e+02 1.89975646524146e-27
3.70540311200000e+02 2.00096419554185e-27
3.70610823900000e+02 2.07478743012213e-27
3.70681320500000e+02 2.10279294800003e-27
3.70751800900000e+02 2.07908132748137e-27
3.70822265200000e+02 1.98538734844736e-27
3.70892713200000e+02 1.85283137057657e-27
3.70963145100000e+02 1.72118428296385e-27
3.71033560700000e+02 1.57877150161306e-27
3.71103960200000e+02 1.43219721804231e-27
3.71174343500000e+02 1.28959752274319e-27
3.71244710500000e+02 1.16492408902145e-27
3.71315061400000e+02 1.08561789878564e-27
3.71385396000000e+02 1.04730365951430e-27
3.71455714400000e+02 1.04039509066532e-27
3.71526016600000e+02 1.07261408262538e-27
3.71596302500000e+02 1.15364810452155e-27
3.71666572200000e+02 1.29147647503487e-27
3.71736825700000e+02 1.46717463749947e-27
3.71807062900000e+02 1.63431400588779e-27
3.71877283800000e+02 1.76905486231123e-27
3.71947488500000e+02 1.88588729984629e-27
3.72017677000000e+02 1.97081044834468e-27
3.72087849200000e+02 2.00143934888244e-27
3.72158005100000e+02 1.97775865921518e-27
3.72228144700000e+02 1.89661297942416e-27
3.72298268000000e+02 1.77255687504166e-27
3.72368375100000e+02 1.66760971629927e-27
3.72438465900000e+02 1.58871105865531e-27
3.72508540300000e+02 1.51815303343181e-27
3.72578598500000e+02 1.45348548616878e-27
3.72648640400000e+02 1.40385833635004e-27
3.72718665900000e+02 1.37343936665183e-27
3.72788675200000e+02 1.36961758455824e-27
3.72858668100000e+02 1.38793514625525e-27
3.72928644700000e+02 1.41880824617938e-27
3.72998604900000e+02 1.45326425630097e-27
3.73068548800000e+02 1.51462842623816e-27
3.73138476400000e+02 1.63473200618360e-27
3.73208387600000e+02 1.79495384570774e-27
3.73278282500000e+02 1.95566899231348e-27
3.73348161100000e+02 2.08760958142666e-27
3.73418023200000e+02 2.20457207393067e-27
3.73487869000000e+02 2.28579826599839e-27
3.73557698500000e+02 2.28628108484007e-27
3.73627511500000e+02 2.21472000385352e-27
3.73697308200000e+02 2.09851686149105e-27
3.73767088500000e+02 1.93416742263891e-27
3.73836852400000e+02 1.77408822199310e-27
3.73906599900000e+02 1.63912415217113e-27
3.73976331000000e+02 1.51142269106111e-27
3.74046045700000e+02 1.43594507239764e-27
3.74115744000000e+02 1.42840062092238e-27
3.74185425900000e+02 1.45969747380652e-27
3.74255091400000e+02 1.53230038664340e-27
3.74324740400000e+02 1.64750084202865e-27
3.74394373000000e+02 1.76403262375088e-27
3.74463989200000e+02 1.86580299421621e-27
3.74533588900000e+02 1.97162903347009e-27
3.74603172200000e+02 2.07223688411173e-27
3.74672739100000e+02 2.15186974560183e-27
3.74742289400000e+02 2.18797951149331e-27
3.74811823400000e+02 2.13558435283146e-27
3.74881340800000e+02 2.02254761341711e-27
3.74950841800000e+02 1.91128289449881e-27
3.75020326400000e+02 1.79929889846834e-27
3.75089794400000e+02 1.65619514570295e-27
3.75159246000000e+02 1.48678839207670e-27
3.75228681100000e+02 1.31162293968480e-27
3.75298099600000e+02 1.18205620636571e-27
3.75367501700000e+02 1.11771896437079e-27
3.75436887300000e+02 1.11689703673636e-27
3.75506256400000e+02 1.17337276629076e-27
3.75575609000000e+02 1.26444517057791e-27
3.75644945000000e+02 1.35140896511049e-27
3.75714264500000e+02 1.42079598397930e-27
3.75783567500000e+02 1.48286524640222e-27
3.75852854000000e+02 1.54227149037079e-27
3.75922123900000e+02 1.59190390334521e-27
3.75991377300000e+02 1.62151686923841e-27
3.76060614100000e+02 1.62585830877742e-27
3.76129834400000e+02 1.61682588571236e-27
3.76199038100000e+02 1.60751128970240e-27
3.76268225300000e+02 1.59837069391322e-27
3.76337395900000e+02 1.60549372496713e-27
3.76406549900000e+02 1.62875469235716e-27
3.76475687400000e+02 1.65916690372711e-27
3.76544808300000e+02 1.66924554015370e-27
3.76613912600000e+02 1.63149543752956e-27
3.76683000300000e+02 1.56539439909196e-27
3.76752071400000e+02 1.51794290747698e-27
3.76821125800000e+02 1.47582210034974e-27
3.76890163700000e+02 1.42146303060782e-27
3.76959185000000e+02 1.34608025746013e-27
3.77028189700000e+02 1.26398296674065e-27
3.77097177700000e+02 1.20692727121818e-27
3.77166149200000e+02 1.17765189923862e-27
3.77235103900000e+02 1.16102833158731e-27
3.77304042100000e+02 1.14929852590716e-27
3.77372963600000e+02 1.14246838073605e-27
3.77441868500000e+02 1.13823431557816e-27
3.77510756700000e+02 1.13862900889022e-27
3.77579628300000e+02 1.14256982064369e-27
3.77648483200000e+02 1.14425388130947e-27
3.77717321400000e+02 1.13602383475404e-27
3.77786143000000e+02 1.11634271303074e-27
3.77854947900000e+02 1.08978471429099e-27
3.77923736100000e+02 1.06501757149683e-27
3.77992507600000e+02 1.04443059984631e-27
3.78061262500000e+02 1.02604189570165e-27
3.78130000600000e+02 1.00711998535196e-27
3.78198722100000e+02 9.93520488666177e-28
3.78267426800000e+02 9.98371343072318e-28
3.78336114800000e+02 1.02756049438196e-27
3.78404786200000e+02 1.07179534989799e-27
3.78473440800000e+02 1.12159660933451e-27
3.78542078600000e+02 1.17435036216804e-27
3.78610699800000e+02 1.22264482743372e-27
3.78679304200000e+02 1.26779184468984e-27
3.78747891900000e+02 1.31402743758083e-27
3.78816462800000e+02 1.34485097286997e-27
3.78885017000000e+02 1.34880343954319e-27
3.78953554400000e+02 1.34544394784933e-27
3.79022075100000e+02 1.34346741500955e-27
3.79090579000000e+02 1.34372712125155e-27
3.79159066200000e+02 1.35958109671271e-27
3.79227536600000e+02 1.38286430188584e-27
3.79295990200000e+02 1.40116660556210e-27
3.79364427000000e+02 1.41857045791827e-27
3.79432847000000e+02 1.45084630104342e-27
3.79501250200000e+02 1.49609588364716e-27
3.79569636700000e+02 1.54393968268515e-27
3.79638006300000e+02 1.58003283733501e-27
3.79706359100000e+02 1.58917404756259e-27
3.79774695100000e+02 1.55957400000832e-27
3.79843014300000e+02 1.51431242292393e-27
3.79911316700000e+02 1.47199194354685e-27
3.79979602300000e+02 1.41937853614770e-27
3.80047871000000e+02 1.34502657055653e-27
3.80116122900000e+02 1.26010944967541e-27
3.80184357900000e+02 1.17873530530672e-27
3.80252576100000e+02 1.11091234569044e-27
3.80320777400000e+02 1.07552850370755e-27
3.80388961900000e+02 1.06622095354057e-27
3.80457129500000e+02 1.06712668819884e-27
3.80525280300000e+02 1.07072206553180e-27
3.80593414200000e+02 1.07269418936603e-27
3.80661531200000e+02 1.07125602795772e-27
3.80729631300000e+02 1.06597760953794e-27
3.80797714600000e+02 1.05847689930599e-27
3.80865780900000e+02 1.05303657743728e-27
3.80933830400000e+02 1.05110922424216e-27
3.81001862900000e+02 1.06184270034720e-27
3.81069878600000e+02 1.09603866515145e-27
3.81137877300000e+02 1.14696182878669e-27
3.81205859200000e+02 1.20772078878631e-27
3.81273824100000e+02 1.28296256079905e-27
3.81341772100000e+02 1.35992017910097e-27
3.81409703100000e+02 1.41567275818465e-27
3.81477617200000e+02 1.44299765851920e-27
3.81545514400000e+02 1.45011368977900e-27
3.81613394600000e+02 1.45019568845965e-27
3.81681257900000e+02 1.46535143351586e-27
3.81749104300000e+02 1.49516292747930e-27
3.81816933600000e+02 1.51272431277209e-27
3.81884746000000e+02 1.49493152662480e-27
3.81952541500000e+02 1.47324796166486e-27
3.82020319900000e+02 1.46901996618679e-27
3.82088081400000e+02 1.48537966089682e-27
3.82155825900000e+02 1.52085078462617e-27
3.82223553400000e+02 1.55925710777874e-27
3.82291263900000e+02 1.57213604280581e-27
3.82358957500000e+02 1.57148038910360e-27
3.82426634000000e+02 1.57991667655514e-27
3.82494293500000e+02 1.60020645537478e-27
3.82561936000000e+02 1.62877032304044e-27
3.82629561500000e+02 1.65018652976205e-27
3.82697169900000e+02 1.64841299872314e-27
3.82764761300000e+02 1.62697618793263e-27
3.82832335700000e+02 1.59250737098267e-27
3.82899893100000e+02 1.56670928183175e-27
3.82967433400000e+02 1.56755304447249e-27
3.83034956600000e+02 1.57123297089036e-27
3.83102462900000e+02 1.56562509740405e-27
3.83169952000000e+02 1.55972424315587e-27
3.83237424100000e+02 1.54644440079110e-27
3.83304879100000e+02 1.53295626705704e-27
3.83372317100000e+02 1.52578046173016e-27
3.83439738000000e+02 1.52002212442520e-27
3.83507141700000e+02 1.51415289639583e-27
3.83574528400000e+02 1.52599849451453e-27
3.83641898100000e+02 1.53838423985881e-27
3.83709250600000e+02 1.53519754229405e-27
3.83776586000000e+02 1.54167893058996e-27
3.83843904300000e+02 1.55403081300206e-27
3.83911205500000e+02 1.54548334971190e-27
3.83978489600000e+02 1.51054945039649e-27
3.84045756500000e+02 1.45031080236092e-27
3.84113006400000e+02 1.36145078935909e-27
3.84180239100000e+02 1.27164314782817e-27
3.84247454600000e+02 1.18995416500325e-27
3.84314653100000e+02 1.10490805170303e-27
3.84381834300000e+02 1.02315434511541e-27
3.84448998500000e+02 9.67088419703945e-28
3.84516145400000e+02 9.34237920940254e-28
3.84583275200000e+02 9.16923030460128e-28
3.84650387900000e+02 9.18732387528268e-28
3.84717483400000e+02 9.39951012024170e-28
3.84784561700000e+02 9.65345066246458e-28
3.84851622800000e+02 9.79193823169214e-28
3.84918666700000e+02 9.83756270764036e-28
3.84985693500000e+02 9.88691457861274e-28
3.85052703000000e+02 1.00139036026448e-27
3.85119695400000e+02 1.01818723334890e-27
3.85186670500000e+02 1.03426440161946e-27
3.85253628400000e+02 1.04549740774564e-27
3.85320569200000e+02 1.06329587752211e-27
3.85387492700000e+02 1.09773141152807e-27
3.85454398900000e+02 1.14485938357386e-27
3.85521288000000e+02 1.19807097431938e-27
3.85588159800000e+02 1.26587344606428e-27
3.85655014400000e+02 1.34430429252187e-27
3.85721851700000e+02 1.41864429993145e-27
3.85788671800000e+02 1.47079002967597e-27
3.85855474600000e+02 1.48077849774868e-27
3.85922260200000e+02 1.45423059802867e-27
3.85989028500000e+02 1.41597634161172e-27
3.86055779500000e+02 1.36976001289168e-27
3.86122513300000e+02 1.30954893526204e-27
3.86189229800000e+02 1.23981096651347e-27
3.86255929000000e+02 1.16160414838882e-27
3.86322610900000e+02 1.09132594362992e-27
3.86389275500000e+02 1.03602716361726e-27
3.86455922800000e+02 9.97488510310682e-28
3.86522552800000e+02 9.78934849809173e-28
3.86589165500000e+02 9.76966737401210e-28
3.86655760900000e+02 9.86424254366850e-28
3.86722339000000e+02 1.00746343853639e-27
3.86788899800000e+02 1.03358771666947e-27
3.86855443200000e+02 1.06308330598897e-27
3.86921969300000e+02 1.10392588852902e-27
3.86988478100000e+02 1.14813154970951e-27
3.87054969500000e+02 1.18439276060026e-27
3.87121443500000e+02 1.20454363761481e-27
3.87187900300000e+02 1.20981989774004e-27
3.87254339600000e+02 1.20365212514215e-27
3.87320761600000e+02 1.19423767196898e-27
3.87387166200000e+02 1.18379031061387e-27
3.87453553500000e+02 1.17894526381796e-27
3.87519923400000e+02 1.18491412095372e-27
3.87586275900000e+02 1.20240385816167e-27
3.87652611000000e+02 1.21944046389337e-27
3.87718928700000e+02 1.23032963459684e-27
3.87785229100000e+02 1.24514514173906e-27
3.87851512000000e+02 1.26589097635721e-27
3.87917777500000e+02 1.29049530478072e-27
3.87984025600000e+02 1.31387248958578e-27
3.88050256300000e+02 1.31864184582395e-27
3.88116469600000e+02 1.29498539595928e-27
3.88182665400000e+02 1.27354544870597e-27
3.88248843800000e+02 1.28088635468796e-27
3.88315004800000e+02 1.31415794979823e-27
3.88381148400000e+02 1.35929544902441e-27
3.88447274500000e+02 1.39653666625472e-27
3.88513383100000e+02 1.41298373689413e-27
3.88579474300000e+02 1.41518685767221e-27
3.88645548000000e+02 1.41644425945963e-27
3.88711604300000e+02 1.40737366503054e-27
3.88777643100000e+02 1.38080920212437e-27
3.88843664400000e+02 1.33362563618633e-27
3.88909668200000e+02 1.26708578760443e-27
3.88975654600000e+02 1.20207804471979e-27
3.89041623500000e+02 1.15516037136136e-27
3.89107574800000e+02 1.11606864191815e-27
3.89173508700000e+02 1.08086128219922e-27
3.89239425100000e+02 1.06366014664074e-27
3.89305323900000e+02 1.06307833075616e-27
3.89371205300000e+02 1.06645378162606e-27
3.89437069100000e+02 1.07006486746491e-27
3.89502915400000e+02 1.08048496175154e-27
3.89568744200000e+02 1.09303188447734e-27
3.89634555400000e+02 1.10253671291659e-27
3.89700349100000e+02 1.11297800810928e-27
3.89766125300000e+02 1.12194178281730e-27
3.89831883900000e+02 1.11587584279390e-27
3.89897624900000e+02 1.11353647264903e-27
3.89963348400000e+02 1.13079378449323e-27
3.90029054300000e+02 1.15856055951162e-27
3.90094742700000e+02 1.18326449044134e-27
3.90160413500000e+02 1.20471417478774e-27
3.90226066700000e+02 1.22273431785992e-27
3.90291702300000e+02 1.24267440788106e-27
3.90357320400000e+02 1.26510539809539e-27
3.90422920800000e+02 1.27756176161300e-27
3.90488503700000e+02 1.27007250634608e-27
3.90554068900000e+02 1.23972840795226e-27
3.90619616600000e+02 1.20012393593233e-27
3.90685146600000e+02 1.16160614408977e-27
3.90750659000000e+02 1.12046011556214e-27
3.90816153800000e+02 1.06371261506412e-27
3.90881631000000e+02 9.99861162202924e-28
3.90947090500000e+02 9.44084238558914e-28
3.91012532400000e+02 9.06904460867941e-28
3.91077956700000e+02 8.83906664259461e-28
3.91143363300000e+02 8.70895543007264e-28
3.91208752200000e+02 8.60638629458743e-28
3.91274123500000e+02 8.51401776952091e-28
3.91339477200000e+02 8.47757908833599e-28
3.91404813100000e+02 8.53494455460018e-28
3.91470131400000e+02 8.67232998585212e-28
3.91535432100000e+02 8.86047440276784e-28
3.91600715000000e+02 9.05729895744522e-28
3.91665980200000e+02 9.27067850858011e-28
3.91731227800000e+02 9.54542751974650e-28
3.91796457700000e+02 9.86605589628266e-28
3.91861669900000e+02 1.01187948770195e-27
3.91926864300000e+02 1.02751537013975e-27
3.91992041100000e+02 1.03933907516245e-27
3.92057200100000e+02 1.04766933095333e-27
3.92122341400000e+02 1.04204788321100e-27
3.92187465000000e+02 1.02795532112464e-27
3.92252570900000e+02 1.01579387678481e-27
3.92317659000000e+02 1.00438284820180e-27
3.92382729400000e+02 1.00250991448755e-27
3.92447782000000e+02 1.01924847922512e-27
3.92512816900000e+02 1.05433050903007e-27
3.92577834100000e+02 1.09987669541375e-27
3.92642833400000e+02 1.16250797618176e-27
3.92707815100000e+02 1.24697025720784e-27
3.92772778900000e+02 1.35296509312446e-27
3.92837725000000e+02 1.47467633925303e-27
3.92902653300000e+02 1.61285595808658e-27
3.92967563800000e+02 1.77176027641097e-27
3.93032456500000e+02 1.93963224995474e-27
3.93097331400000e+02 2.09934391616480e-27
3.93162188500000e+02 2.23521895202357e-27
3.93227027800000e+02 2.32527704004765e-27
3.93291849400000e+02 2.35908765599479e-27
3.93356653100000e+02 2.34598289544350e-27
3.93421438900000e+02 2.29233622099960e-27
3.93486207000000e+02 2.19540510611496e-27
3.93550957200000e+02 2.05186842372224e-27
3.93615689600000e+02 1.86689786330160e-27
3.93680404200000e+02 1.66406358548165e-27
3.93745100900000e+02 1.47604445744907e-27
3.93809779700000e+02 1.31755873250337e-27
3.93874440800000e+02 1.18964496906205e-27
3.93939083900000e+02 1.09194787189377e-27
3.94003709200000e+02 1.02332538017832e-27
3.94068316600000e+02 9.80233929133090e-28
3.94132906200000e+02 9.56340628551904e-28
3.94197477900000e+02 9.41875994624509e-28
3.94262031600000e+02 9.24454088383532e-28
3.94326567600000e+02 9.03450602018971e-28
3.94391085600000e+02 8.81908774711965e-28
3.94455585700000e+02 8.64584169908366e-28
3.94520067900000e+02 8.50474194444719e-28
3.94584532200000e+02 8.33801457638320e-28
3.94648978600000e+02 8.05414485625830e-28
3.94713407100000e+02 7.72393642711278e-28
3.94777817600000e+02 7.47773579523421e-28
3.94842210300000e+02 7.34092297468515e-28
3.94906585000000e+02 7.28817397613246e-28
3.94970941700000e+02 7.29025775146003e-28
3.95035280500000e+02 7.30272743747906e-28
3.95099601400000e+02 7.27271197521132e-28
3.95163904300000e+02 7.20038866253472e-28
3.95228189300000e+02 7.16330452448615e-28
3.95292456300000e+02 7.19363924516247e-28
3.95356705400000e+02 7.28847809427599e-28
3.95420936400000e+02 7.39135650896146e-28
3.95485149500000e+02 7.44207640176045e-28
3.95549344600000e+02 7.41104511237395e-28
3.95613521800000e+02 7.40825209587321e-28
3.95677680900000e+02 7.51329089506731e-28
3.95741822000000e+02 7.75517086926780e-28
3.95805945200000e+02 8.14825619490242e-28
3.95870050300000e+02 8.66989218663365e-28
3.95934137400000e+02 9.19899518581434e-28
3.95998206600000e+02 9.66862629767349e-28
3.96062257700000e+02 1.01377513552823e-27
3.96126290700000e+02 1.06836290394971e-27
3.96190305800000e+02 1.13628375216768e-27
3.96254302800000e+02 1.22296311967950e-27
3.96318281700000e+02 1.33000017966959e-27
3.96382242600000e+02 1.45010109446171e-27
3.96446185500000e+02 1.58399117844025e-27
3.96510110300000e+02 1.74854938888719e-27
3.96574017100000e+02 1.93284584926330e-27
3.96637905800000e+02 2.10527048781796e-27
3.96701776400000e+02 2.23572003110079e-27
3.96765629000000e+02 2.31510783140719e-27
3.96829463400000e+02 2.34227885384167e-27
3.96893279800000e+02 2.31723814301358e-27
3.96957078100000e+02 2.24313697319765e-27
3.97020858300000e+02 2.12229049290067e-27
3.97084620400000e+02 1.95517480257049e-27
3.97148364400000e+02 1.75848270813250e-27
3.97212090300000e+02 1.56404970454779e-27
3.97275798100000e+02 1.39324579508157e-27
3.97339487800000e+02 1.25112045737465e-27
3.97403159300000e+02 1.13677504097404e-27
3.97466812700000e+02 1.04542989656730e-27
3.97530448000000e+02 9.69624605836169e-28
3.97594065200000e+02 9.03870241967494e-28
3.97657664200000e+02 8.44275389928448e-28
3.97721245000000e+02 7.93323959565487e-28
3.97784807700000e+02 7.53912186965116e-28
3.97848352300000e+02 7.26707309297857e-28
3.97911878600000e+02 7.07469702879546e-28
3.97975386900000e+02 6.95469716258218e-28
3.98038876900000e+02 6.90659106488657e-28
3.98102348800000e+02 6.93544601669252e-28
3.98165802500000e+02 7.02621526952945e-28
3.98229238000000e+02 7.14762782361659e-28
3.98292655300000e+02 7.29358040075017e-28
3.98356054400000e+02 7.46520115724984e-28
3.98419435300000e+02 7.61995420118441e-28
3.98482798000000e+02 7.71792499312540e-28
3.98546142500000e+02 7.76116446426320e-28
3.98609468700000e+02 7.78327445142544e-28
3.98672776800000e+02 7.79942877774328e-28
3.98736066600000e+02 7.83392602885615e-28
3.98799338200000e+02 7.85561112571102e-28
3.98862591600000e+02 7.84103542318533e-28
3.98925826700000e+02 7.78285720180779e-28
3.98989043600000e+02 7.72204010917568e-28
3.99052242200000e+02 7.72250149785715e-28
3.99115422600000e+02 7.79005644463479e-28
3.99178584700000e+02 7.90201334526082e-28
3.99241728500000e+02 8.03033591079108e-28
3.99304854100000e+02 8.19092999535624e-28
3.99367961400000e+02 8.40030108694837e-28
3.99431050400000e+02 8.66123214912403e-28
3.99494121100000e+02 8.96389970120538e-28
3.99557173600000e+02 9.24518742319433e-28
3.99620207700000e+02 9.42848940845915e-28
3.99683223600000e+02 9.48343691818461e-28
3.99746221100000e+02 9.44731280949600e-28
3.99809200300000e+02 9.35632997644470e-28
3.99872161200000e+02 9.24698487263137e-28
3.99935103800000e+02 9.12415080594056e-28
3.99998028100000e+02 8.95374392236794e-28
4.00060934100000e+02 8.78005225023913e-28
4.00123821700000e+02 8.73524633976507e-28
4.00186691000000e+02 8.91715955290909e-28
4.00249541900000e+02 9.27757355202044e-28
4.00312374500000e+02 9.64842483172206e-28
4.00375188700000e+02 9.88973282696252e-28
4.00437984600000e+02 1.00179827606393e-27
4.00500762100000e+02 1.00868383749562e-27
4.00563521200000e+02 1.01027839735611e-27
4.00626262000000e+02 1.00689842433232e-27
4.00688984300000e+02 9.95579652291240e-28
4.00751688300000e+02 9.65096737816264e-28
4.00814374000000e+02 9.16591108259507e-28
4.00877041200000e+02 8.72056631147111e-28
4.00939690000000e+02 8.35960228112160e-28
4.01002320400000e+02 8.07526584150493e-28
4.01064932400000e+02 7.87236688896516e-28
4.01127526000000e+02 7.74717542049976e-28
4.01190101200000e+02 7.63818844599579e-28
4.01252658000000e+02 7.52174497017770e-28
4.01315196300000e+02 7.43449337394042e-28
4.01377716200000e+02 7.40135764879159e-28
4.01440217700000e+02 7.43244473940031e-28
4.01502700700000e+02 7.51783504527609e-28
4.01565165300000e+02 7.63756523537910e-28
4.01627611400000e+02 7.78380225479858e-28
4.01690039000000e+02 7.98015104699377e-28
4.01752448200000e+02 8.29325041529073e-28
4.01814839000000e+02 8.72221686186444e-28
4.01877211200000e+02 9.20316672668932e-28
4.01939565000000e+02 9.67226656230990e-28
4.02001900300000e+02 1.00812221377200e-27
4.02064217200000e+02 1.04357426348152e-27
4.02126515500000e+02 1.07966626041074e-27
4.02188795300000e+02 1.11635209013169e-27
4.02251056700000e+02 1.14262858207933e-27
4.02313299500000e+02 1.15082388067018e-27
4.02375523800000e+02 1.14640832323529e-27
4.02437729600000e+02 1.13505765020962e-27
4.02499916900000e+02 1.12481639406619e-27
4.02562085600000e+02 1.12262861617466e-27
4.02624235900000e+02 1.13107033420709e-27
4.02686367600000e+02 1.15330734464990e-27
4.02748480700000e+02 1.19498226245244e-27
4.02810575300000e+02 1.25484561175738e-27
4.02872651400000e+02 1.31917467086892e-27
4.02934708900000e+02 1.37665522091371e-27
4.02996747800000e+02 1.43691080558841e-27
4.03058768200000e+02 1.49761290726816e-27
4.03120770000000e+02 1.54505951664387e-27
4.03182753200000e+02 1.56884768737413e-27
4.03244717800000e+02 1.56588201555522e-27
4.03306663900000e+02 1.52018517481250e-27
4.03368591400000e+02 1.44130367114789e-27
4.03430500300000e+02 1.35927101222120e-27
4.03492390600000e+02 1.27630692981462e-27
4.03554262200000e+02 1.18155072629047e-27
4.03616115300000e+02 1.08710694416945e-27
4.03677949800000e+02 1.00833126765049e-27
4.03739765600000e+02 9.40819988630129e-28
4.03801562800000e+02 8.91398197405489e-28
4.03863341400000e+02 8.59532843862960e-28
4.03925101300000e+02 8.44693034409694e-28
4.03986842600000e+02 8.41869148582489e-28
4.04048565300000e+02 8.56356701787007e-28
4.04110269300000e+02 8.88989258882104e-28
4.04171954700000e+02 9.39334857061886e-28
4.04233621400000e+02 1.00619970423970e-27
4.04295269500000e+02 1.08083216607947e-27
4.04356898800000e+02 1.14316253126853e-27
4.04418509500000e+02 1.17345813496670e-27
4.04480101600000e+02 1.18170819128584e-27
4.04541674900000e+02 1.18214302915430e-27
4.04603229600000e+02 1.17382458766430e-27
4.04664765500000e+02 1.15028494014635e-27
4.04726282800000e+02 1.10920871564136e-27
4.04787781400000e+02 1.04695594918796e-27
4.04849261200000e+02 9.62518558800363e-28
4.04910722400000e+02 8.87404147824015e-28
4.04972164800000e+02 8.39982553159328e-28
4.05033588500000e+02 8.13117992481821e-28
4.05094993500000e+02 7.96451100745777e-28
4.05156379700000e+02 7.89487310637936e-28
4.05217747300000e+02 7.94306196309528e-28
4.05279096000000e+02 8.05793624707325e-28
4.05340426000000e+02 8.18338673554772e-28
4.05401737300000e+02 8.30401614473026e-28
4.05463029800000e+02 8.42135925314794e-28
4.05524303600000e+02 8.53144982482750e-28
4.05585558600000e+02 8.61858494504175e-28
4.05646794800000e+02 8.66138461805308e-28
4.05708012200000e+02 8.64572844967390e-28
4.05769210900000e+02 8.58680659008529e-28
4.05830390800000e+02 8.56857578147481e-28
4.05891551900000e+02 8.65633810143798e-28
4.05952694100000e+02 8.85980302155008e-28
4.06013817600000e+02 9.15675748078377e-28
4.06074922300000e+02 9.53211125996772e-28
4.06136008200000e+02 9.89494514099317e-28
4.06197075300000e+02 1.01188281500222e-27
4.06258123500000e+02 1.02302349303233e-27
4.06319152900000e+02 1.03204865029179e-27
4.06380163500000e+02 1.04022428716738e-27
4.06441155200000e+02 1.04321275143051e-27
4.06502128100000e+02 1.03474573880683e-27
4.06563082200000e+02 1.00915755316896e-27
4.06624017400000e+02 9.64373877658118e-28
4.06684933800000e+02 9.23285759509615e-28
4.06745831300000e+02 9.04451372138422e-28
4.06806709900000e+02 9.07990154084543e-28
4.06867569700000e+02 9.26966829875595e-28
4.06928410600000e+02 9.48648595798056e-28
4.06989232600000e+02 9.60782477984739e-28
4.07050035700000e+02 9.59903797338502e-28
4.07110820000000e+02 9.58148922641385e-28
4.07171585300000e+02 9.61481595610298e-28
4.07232331800000e+02 9.68424085830079e-28
4.07293059300000e+02 9.76167009741088e-28
4.07353767900000e+02 9.82257414070739e-28
4.07414457700000e+02 9.81818694640082e-28
4.07475128500000e+02 9.79327440579766e-28
4.07535780300000e+02 9.86533314320004e-28
4.07596413300000e+02 9.97257086415946e-28
4.07657027300000e+02 1.00276946487433e-27
4.07717622400000e+02 1.00253447332288e-27
4.07778198500000e+02 9.97138076604165e-28
4.07838755700000e+02 9.86018131708455e-28
4.07899294000000e+02 9.67198035850463e-28
4.07959813200000e+02 9.42530695355458e-28
4.08020313600000e+02 9.13469860160182e-28
4.08080794900000e+02 8.85590379688583e-28
4.08141257300000e+02 8.65981951820724e-28
4.08201700700000e+02 8.50899799690722e-28
4.08262125100000e+02 8.38670266419141e-28
4.08322530600000e+02 8.28775635355195e-28
4.08382917000000e+02 8.19914238041888e-28
4.08443284400000e+02 8.09541300117538e-28
4.08503632900000e+02 7.95241515601279e-28
4.08563962300000e+02 7.76433554955948e-28
4.08624272700000e+02 7.53478319852505e-28
4.08684564100000e+02 7.29936205023851e-28
4.08744836500000e+02 7.07122379271821e-28
4.08805089900000e+02 6.86890365350875e-28
4.08865324200000e+02 6.73079386794098e-28
4.08925539500000e+02 6.66529857554525e-28
4.08985735800000e+02 6.65998343383632e-28
4.09045913000000e+02 6.68912371721112e-28
4.09106071100000e+02 6.72853067000196e-28
4.09166210200000e+02 6.78678754329263e-28
4.09226330300000e+02 6.87910035585195e-28
4.09286431200000e+02 7.00220928133510e-28
4.09346513100000e+02 7.13508674905683e-28
4.09406576000000e+02 7.26753440041967e-28
4.09466619700000e+02 7.38706915525921e-28
4.09526644400000e+02 7.50627481675944e-28
4.09586649900000e+02 7.67381992652148e-28
4.09646636400000e+02 7.89889250998605e-28
4.09706603800000e+02 8.16065143123122e-28
4.09766552100000e+02 8.46462642035775e-28
4.09826481200000e+02 8.81609401171043e-28
4.09886391300000e+02 9.17956847871909e-28
4.09946282200000e+02 9.50290139147064e-28
4.10006154000000e+02 9.73071687413273e-28
4.10066006700000e+02 9.84706313397546e-28
4.10125840200000e+02 9.87298324081515e-28
4.10185654600000e+02 9.84591028345988e-28
4.10245449900000e+02 9.75099265341969e-28
4.10305226000000e+02 9.56474426330990e-28
4.10364982900000e+02 9.28642072009477e-28
4.10424720700000e+02 8.93365833398424e-28
4.10484439300000e+02 8.57635937427503e-28
4.10544138800000e+02 8.27743212489645e-28
4.10603819100000e+02 8.04145573903345e-28
4.10663480200000e+02 7.86796456838944e-28
4.10723122100000e+02 7.74953416671958e-28
4.10782744900000e+02 7.67707962341666e-28
4.10842348400000e+02 7.62555099630825e-28
4.10901932700000e+02 7.57577925628085e-28
4.10961497900000e+02 7.52035682002131e-28
4.11021043800000e+02 7.44254370470957e-28
4.11080570500000e+02 7.35697889091371e-28
4.11140078000000e+02 7.26808786489787e-28
4.11199566300000e+02 7.17355471520880e-28
4.11259035400000e+02 7.07006052932205e-28
4.11318485200000e+02 6.97129816984864e-28
4.11377915800000e+02 6.89516024906956e-28
4.11437327100000e+02 6.85632807423656e-28
4.11496719200000e+02 6.86988695363640e-28
4.11556092100000e+02 6.95335710916714e-28
4.11615445600000e+02 7.09729424781209e-28
4.11674780000000e+02 7.24691495320057e-28
4.11734095000000e+02 7.35100458029424e-28
4.11793390800000e+02 7.44810028011666e-28
4.11852667300000e+02 7.56546867645120e-28
4.11911924500000e+02 7.68895323126592e-28
4.11971162500000e+02 7.78688364067881e-28
4.12030381100000e+02 7.84232201526307e-28
4.12089580500000e+02 7.82572036467916e-28
4.12148760500000e+02 7.73200513747018e-28
4.12207921300000e+02 7.63912903408917e-28
4.12267062700000e+02 7.58502360921989e-28
4.12326184800000e+02 7.56781049381684e-28
4.12385287600000e+02 7.55636569834190e-28
4.12444371100000e+02 7.54879519272197e-28
4.12503435200000e+02 7.56327914940454e-28
4.12562480000000e+02 7.59391548938386e-28
4.12621505500000e+02 7.61988634975765e-28
4.12680511600000e+02 7.65749893079446e-28
4.12739498400000e+02 7.73832373998090e-28
4.12798465800000e+02 7.86001041331754e-28
4.12857413800000e+02 8.03045717149219e-28
4.12916342500000e+02 8.27014478701490e-28
4.12975251800000e+02 8.53994721819562e-28
4.13034141800000e+02 8.73170022868191e-28
4.13093012300000e+02 8.85183503297379e-28
4.13151863500000e+02 8.96465768047879e-28
4.13210695300000e+02 9.05108578618840e-28
4.13269507700000e+02 9.06602264215318e-28
4.13328300700000e+02 8.99984236819937e-28
4.13387074300000e+02 8.87277045327368e-28
4.13445828500000e+02 8.63301003826423e-28
4.13504563200000e+02 8.29018423204750e-28
4.13563278600000e+02 7.94475769002777e-28
4.13621974500000e+02 7.63504633391184e-28
4.13680651000000e+02 7.34302573875875e-28
4.13739308000000e+02 7.08167598003774e-28
4.13797945700000e+02 6.93678739989286e-28
4.13856563800000e+02 6.91473129955671e-28
4.13915162600000e+02 6.98309000014029e-28
4.13973741800000e+02 7.13865027971195e-28
4.14032301700000e+02 7.41383340639480e-28
4.14090842000000e+02 7.78490280091916e-28
4.14149362900000e+02 8.15124200237778e-28
4.14207864300000e+02 8.40084473034931e-28
4.14266346200000e+02 8.52086758283553e-28
4.14324808700000e+02 8.58883289274628e-28
4.14383251700000e+02 8.63444619743685e-28
4.14441675100000e+02 8.64188236900489e-28
4.14500079100000e+02 8.58695118786884e-28
4.14558463600000e+02 8.44906686365115e-28
4.14616828500000e+02 8.18352171274509e-28
4.14675174000000e+02 7.86585025611894e-28
4.14733499900000e+02 7.64428881075590e-28
4.14791806300000e+02 7.51445705231163e-28
4.14850093200000e+02 7.44377068410075e-28
4.14908360600000e+02 7.42847526553013e-28
4.14966608400000e+02 7.47061638493525e-28
4.15024836700000e+02 7.53325806534172e-28
4.15083045400000e+02 7.62724563987170e-28
4.15141234600000e+02 7.76825130417349e-28
4.15199404200000e+02 7.89982309670996e-28
4.15257554200000e+02 7.99366028474271e-28
4.15315684700000e+02 8.07254180765217e-28
4.15373795600000e+02 8.16826743863797e-28
4.15431887000000e+02 8.25047451966551e-28
4.15489958700000e+02 8.27732122441584e-28
4.15548010900000e+02 8.27157557491698e-28
4.15606043500000e+02 8.22484008042310e-28
4.15664056500000e+02 8.09876586649563e-28
4.15722049900000e+02 7.90409472965633e-28
4.15780023700000e+02 7.71000909142840e-28
4.15837977800000e+02 7.55062672484343e-28
4.15895912400000e+02 7.37472892675092e-28
4.15953827300000e+02 7.16999255297975e-28
4.16011722600000e+02 6.97404357312521e-28
4.16069598300000e+02 6.81217184017441e-28
4.16127454400000e+02 6.68228858578368e-28
4.16185290800000e+02 6.57289821632180e-28
4.16243107500000e+02 6.50054123622163e-28
4.16300904600000e+02 6.46388333518759e-28
4.16358682100000e+02 6.45545466199041e-28
4.16416439900000e+02 6.47601103560301e-28
4.16474178000000e+02 6.54087742445747e-28
4.16531896500000e+02 6.62609352818204e-28
4.16589595300000e+02 6.68944059363569e-28
4.16647274400000e+02 6.73679471514087e-28
4.16704933800000e+02 6.80980769376946e-28
4.16762573500000e+02 6.92523756638965e-28
4.16820193600000e+02 7.08007141057054e-28
4.16877793900000e+02 7.28152302905424e-28
4.16935374600000e+02 7.50628326623430e-28
4.16992935500000e+02 7.71264634452150e-28
4.17050476700000e+02 7.89692533611939e-28
4.17107998200000e+02 8.07276299242213e-28
4.17165500000000e+02 8.23831655997460e-28
4.17222982000000e+02 8.38477928649318e-28
4.17280444300000e+02 8.51218454223952e-28
4.17337886900000e+02 8.60018628171463e-28
4.17395309700000e+02 8.62989204699399e-28
4.17452712800000e+02 8.60556420332129e-28
4.17510096100000e+02 8.52102735037396e-28
4.17567459700000e+02 8.39292986830462e-28
4.17624803500000e+02 8.23856055475982e-28
4.17682127600000e+02 8.09507708972748e-28
4.17739431800000e+02 7.96544025763040e-28
4.17796716300000e+02 7.84959898184525e-28
4.17853981000000e+02 7.78162128765428e-28
4.17911226000000e+02 7.75467280907502e-28
4.17968451100000e+02 7.73092496691128e-28
4.18025656400000e+02 7.66604602054115e-28
4.18082841900000e+02 7.59436624570438e-28
4.18140007700000e+02 7.55842510313615e-28
4.18197153600000e+02 7.55189068685323e-28
4.18254279700000e+02 7.57796534181067e-28
4.18311385900000e+02 7.63791154159664e-28
4.18368472400000e+02 7.73607698299519e-28
4.18425539000000e+02 7.85488163763697e-28
4.18482585800000e+02 7.97607420982866e-28
4.18539612700000e+02 8.08583039531197e-28
4.18596619800000e+02 8.14724045699012e-28
4.18653607000000e+02 8.14740124956385e-28
4.18710574400000e+02 8.11182668244973e-28
4.18767521900000e+02 8.07099985791922e-28
4.18824449600000e+02 8.05085037765936e-28
4.18881357400000e+02 8.01878622418113e-28
4.18938245300000e+02 7.90578969693679e-28
4.18995113300000e+02 7.67437354366987e-28
4.19051961500000e+02 7.39307027837193e-28
4.19108789700000e+02 7.16283618444381e-28
4.19165598100000e+02 7.01863017721022e-28
4.19222386500000e+02 6.97178728753573e-28
4.19279155100000e+02 7.01017080445724e-28
4.19335903700000e+02 7.09532398402595e-28
4.19392632500000e+02 7.17635737392645e-28
4.19449341300000e+02 7.28054824630675e-28
4.19506030100000e+02 7.47948239802088e-28
4.19562699100000e+02 7.77095385289116e-28
4.19619348100000e+02 8.09545445471526e-28
4.19675977200000e+02 8.36938333288823e-28
4.19732586300000e+02 8.57096948879048e-28
4.19789175500000e+02 8.71461424456976e-28
4.19845744700000e+02 8.84392495878948e-28
4.19902294000000e+02 8.97497813115069e-28
4.19958823300000e+02 9.08012870255580e-28
4.20015332700000e+02 9.10403164026710e-28
4.20071822000000e+02 8.98429342782317e-28
4.20128291400000e+02 8.76834946692956e-28
4.20184740800000e+02 8.54344327179010e-28
4.20241170200000e+02 8.34709868525864e-28
4.20297579600000e+02 8.16635181090524e-28
4.20353969100000e+02 7.97951150496620e-28
4.20410338500000e+02 7.77885830168395e-28
4.20466687900000e+02 7.53667916077598e-28
4.20523017300000e+02 7.30085926733377e-28
4.20579326700000e+02 7.11990641452310e-28
4.20635616000000e+02 6.98367685128446e-28
4.20691885400000e+02 6.88156733836145e-28
4.20748134600000e+02 6.81899422095929e-28
4.20804363900000e+02 6.78426322108666e-28
4.20860573100000e+02 6.74698034360292e-28
4.20916762300000e+02 6.67844350118132e-28
4.20972931400000e+02 6.61463850737512e-28
4.21029080500000e+02 6.59395751550032e-28
4.21085209400000e+02 6.61985405604952e-28
4.21141318400000e+02 6.68749720822522e-28
4.21197407200000e+02 6.80508856183425e-28
4.21253476000000e+02 6.96466373967265e-28
4.21309524700000e+02 7.13589399335968e-28
4.21365553300000e+02 7.29420048754717e-28
4.21421561800000e+02 7.41483945402652e-28
4.21477550300000e+02 7.50392562643105e-28
4.21533518600000e+02 7.57429947168025e-28
4.21589466800000e+02 7.62780862817419e-28
4.21645394900000e+02 7.66103682349674e-28
4.21701302900000e+02 7.66554225056427e-28
4.21757190700000e+02 7.59904336307274e-28
4.21813058500000e+02 7.42646322408640e-28
4.21868906100000e+02 7.22252049615462e-28
4.21924733600000e+02 7.08544358739074e-28
4.21980540900000e+02 7.03270789222374e-28
4.22036328100000e+02 7.04864314384773e-28
4.22092095100000e+02 7.15502409598359e-28
4.22147842000000e+02 7.36809839987107e-28
4.22203568700000e+02 7.67607473692870e-28
4.22259275300000e+02 8.10003259912322e-28
4.22314961600000e+02 8.67554391456500e-28
4.22370627800000e+02 9.38656653447346e-28
4.22426273900000e+02 1.01005579926881e-27
4.22481899700000e+02 1.06357002478044e-27
4.22537505400000e+02 1.09105174244210e-27
4.22593090800000e+02 1.09922094505892e-27
4.22648656100000e+02 1.09459779712655e-27
4.22704201100000e+02 1.08011953422686e-27
4.22759726000000e+02 1.05662036869932e-27
4.22815230600000e+02 1.02203966347324e-27
4.22870715000000e+02 9.72743180308370e-28
4.22926179200000e+02 9.04948807901678e-28
4.22981623200000e+02 8.35319095908855e-28
4.23037046900000e+02 7.85058560713798e-28
4.23092450400000e+02 7.56464775105180e-28
4.23147833600000e+02 7.41555452997942e-28
4.23203196600000e+02 7.33479747200036e-28
4.23258539300000e+02 7.34692847453491e-28
4.23313861800000e+02 7.46027842730525e-28
4.23369164000000e+02 7.61068342580162e-28
4.23424446000000e+02 7.73427649214920e-28
4.23479707600000e+02 7.80972842267490e-28
4.23534949000000e+02 7.84039861965497e-28
4.23590170100000e+02 7.81882387133327e-28
4.23645371000000e+02 7.77471161898569e-28
4.23700551500000e+02 7.74142420175381e-28
4.23755711700000e+02 7.69122093704430e-28
4.23810851600000e+02 7.56863546406178e-28
4.23865971300000e+02 7.36511773581180e-28
4.23921070600000e+02 7.17099657510783e-28
4.23976149600000e+02 7.02758458384297e-28
4.24031208200000e+02 6.92124954112588e-28
4.24086246600000e+02 6.81848660284139e-28
4.24141264600000e+02 6.70960116732684e-28
4.24196262300000e+02 6.61526908879583e-28
4.24251239600000e+02 6.55195216405832e-28
4.24306196600000e+02 6.54122302464859e-28
4.24361133200000e+02 6.59612167782556e-28
4.24416049500000e+02 6.71086777571813e-28
4.24470945400000e+02 6.85695839334572e-28
4.24525820900000e+02 6.99749148893606e-28
4.24580676100000e+02 7.13203901739480e-28
4.24635510900000e+02 7.29101240023330e-28
4.24690325300000e+02 7.49957049398350e-28
4.24745119300000e+02 7.74054455764527e-28
4.24799893000000e+02 7.95996113586374e-28
4.24854646200000e+02 8.11066674591448e-28
4.24909379100000e+02 8.16193119239793e-28
4.24964091500000e+02 8.12929200474109e-28
4.25018783500000e+02 8.08084154985379e-28
4.25073455100000e+02 8.06927070425257e-28
4.25128106300000e+02 8.10159331991540e-28
4.25182737100000e+02 8.14049274477805e-28
4.25237347400000e+02 8.10565352944450e-28
4.25291937300000e+02 7.94055260934619e-28
4.25346506800000e+02 7.70502096637633e-28
4.25401055800000e+02 7.50352679459603e-28
4.25455584300000e+02 7.38311753524321e-28
4.25510092400000e+02 7.33144921575685e-28
4.25564580100000e+02 7.32763634918675e-28
