2.78428201100000e+02 0.00000000000000e+00
2.78513749000000e+02 0.00000000000000e+00
2.78599285100000e+02 0.00000000000000e+00
2.78684809300000e+02 0.00000000000000e+00
2.78770321800000e+02 0.00000000000000e+00
2.78855822300000e+02 0.00000000000000e+00
2.78941311100000e+02 0.00000000000000e+00
2.79026788000000e+02 0.00000000000000e+00
2.79112253000000e+02 0.00000000000000e+00
2.79197706200000e+02 0.00000000000000e+00
2.79283147600000e+02 0.00000000000000e+00
2.79368577100000e+02 0.00000000000000e+00
2.79453994700000e+02 0.00000000000000e+00
2.79539400500000e+02 0.00000000000000e+00
2.79624794400000e+02 0.00000000000000e+00
2.79710176400000e+02 0.00000000000000e+00
2.79795546600000e+02 0.00000000000000e+00
2.79880904900000e+02 0.00000000000000e+00
2.79966251300000e+02 0.00000000000000e+00
2.80051585900000e+02 0.00000000000000e+00
2.80136908600000e+02 0.00000000000000e+00
2.80222219300000e+02 0.00000000000000e+00
2.80307518200000e+02 0.00000000000000e+00
2.80392805200000e+02 0.00000000000000e+00
2.80478080400000e+02 0.00000000000000e+00
2.80563343600000e+02 0.00000000000000e+00
2.80648594900000e+02 0.00000000000000e+00
2.80733834300000e+02 0.00000000000000e+00
2.80819061800000e+02 0.00000000000000e+00
2.80904277400000e+02 0.00000000000000e+00
2.80989481100000e+02 0.00000000000000e+00
2.81074672900000e+02 0.00000000000000e+00
2.81159852800000e+02 0.00000000000000e+00
2.81245020700000e+02 0.00000000000000e+00
2.81330176700000e+02 0.00000000000000e+00
2.81415320800000e+02 0.00000000000000e+00
2.81500453000000e+02 0.00000000000000e+00
2.81585573200000e+02 0.00000000000000e+00
2.81670681500000e+02 0.00000000000000e+00
2.81755777900000e+02 0.00000000000000e+00
2.81840862300000e+02 0.00000000000000e+00
2.81925934800000e+02 0.00000000000000e+00
2.82010995400000e+02 0.00000000000000e+00
2.82096043900000e+02 0.00000000000000e+00
2.82181080600000e+02 0.00000000000000e+00
2.82266105300000e+02 0.00000000000000e+00
2.82351118000000e+02 0.00000000000000e+00
2.82436118700000e+02 0.00000000000000e+00
2.82521107500000e+02 0.00000000000000e+00
2.82606084400000e+02 0.00000000000000e+00
2.82691049200000e+02 0.00000000000000e+00
2.82776002100000e+02 0.00000000000000e+00
2.82860943000000e+02 0.00000000000000e+00
2.82945872000000e+02 0.00000000000000e+00
2.83030788900000e+02 0.00000000000000e+00
2.83115693900000e+02 0.00000000000000e+00
2.83200586900000e+02 0.00000000000000e+00
2.83285467900000e+02 0.00000000000000e+00
2.83370336900000e+02 0.00000000000000e+00
2.83455193900000e+02 0.00000000000000e+00
2.83540038900000e+02 0.00000000000000e+00
2.83624871900000e+02 0.00000000000000e+00
2.83709692900000e+02 0.00000000000000e+00
2.83794501900000e+02 0.00000000000000e+00
2.83879298900000e+02 0.00000000000000e+00
2.83964083800000e+02 0.00000000000000e+00
2.84048856800000e+02 0.00000000000000e+00
2.84133617700000e+02 0.00000000000000e+00
2.84218366600000e+02 0.00000000000000e+00
2.84303103500000e+02 0.00000000000000e+00
2.84387828300000e+02 0.00000000000000e+00
2.84472541200000e+02 0.00000000000000e+00
2.84557242000000e+02 0.00000000000000e+00
2.84641930700000e+02 0.00000000000000e+00
2.84726607400000e+02 0.00000000000000e+00
2.84811272100000e+02 0.00000000000000e+00
2.84895924700000e+02 0.00000000000000e+00
2.84980565300000e+02 0.00000000000000e+00
2.85065193800000e+02 0.00000000000000e+00
2.85149810300000e+02 0.00000000000000e+00
2.85234414700000e+02 0.00000000000000e+00
2.85319007000000e+02 0.00000000000000e+00
2.85403587300000e+02 0.00000000000000e+00
2.85488155500000e+02 0.00000000000000e+00
2.85572711700000e+02 0.00000000000000e+00
2.85657255700000e+02 0.00000000000000e+00
2.85741787700000e+02 0.00000000000000e+00
2.85826307700000e+02 0.00000000000000e+00
2.85910815500000e+02 0.00000000000000e+00
2.85995311200000e+02 0.00000000000000e+00
2.86079794900000e+02 0.00000000000000e+00
2.86164266500000e+02 0.00000000000000e+00
2.86248726000000e+02 0.00000000000000e+00
2.86333173400000e+02 0.00000000000000e+00
2.86417608600000e+02 0.00000000000000e+00
2.86502031800000e+02 0.00000000000000e+00
2.86586442900000e+02 0.00000000000000e+00
2.86670841900000e+02 0.00000000000000e+00
2.86755228700000e+02 0.00000000000000e+00
2.86839603500000e+02 0.00000000000000e+00
2.86923966100000e+02 0.00000000000000e+00
2.87008316600000e+02 0.00000000000000e+00
2.87092655000000e+02 0.00000000000000e+00
2.87176981300000e+02 0.00000000000000e+00
2.87261295400000e+02 0.00000000000000e+00
2.87345597400000e+02 0.00000000000000e+00
2.87429887300000e+02 0.00000000000000e+00
2.87514165000000e+02 0.00000000000000e+00
2.87598430600000e+02 0.00000000000000e+00
2.87682684100000e+02 0.00000000000000e+00
2.87766925400000e+02 0.00000000000000e+00
2.87851154500000e+02 0.00000000000000e+00
2.87935371500000e+02 0.00000000000000e+00
2.88019576400000e+02 0.00000000000000e+00
2.88103769000000e+02 0.00000000000000e+00
2.88187949600000e+02 0.00000000000000e+00
2.88272117900000e+02 0.00000000000000e+00
2.88356274100000e+02 0.00000000000000e+00
2.88440418200000e+02 0.00000000000000e+00
2.88524550000000e+02 0.00000000000000e+00
2.88608669700000e+02 0.00000000000000e+00
2.88692777200000e+02 0.00000000000000e+00
2.88776872500000e+02 0.00000000000000e+00
2.88860955600000e+02 0.00000000000000e+00
2.88945026600000e+02 0.00000000000000e+00
2.89029085300000e+02 0.00000000000000e+00
2.89113131900000e+02 0.00000000000000e+00
2.89197166300000e+02 0.00000000000000e+00
2.89281188400000e+02 0.00000000000000e+00
2.89365198400000e+02 0.00000000000000e+00
2.89449196100000e+02 0.00000000000000e+00
2.89533181700000e+02 0.00000000000000e+00
2.89617155000000e+02 0.00000000000000e+00
2.89701116200000e+02 0.00000000000000e+00
2.89785065100000e+02 0.00000000000000e+00
2.89869001800000e+02 0.00000000000000e+00
2.89952926200000e+02 0.00000000000000e+00
2.90036838500000e+02 0.00000000000000e+00
2.90120738500000e+02 0.00000000000000e+00
2.90204626300000e+02 0.00000000000000e+00
2.90288501800000e+02 0.00000000000000e+00
2.90372365100000e+02 0.00000000000000e+00
2.90456216200000e+02 0.00000000000000e+00
2.90540055000000e+02 0.00000000000000e+00
2.90623881600000e+02 0.00000000000000e+00
2.90707695900000e+02 0.00000000000000e+00
2.90791498000000e+02 0.00000000000000e+00
2.90875287800000e+02 0.00000000000000e+00
2.90959065400000e+02 0.00000000000000e+00
2.91042830700000e+02 0.00000000000000e+00
2.91126583700000e+02 0.00000000000000e+00
2.91210324500000e+02 0.00000000000000e+00
2.91294053000000e+02 0.00000000000000e+00
2.91377769200000e+02 0.00000000000000e+00
2.91461473200000e+02 0.00000000000000e+00
2.91545164800000e+02 0.00000000000000e+00
2.91628844200000e+02 0.00000000000000e+00
2.91712511300000e+02 0.00000000000000e+00
2.91796166200000e+02 0.00000000000000e+00
2.91879808700000e+02 0.00000000000000e+00
2.91963438900000e+02 0.00000000000000e+00
2.92047056900000e+02 0.00000000000000e+00
2.92130662500000e+02 0.00000000000000e+00
2.92214255800000e+02 0.00000000000000e+00
2.92297836900000e+02 0.00000000000000e+00
2.92381405600000e+02 0.00000000000000e+00
2.92464962000000e+02 0.00000000000000e+00
2.92548506100000e+02 0.00000000000000e+00
2.92632037900000e+02 0.00000000000000e+00
2.92715557400000e+02 0.00000000000000e+00
2.92799064500000e+02 0.00000000000000e+00
2.92882559300000e+02 0.00000000000000e+00
2.92966041800000e+02 0.00000000000000e+00
2.93049511900000e+02 0.00000000000000e+00
2.93132969800000e+02 0.00000000000000e+00
2.93216415200000e+02 0.00000000000000e+00
2.93299848400000e+02 0.00000000000000e+00
2.93383269200000e+02 0.00000000000000e+00
2.93466677600000e+02 0.00000000000000e+00
2.93550073700000e+02 0.00000000000000e+00
2.93633457500000e+02 0.00000000000000e+00
2.93716828900000e+02 0.00000000000000e+00
2.93800187900000e+02 0.00000000000000e+00
2.93883534600000e+02 0.00000000000000e+00
2.93966868900000e+02 0.00000000000000e+00
2.94050190800000e+02 0.00000000000000e+00
2.94133500400000e+02 0.00000000000000e+00
2.94216797600000e+02 1.25395001609229e-26
2.94300082400000e+02 3.24420008020299e-27
2.94383354900000e+02 2.31627828505005e-27
2.94466614900000e+02 1.89798337810914e-27
2.94549862600000e+02 1.69148835202104e-27
2.94633097900000e+02 1.67234034334413e-27
2.94716320800000e+02 1.69241556511405e-27
2.94799531300000e+02 1.72167716851146e-27
2.94882729400000e+02 1.96230508746745e-27
2.94965915100000e+02 2.36023312449924e-27
2.95049088400000e+02 2.43674706300583e-27
2.95132249300000e+02 2.47399797658480e-27
2.95215397800000e+02 2.61062512736543e-27
2.95298533900000e+02 2.90366322612573e-27
2.95381657600000e+02 3.11025909494552e-27
2.95464768800000e+02 3.15224247076992e-27
2.95547867700000e+02 3.11038597401402e-27
2.95630954100000e+02 3.00318697327066e-27
2.95714028100000e+02 2.85439490473361e-27
2.95797089600000e+02 2.38422478908386e-27
2.95880138800000e+02 1.99356472605895e-27
2.95963175400000e+02 1.78783061302367e-27
2.96046199700000e+02 1.69675853224314e-27
2.96129211500000e+02 1.68938920408717e-27
2.96212210900000e+02 1.73421791037192e-27
2.96295197800000e+02 1.86480464658194e-27
2.96378172300000e+02 2.20340241104298e-27
2.96461134300000e+02 2.61745850521615e-27
2.96544083800000e+02 2.94218091590186e-27
2.96627020900000e+02 3.23963711278182e-27
2.96709945600000e+02 3.52962390563065e-27
2.96792857800000e+02 3.75080253008556e-27
2.96875757500000e+02 3.82899885258217e-27
2.96958644700000e+02 3.78784696067589e-27
2.97041519500000e+02 3.80472975742643e-27
2.97124381800000e+02 3.78570040973688e-27
2.97207231600000e+02 3.64677928658776e-27
2.97290068900000e+02 3.48498671280373e-27
2.97372893800000e+02 3.33078981422426e-27
2.97455706100000e+02 3.13743578668134e-27
2.97538506000000e+02 2.86970837546500e-27
2.97621293400000e+02 2.62647148438711e-27
2.97704068200000e+02 2.53871689038759e-27
2.97786830600000e+02 2.57463443503395e-27
2.97869580500000e+02 2.73352827610169e-27
2.97952317900000e+02 2.98954671978727e-27
2.98035042700000e+02 3.38280935880755e-27
2.98117755100000e+02 3.88693641783013e-27
2.98200454900000e+02 4.33928046740305e-27
2.98283142200000e+02 4.71508387972062e-27
2.98365817000000e+02 4.95769598758276e-27
2.98448479300000e+02 5.05309790518185e-27
2.98531129000000e+02 5.02050303028210e-27
2.98613766300000e+02 4.77493647009380e-27
2.98696390900000e+02 4.39996578321912e-27
2.98779003100000e+02 4.00685224874108e-27
2.98861602700000e+02 3.65511726038894e-27
2.98944189800000e+02 3.40853847523719e-27
2.99026764300000e+02 3.24249301521778e-27
2.99109326300000e+02 3.21484220290441e-27
2.99191875700000e+02 3.32123002990535e-27
2.99274412600000e+02 3.38171562949897e-27
2.99356937000000e+02 3.38408561728238e-27
2.99439448700000e+02 3.36650455904171e-27
2.99521947900000e+02 3.35703702473553e-27
2.99604434600000e+02 3.46157455134329e-27
2.99686908600000e+02 3.66847983074031e-27
2.99769370100000e+02 3.97224768031226e-27
2.99851819100000e+02 4.40176770988147e-27
2.99934255400000e+02 4.82162093457237e-27
3.00016679200000e+02 5.25324172981298e-27
3.00099090400000e+02 5.54747040126896e-27
3.00181489000000e+02 5.52220939811068e-27
3.00263875000000e+02 5.26736669767788e-27
3.00346248500000e+02 4.91337320906305e-27
3.00428609300000e+02 4.63246273712757e-27
3.00510957500000e+02 4.44199745957902e-27
3.00593293200000e+02 4.22297496668912e-27
3.00675616200000e+02 4.07810962399236e-27
3.00757926700000e+02 3.98510918672411e-27
3.00840224500000e+02 3.91406280952395e-27
3.00922509700000e+02 3.86815706426271e-27
3.01004782300000e+02 3.69792427521615e-27
3.01087042300000e+02 3.45396895006902e-27
3.01169289600000e+02 3.26419572842654e-27
3.01251524400000e+02 3.16522568424078e-27
3.01333746500000e+02 3.20681107323800e-27
3.01415956000000e+02 3.36516841225598e-27
3.01498152800000e+02 3.66569888537670e-27
3.01580337000000e+02 4.12383841833835e-27
3.01662508600000e+02 4.73996283046406e-27
3.01744667500000e+02 5.60019339478085e-27
3.01826813800000e+02 6.57158462170713e-27
3.01908947500000e+02 7.12408995569807e-27
3.01991068500000e+02 7.20460546976122e-27
3.02073176800000e+02 7.11359084458243e-27
3.02155272500000e+02 6.96722478055766e-27
3.02237355500000e+02 6.66096568634286e-27
3.02319425900000e+02 6.10842273806514e-27
3.02401483600000e+02 5.37878306460403e-27
3.02483528600000e+02 4.81535967654992e-27
3.02565561000000e+02 4.47262936699570e-27
3.02647580700000e+02 4.25412763033652e-27
3.02729587700000e+02 4.10040269253304e-27
3.02811582000000e+02 3.90172578244241e-27
3.02893563700000e+02 3.64726756896351e-27
3.02975532700000e+02 3.46795550673953e-27
3.03057488900000e+02 3.39233834118020e-27
3.03139432500000e+02 3.39023946010539e-27
3.03221363400000e+02 3.38278699826529e-27
3.03303281600000e+02 3.38504209912318e-27
3.03385187100000e+02 3.50210773478732e-27
3.03467079900000e+02 3.86873620401434e-27
3.03548960000000e+02 4.26719862451638e-27
3.03630827400000e+02 4.50152021130647e-27
3.03712682100000e+02 4.74142782056386e-27
3.03794524000000e+02 5.06516598176388e-27
3.03876353300000e+02 5.38659777058314e-27
3.03958169800000e+02 5.48193307603910e-27
3.04039973600000e+02 5.24520796614939e-27
3.04121764700000e+02 5.01425742927424e-27
3.04203543000000e+02 4.89899979960374e-27
3.04285308600000e+02 4.77002549007895e-27
3.04367061500000e+02 4.63176900756818e-27
3.04448801600000e+02 4.59930858956695e-27
3.04530529000000e+02 4.59851985268545e-27
3.04612243600000e+02 4.52107427584788e-27
3.04693945500000e+02 4.41157566396434e-27
3.04775634700000e+02 4.37532500278149e-27
3.04857311100000e+02 4.33892444651030e-27
3.04938974700000e+02 4.13054132850357e-27
3.05020625600000e+02 3.79039652748375e-27
3.05102263800000e+02 3.58160552670309e-27
3.05183889100000e+02 3.57768589561948e-27
3.05265501700000e+02 3.63568744794426e-27
3.05347101500000e+02 3.74249183484676e-27
3.05428688600000e+02 4.12901832126793e-27
3.05510262800000e+02 4.73894160011644e-27
3.05591824300000e+02 5.24237978769859e-27
3.05673373000000e+02 5.55028502703633e-27
3.05754909000000e+02 5.62739499986459e-27
3.05836432100000e+02 5.56642690413924e-27
3.05917942500000e+02 5.39580638197277e-27
3.05999440000000e+02 5.00125232725998e-27
3.06080924800000e+02 4.52535937081575e-27
3.06162396700000e+02 4.12841435890033e-27
3.06243855900000e+02 3.84799999482982e-27
3.06325302200000e+02 3.84244933198126e-27
3.06406735800000e+02 4.05575725666441e-27
3.06488156500000e+02 4.28670183028329e-27
3.06569564400000e+02 4.38677646019201e-27
3.06650959500000e+02 4.33976845351687e-27
3.06732341800000e+02 4.21812259608183e-27
3.06813711200000e+02 4.07844220037083e-27
3.06895067800000e+02 3.89278800545256e-27
3.06976411600000e+02 3.67144365543337e-27
3.07057742600000e+02 3.47709787142631e-27
3.07139060700000e+02 3.39248270100182e-27
3.07220366000000e+02 3.47599379094420e-27
3.07301658400000e+02 3.66497517166310e-27
3.07382938000000e+02 3.75728751825244e-27
3.07464204800000e+02 3.74712775020488e-27
3.07545458700000e+02 3.75892843708952e-27
3.07626699800000e+02 3.78644471561964e-27
3.07707928000000e+02 3.77814872335564e-27
3.07789143300000e+02 3.73606206643295e-27
3.07870345800000e+02 3.75529184611913e-27
3.07951535400000e+02 3.91726285124453e-27
3.08032712100000e+02 4.01263636941062e-27
3.08113876000000e+02 3.99307326680979e-27
3.08195027000000e+02 3.91022037432391e-27
3.08276165100000e+02 3.79444902533978e-27
3.08357290400000e+02 3.66123379362345e-27
3.08438402700000e+02 3.49128963470120e-27
3.08519502200000e+02 3.33455997748684e-27
3.08600588800000e+02 3.23208273834125e-27
3.08681662500000e+02 3.22227007478077e-27
3.08762723300000e+02 3.40063230500538e-27
3.08843771200000e+02 3.75828654266108e-27
3.08924806200000e+02 4.21951333310580e-27
3.09005828300000e+02 4.78807391089510e-27
3.09086837500000e+02 5.18429512199071e-27
3.09167833800000e+02 5.30475083482737e-27
3.09248817200000e+02 5.31925227998329e-27
3.09329787600000e+02 5.28642911687891e-27
3.09410745200000e+02 5.23947496271147e-27
3.09491689800000e+02 5.01290337461349e-27
3.09572621500000e+02 4.59246959695301e-27
3.09653540300000e+02 4.43033107127782e-27
3.09734446100000e+02 4.65478578915851e-27
3.09815339000000e+02 5.00943923556441e-27
3.09896219000000e+02 5.29547095482642e-27
3.09977086000000e+02 5.37477009257671e-27
3.10057940100000e+02 5.29963966937547e-27
3.10138781300000e+02 5.15213785319367e-27
3.10219609500000e+02 4.87107019645030e-27
3.10300424800000e+02 4.43881045462580e-27
3.10381227100000e+02 3.92861419139762e-27
3.10462016400000e+02 3.39373680724800e-27
3.10542792800000e+02 2.98244623995619e-27
3.10623556200000e+02 2.75874162445221e-27
3.10704306700000e+02 2.66916684117435e-27
3.10785044200000e+02 2.66832081354809e-27
3.10865768700000e+02 2.66569216716239e-27
3.10946480200000e+02 2.67090880167458e-27
3.11027178800000e+02 2.71018084158107e-27
3.11107864400000e+02 2.80823745582109e-27
3.11188537000000e+02 2.91697644815906e-27
3.11269196600000e+02 2.95261285734586e-27
3.11349843300000e+02 2.98690761471531e-27
3.11430476900000e+02 3.08492676267475e-27
3.11511097600000e+02 3.21464620131386e-27
3.11591705200000e+02 3.36628971063468e-27
3.11672299900000e+02 3.50270745744998e-27
3.11752881500000e+02 3.65021135181826e-27
3.11833450200000e+02 3.79327792338911e-27
3.11914005800000e+02 3.84591864425864e-27
3.11994548400000e+02 3.80403501115162e-27
3.12075078000000e+02 3.70876261516385e-27
3.12155594600000e+02 3.61385374459950e-27
3.12236098200000e+02 3.58786503812163e-27
3.12316588800000e+02 3.54806840002226e-27
3.12397066300000e+02 3.43168126921083e-27
3.12477530800000e+02 3.29977764733083e-27
3.12557982200000e+02 3.23048672703387e-27
3.12638420600000e+02 3.22661871606573e-27
3.12718846000000e+02 3.19992138421038e-27
3.12799258400000e+02 3.10823472775430e-27
3.12879657700000e+02 3.02251865987981e-27
3.12960043900000e+02 3.02664396292635e-27
3.13040417100000e+02 3.11127403660913e-27
3.13120777300000e+02 3.24840173516598e-27
3.13201124400000e+02 3.34596406696723e-27
3.13281458400000e+02 3.35612825570654e-27
3.13361779400000e+02 3.33359602939300e-27
3.13442087300000e+02 3.28364964117990e-27
3.13522382100000e+02 3.16185543823318e-27
3.13602663900000e+02 2.98497767842344e-27
3.13682932600000e+02 2.78124275213958e-27
3.13763188200000e+02 2.62664401522845e-27
3.13843430700000e+02 2.53041432197140e-27
3.13923660200000e+02 2.49788810459251e-27
3.14003876500000e+02 2.61119608047522e-27
3.14084079800000e+02 2.91056841455497e-27
3.14164270000000e+02 3.26140897092963e-27
3.14244447100000e+02 3.51705449125433e-27
3.14324611100000e+02 3.67616964479103e-27
3.14404762000000e+02 3.79237034115644e-27
3.14484899800000e+02 3.85304518193288e-27
3.14565024500000e+02 3.76674226256933e-27
3.14645136100000e+02 3.49685376347462e-27
3.14725234500000e+02 3.17634611179526e-27
3.14805319900000e+02 2.92052767248604e-27
3.14885392100000e+02 2.75100122311964e-27
3.14965451200000e+02 2.64738971345754e-27
3.15045497200000e+02 2.57308632539070e-27
3.15125530100000e+02 2.56910035901103e-27
3.15205549800000e+02 2.63177964273639e-27
3.15285556400000e+02 2.71979416667243e-27
3.15365549900000e+02 2.84790344356337e-27
3.15445530200000e+02 3.03358054627194e-27
3.15525497400000e+02 3.24673965191046e-27
3.15605451400000e+02 3.47658957799465e-27
3.15685392300000e+02 3.65473092117308e-27
3.15765320100000e+02 3.78991632609227e-27
3.15845234700000e+02 3.93422897253464e-27
3.15925136100000e+02 4.01717079191535e-27
3.16005024400000e+02 3.96815625704617e-27
3.16084899500000e+02 3.80416190668579e-27
3.16164761400000e+02 3.59365548600274e-27
3.16244610200000e+02 3.40809574669348e-27
3.16324445800000e+02 3.23964877851117e-27
3.16404268200000e+02 3.05168949549956e-27
3.16484077500000e+02 2.88130898187645e-27
3.16563873600000e+02 2.79956615397132e-27
3.16643656500000e+02 2.75580870978450e-27
3.16723426200000e+02 2.68628058757964e-27
3.16803182700000e+02 2.60250462940441e-27
3.16882926000000e+02 2.51641408733686e-27
3.16962656200000e+02 2.43590393106681e-27
3.17042373100000e+02 2.35068526956218e-27
3.17122076800000e+02 2.25266070687985e-27
3.17201767400000e+02 2.20479544875894e-27
3.17281444700000e+02 2.22012803801695e-27
3.17361108800000e+02 2.25897034086741e-27
3.17440759700000e+02 2.32964679289725e-27
3.17520397400000e+02 2.47622955234525e-27
3.17600021900000e+02 2.70912876047647e-27
3.17679633100000e+02 3.00612636598698e-27
3.17759231200000e+02 3.28330059780537e-27
3.17838816000000e+02 3.52336035705417e-27
3.17918387500000e+02 3.74008830726155e-27
3.17997945900000e+02 3.88512558044313e-27
3.18077491000000e+02 3.94615899809811e-27
3.18157022800000e+02 3.90235680821213e-27
3.18236541500000e+02 3.74548511494967e-27
3.18316046900000e+02 3.53234945827265e-27
3.18395539000000e+02 3.30304561555140e-27
3.18475017900000e+02 3.09665378565660e-27
3.18554483500000e+02 2.93329686129815e-27
3.18633935900000e+02 2.78319108114958e-27
3.18713375000000e+02 2.66137020280092e-27
3.18792800800000e+02 2.63513093229446e-27
3.18872213400000e+02 2.70742510923434e-27
3.18951612700000e+02 2.84215139373056e-27
3.19030998800000e+02 3.02774802987572e-27
3.19110371500000e+02 3.18556737284394e-27
3.19189731000000e+02 3.31527773635441e-27
3.19269077200000e+02 3.44524684214948e-27
3.19348410200000e+02 3.54711286861979e-27
3.19427729800000e+02 3.62633734861235e-27
3.19507036200000e+02 3.58281107326263e-27
3.19586329200000e+02 3.43078935784702e-27
3.19665609000000e+02 3.34024338287931e-27
3.19744875500000e+02 3.32754550610047e-27
3.19824128700000e+02 3.27713802548867e-27
3.19903368500000e+02 3.13474145265111e-27
3.19982595100000e+02 2.96236834086239e-27
3.20061808300000e+02 2.82618571352537e-27
3.20141008300000e+02 2.70518335037737e-27
3.20220194900000e+02 2.55779815840825e-27
3.20299368200000e+02 2.38717209247463e-27
3.20378528200000e+02 2.24473357860794e-27
3.20457674900000e+02 2.15818343315161e-27
3.20536808200000e+02 2.11950485138265e-27
3.20615928200000e+02 2.16770922886094e-27
3.20695034900000e+02 2.29723598562745e-27
3.20774128200000e+02 2.47435265495077e-27
3.20853208200000e+02 2.68292293653911e-27
3.20932274900000e+02 2.92374898155399e-27
3.21011328200000e+02 3.15203112299695e-27
3.21090368200000e+02 3.37194883529394e-27
3.21169394800000e+02 3.54529047962140e-27
3.21248408000000e+02 3.60472202781092e-27
3.21327407900000e+02 3.58365099639342e-27
3.21406394500000e+02 3.53229563971009e-27
3.21485367700000e+02 3.43503561658788e-27
3.21564327500000e+02 3.28631553177711e-27
3.21643273900000e+02 3.09738958633034e-27
3.21722207000000e+02 2.92519666116430e-27
3.21801126700000e+02 2.79464376996623e-27
3.21880033000000e+02 2.72974356644022e-27
3.21958926000000e+02 2.70565485536599e-27
3.22037805600000e+02 2.68397981408531e-27
3.22116671700000e+02 2.69326848863410e-27
3.22195524500000e+02 2.73791226505888e-27
3.22274363900000e+02 2.83549992905197e-27
3.22353189900000e+02 2.97108337188680e-27
3.22432002500000e+02 3.07356929638810e-27
3.22510801700000e+02 3.17155930702132e-27
3.22589587500000e+02 3.30998974278238e-27
3.22668359900000e+02 3.46424496124670e-27
3.22747118900000e+02 3.55127780325769e-27
3.22825864500000e+02 3.53979860530394e-27
3.22904596600000e+02 3.48026300301875e-27
3.22983315400000e+02 3.42580639489738e-27
3.23062020700000e+02 3.36738955444703e-27
3.23140712600000e+02 3.32307302573079e-27
3.23219391100000e+02 3.27642250056537e-27
3.23298056100000e+02 3.23062799543405e-27
3.23376707700000e+02 3.24161145398965e-27
3.23455345900000e+02 3.24236337708705e-27
3.23533970600000e+02 3.19209394122536e-27
3.23612581900000e+02 3.14803127233530e-27
3.23691179700000e+02 3.06491401528282e-27
3.23769764100000e+02 2.91356868284141e-27
3.23848335100000e+02 2.77727030959103e-27
3.23926892600000e+02 2.67468847930982e-27
3.24005436600000e+02 2.63516650610135e-27
3.24083967200000e+02 2.63965934527026e-27
3.24162484300000e+02 2.60892096482149e-27
3.24240987900000e+02 2.56512381518553e-27
3.24319478100000e+02 2.61198789255215e-27
3.24397954800000e+02 2.74117553689962e-27
3.24476418100000e+02 2.93694142623690e-27
3.24554867800000e+02 3.13846440411820e-27
3.24633304100000e+02 3.27301340321365e-27
3.24711726900000e+02 3.36442172347141e-27
3.24790136200000e+02 3.46461126187163e-27
3.24868532000000e+02 3.54946036175178e-27
3.24946914300000e+02 3.56368111777042e-27
3.25025283200000e+02 3.48298080929958e-27
3.25103638500000e+02 3.35610234653703e-27
3.25181980300000e+02 3.22979230745988e-27
3.25260308700000e+02 3.09173672897135e-27
3.25338623500000e+02 2.93704162946695e-27
3.25416924800000e+02 2.78965550406801e-27
3.25495212600000e+02 2.63653893278197e-27
3.25573486900000e+02 2.46878484616037e-27
3.25651747700000e+02 2.29557989284888e-27
3.25729994900000e+02 2.15787625743524e-27
3.25808228600000e+02 2.09854709123705e-27
3.25886448800000e+02 2.09582519343133e-27
3.25964655500000e+02 2.10155405955660e-27
3.26042848600000e+02 2.11136741254269e-27
3.26121028200000e+02 2.15975250917026e-27
3.26199194300000e+02 2.24475871092761e-27
3.26277346800000e+02 2.32039634303356e-27
3.26355485700000e+02 2.33497137177759e-27
3.26433611200000e+02 2.31051108729889e-27
3.26511723000000e+02 2.29846986568854e-27
3.26589821400000e+02 2.28937708927334e-27
3.26667906100000e+02 2.26661458490350e-27
3.26745977300000e+02 2.24160476810135e-27
3.26824035000000e+02 2.26588438061945e-27
3.26902079000000e+02 2.34518317190882e-27
3.26980109500000e+02 2.41464641230228e-27
3.27058126500000e+02 2.48371273598197e-27
3.27136129800000e+02 2.58859626496716e-27
3.27214119600000e+02 2.65544070165360e-27
3.27292095800000e+02 2.66887487274806e-27
3.27370058400000e+02 2.65229168722051e-27
3.27448007500000e+02 2.60571925248399e-27
3.27525942900000e+02 2.57192579901899e-27
3.27603864700000e+02 2.54875833347585e-27
3.27681773000000e+02 2.50615303475498e-27
3.27759667700000e+02 2.48151218787946e-27
3.27837548700000e+02 2.46633136935368e-27
3.27915416200000e+02 2.44686876861677e-27
3.27993270000000e+02 2.44902144699671e-27
3.28071110300000e+02 2.44266192027218e-27
3.28148936900000e+02 2.41290139906141e-27
3.28226749900000e+02 2.39914472144692e-27
3.28304549300000e+02 2.42497703550165e-27
3.28382335100000e+02 2.51490903521151e-27
3.28460107200000e+02 2.60456021078003e-27
3.28537865700000e+02 2.63901115773935e-27
3.28615610600000e+02 2.65299657486841e-27
3.28693341900000e+02 2.64266584578447e-27
3.28771059500000e+02 2.59909669930391e-27
3.28848763500000e+02 2.53602232127129e-27
3.28926453800000e+02 2.42999892626635e-27
3.29004130500000e+02 2.28793938197499e-27
3.29081793500000e+02 2.14400893726491e-27
3.29159442900000e+02 2.01111570701479e-27
3.29237078700000e+02 1.92659184082725e-27
3.29314700700000e+02 1.88005819718375e-27
3.29392309200000e+02 1.83483283105271e-27
3.29469903900000e+02 1.78932023312222e-27
3.29547485000000e+02 1.76217593796190e-27
3.29625052400000e+02 1.75719305036464e-27
3.29702606200000e+02 1.75281167078263e-27
3.29780146300000e+02 1.74598765121240e-27
3.29857672700000e+02 1.76497949502061e-27
3.29935185400000e+02 1.84213967147741e-27
3.30012684400000e+02 1.94614353272628e-27
3.30090169800000e+02 2.02510700977792e-27
3.30167641500000e+02 2.10037943583468e-27
3.30245099400000e+02 2.22924388973570e-27
3.30322543700000e+02 2.43608643731191e-27
3.30399974300000e+02 2.62062059407354e-27
3.30477391200000e+02 2.69559080635825e-27
3.30554794300000e+02 2.69356692131238e-27
3.30632183800000e+02 2.67909400522053e-27
3.30709559600000e+02 2.65463050645833e-27
3.30786921600000e+02 2.58683791500933e-27
3.30864269900000e+02 2.44879576576953e-27
3.30941604600000e+02 2.30006854451621e-27
3.31018925400000e+02 2.20354911673557e-27
3.31096232600000e+02 2.15187057573429e-27
3.31173526000000e+02 2.15177947525530e-27
3.31250805700000e+02 2.19270575408595e-27
3.31328071700000e+02 2.22603148485801e-27
3.31405324000000e+02 2.23539037179340e-27
3.31482562500000e+02 2.23230411772381e-27
3.31559787200000e+02 2.22801657831948e-27
3.31636998200000e+02 2.21711919503820e-27
3.31714195500000e+02 2.20142468048149e-27
3.31791379000000e+02 2.18922584117442e-27
3.31868548800000e+02 2.19908825266030e-27
3.31945704800000e+02 2.28243563815668e-27
3.32022847000000e+02 2.40564272742632e-27
3.32099975500000e+02 2.49010537696677e-27
3.32177090200000e+02 2.52820608352619e-27
3.32254191100000e+02 2.52227703933753e-27
3.32331278300000e+02 2.49262181761623e-27
3.32408351700000e+02 2.47861254916067e-27
3.32485411300000e+02 2.42146399158371e-27
3.32562457200000e+02 2.33013178231022e-27
3.32639489200000e+02 2.29690266115533e-27
3.32716507500000e+02 2.31324345489988e-27
3.32793512000000e+02 2.32333452614399e-27
3.32870502700000e+02 2.33432852015218e-27
3.32947479600000e+02 2.35380351833219e-27
3.33024442700000e+02 2.35472838341388e-27
3.33101391900000e+02 2.35770522635399e-27
3.33178327400000e+02 2.36792356817197e-27
3.33255249100000e+02 2.39803224544589e-27
3.33332157000000e+02 2.48446479079251e-27
3.33409051100000e+02 2.57907128666661e-27
3.33485931300000e+02 2.61121364339140e-27
3.33562797700000e+02 2.62194419491511e-27
3.33639650300000e+02 2.63783731316101e-27
3.33716489100000e+02 2.64380395689433e-27
3.33793314100000e+02 2.62242826828012e-27
3.33870125200000e+02 2.56205830186168e-27
3.33946922500000e+02 2.49834249009688e-27
3.34023705900000e+02 2.43613399331756e-27
3.34100475500000e+02 2.37631074448649e-27
3.34177231300000e+02 2.32125236658958e-27
3.34253973200000e+02 2.24700006309051e-27
3.34330701300000e+02 2.17694463053620e-27
3.34407415500000e+02 2.13900213810561e-27
3.34484115900000e+02 2.11971951178645e-27
3.34560802400000e+02 2.18346639383563e-27
3.34637475100000e+02 2.37312129265789e-27
3.34714133900000e+02 2.54566342764629e-27
3.34790778800000e+02 2.62280843869949e-27
3.34867409900000e+02 2.64911406618566e-27
3.34944027100000e+02 2.64079981178373e-27
3.35020630400000e+02 2.59973273833911e-27
3.35097219800000e+02 2.50633032995136e-27
3.35173795300000e+02 2.31770826335628e-27
3.35250357000000e+02 2.09593577431484e-27
3.35326904800000e+02 1.95524547269106e-27
3.35403438700000e+02 1.88220078909914e-27
3.35479958700000e+02 1.86444534046691e-27
3.35556464800000e+02 1.92319322491905e-27
3.35632957000000e+02 2.04912335067522e-27
3.35709435300000e+02 2.23529762246719e-27
3.35785899700000e+02 2.48028798085115e-27
3.35862350200000e+02 2.76128868464407e-27
3.35938786800000e+02 2.96367861349587e-27
3.36015209500000e+02 3.04643417140151e-27
3.36091618200000e+02 3.04290617989430e-27
3.36168013100000e+02 2.95933030829177e-27
3.36244394000000e+02 2.81719716490390e-27
3.36320761000000e+02 2.64410429702596e-27
3.36397114100000e+02 2.44294446045124e-27
3.36473453200000e+02 2.28869048502867e-27
3.36549778400000e+02 2.25094928866583e-27
3.36626089600000e+02 2.31161332024330e-27
3.36702387000000e+02 2.43323111618498e-27
3.36778670400000e+02 2.55893108701997e-27
3.36854939800000e+02 2.67203680498746e-27
3.36931195300000e+02 2.80464780599813e-27
3.37007436800000e+02 2.90507521846651e-27
3.37083664400000e+02 2.91519401346625e-27
3.37159878000000e+02 2.85490661750436e-27
3.37236077700000e+02 2.72947945629091e-27
3.37312263400000e+02 2.57955412520664e-27
3.37388435100000e+02 2.41885006941956e-27
3.37464592900000e+02 2.23457230897323e-27
3.37540736700000e+02 2.07725108967225e-27
3.37616866500000e+02 2.02429652927196e-27
3.37692982400000e+02 2.07272166545165e-27
3.37769084200000e+02 2.22445746657629e-27
3.37845172100000e+02 2.37979763111111e-27
3.37921246000000e+02 2.47432108969393e-27
3.37997305900000e+02 2.55911097153725e-27
3.38073351800000e+02 2.64790940901216e-27
3.38149383700000e+02 2.68074834448794e-27
3.38225401600000e+02 2.60675956347992e-27
3.38301405600000e+02 2.43854741815903e-27
3.38377395500000e+02 2.27101741642260e-27
3.38453371400000e+02 2.19380043808309e-27
3.38529333300000e+02 2.16810563294416e-27
3.38605281200000e+02 2.11060940782855e-27
3.38681215000000e+02 2.03221970767041e-27
3.38757134900000e+02 2.02216395682438e-27
3.38833040700000e+02 2.09472035812017e-27
3.38908932500000e+02 2.22692039395267e-27
3.38984810300000e+02 2.39849346222250e-27
3.39060674000000e+02 2.53537058202182e-27
3.39136523700000e+02 2.62139201630366e-27
3.39212359400000e+02 2.68992073590658e-27
3.39288181000000e+02 2.71822876550597e-27
3.39363988600000e+02 2.67309742410318e-27
3.39439782200000e+02 2.56817022332935e-27
3.39515561700000e+02 2.39442257366679e-27
3.39591327100000e+02 2.18539752972103e-27
3.39667078500000e+02 2.01855164191596e-27
3.39742815800000e+02 1.87444826517255e-27
3.39818539100000e+02 1.77510065995036e-27
3.39894248300000e+02 1.74440280326073e-27
3.39969943400000e+02 1.75853248930726e-27
3.40045624500000e+02 1.80889796862822e-27
3.40121291500000e+02 1.89302116630133e-27
3.40196944400000e+02 2.00561398696590e-27
3.40272583300000e+02 2.12370474106483e-27
3.40348208100000e+02 2.22750134946833e-27
3.40423818800000e+02 2.33412330389506e-27
3.40499415400000e+02 2.42635171589006e-27
3.40574997900000e+02 2.47769262659852e-27
3.40650566300000e+02 2.50752515925119e-27
3.40726120600000e+02 2.49602646189413e-27
3.40801660800000e+02 2.45222955736203e-27
3.40877186900000e+02 2.43639131926603e-27
3.40952699000000e+02 2.45259833604724e-27
3.41028196900000e+02 2.50625236925262e-27
3.41103680700000e+02 2.60002292670325e-27
3.41179150400000e+02 2.70696178985464e-27
3.41254605900000e+02 2.77600063645865e-27
3.41330047400000e+02 2.79330865734488e-27
3.41405474700000e+02 2.78843636323607e-27
3.41480887900000e+02 2.76006686828156e-27
3.41556287000000e+02 2.66710361900958e-27
3.41631671900000e+02 2.50722719020752e-27
3.41707042700000e+02 2.29561685518101e-27
3.41782399400000e+02 2.09412885791877e-27
3.41857742000000e+02 1.98626956086609e-27
3.41933070400000e+02 1.95229949249630e-27
3.42008384600000e+02 1.96836335194973e-27
3.42083684700000e+02 2.01838025241712e-27
3.42158970600000e+02 2.07649698647102e-27
3.42234242400000e+02 2.13256964933314e-27
3.42309500100000e+02 2.19526480974831e-27
3.42384743500000e+02 2.28736462539825e-27
3.42459972900000e+02 2.34938936711266e-27
3.42535188000000e+02 2.32786432722342e-27
3.42610389000000e+02 2.23776990930291e-27
3.42685575800000e+02 2.11616849746397e-27
3.42760748400000e+02 2.01780732715368e-27
3.42835906900000e+02 1.95161220434786e-27
3.42911051100000e+02 1.88753698280830e-27
3.42986181200000e+02 1.84032757061203e-27
3.43061297100000e+02 1.85897837104724e-27
3.43136398800000e+02 1.87651346601755e-27
3.43211486400000e+02 1.87040546366493e-27
3.43286559700000e+02 1.87968476542932e-27
3.43361618800000e+02 1.90957691635526e-27
3.43436663700000e+02 1.95690368134667e-27
3.43511694400000e+02 1.98936112532385e-27
3.43586711000000e+02 1.98752177073563e-27
3.43661713300000e+02 2.02163593980146e-27
3.43736701300000e+02 2.20595489366103e-27
3.43811675200000e+02 2.50625806307598e-27
3.43886634900000e+02 2.76729687147198e-27
3.43961580300000e+02 2.94721041892107e-27
3.44036511500000e+02 3.09978950263466e-27
3.44111428500000e+02 3.25630780849579e-27
3.44186331200000e+02 3.34381473778203e-27
3.44261219700000e+02 3.30684055168199e-27
3.44336094000000e+02 3.16229695791976e-27
3.44410954000000e+02 2.96775852400807e-27
3.44485799800000e+02 2.77063367357873e-27
3.44560631400000e+02 2.56394156675910e-27
3.44635448700000e+02 2.36241894814953e-27
3.44710251700000e+02 2.18374469743597e-27
3.44785040500000e+02 2.04288967728754e-27
3.44859815100000e+02 1.92544214980957e-27
3.44934575300000e+02 1.86280935444423e-27
3.45009321300000e+02 1.88589046923405e-27
3.45084053100000e+02 1.93582442678695e-27
3.45158770600000e+02 1.93551881935386e-27
3.45233473800000e+02 1.90541111118508e-27
3.45308162700000e+02 1.89887496602741e-27
3.45382837300000e+02 1.90638933051700e-27
3.45457497700000e+02 1.90804323547614e-27
3.45532143800000e+02 1.91354872248119e-27
3.45606775600000e+02 1.92219538191904e-27
3.45681393100000e+02 1.95703134814615e-27
3.45755996300000e+02 2.04041345915677e-27
3.45830585200000e+02 2.15783280320393e-27
3.45905159900000e+02 2.28819265606314e-27
3.45979720200000e+02 2.37052257095658e-27
3.46054266200000e+02 2.36742816381944e-27
3.46128797900000e+02 2.31363865417301e-27
3.46203315300000e+02 2.26922785573296e-27
3.46277818400000e+02 2.27454122070593e-27
3.46352307200000e+02 2.26626629199454e-27
3.46426781600000e+02 2.18015002278144e-27
3.46501241700000e+02 2.07218972386744e-27
3.46575687500000e+02 2.00436937855018e-27
3.46650119000000e+02 1.97091003909465e-27
3.46724536200000e+02 1.94126251461699e-27
3.46798939000000e+02 1.87514763934409e-27
3.46873327400000e+02 1.79516006323058e-27
3.46947701600000e+02 1.78355580120383e-27
3.47022061300000e+02 1.82908024192238e-27
3.47096406800000e+02 1.91940484818594e-27
3.47170737900000e+02 2.04471131337759e-27
3.47245054600000e+02 2.21811227775395e-27
3.47319357000000e+02 2.40499130195736e-27
3.47393645000000e+02 2.55682786773685e-27
3.47467918700000e+02 2.61664044260775e-27
3.47542178000000e+02 2.59003173397119e-27
3.47616423000000e+02 2.51105230402978e-27
3.47690653500000e+02 2.39101127880371e-27
3.47764869700000e+02 2.23059497735788e-27
3.47839071600000e+02 2.03693194177728e-27
3.47913259000000e+02 1.85470520987179e-27
3.47987432100000e+02 1.72321870310033e-27
3.48061590700000e+02 1.68129044913822e-27
3.48135735000000e+02 1.68125271106035e-27
3.48209864900000e+02 1.69108002844742e-27
3.48283980400000e+02 1.70758377813304e-27
3.48358081600000e+02 1.71388523845359e-27
3.48432168300000e+02 1.70512161453198e-27
3.48506240600000e+02 1.69588314500981e-27
3.48580298500000e+02 1.69366766964394e-27
3.48654342000000e+02 1.72180420835354e-27
3.48728371100000e+02 1.80400087227219e-27
3.48802385800000e+02 1.92004390003079e-27
3.48876386000000e+02 2.01671091026866e-27
3.48950371900000e+02 2.11584673367587e-27
3.49024343300000e+02 2.24800937697993e-27
3.49098300300000e+02 2.33322157422171e-27
3.49172242800000e+02 2.35071073154763e-27
3.49246171000000e+02 2.34586043501813e-27
3.49320084700000e+02 2.32496671771331e-27
3.49393983900000e+02 2.31286434501727e-27
3.49467868800000e+02 2.33008784359887e-27
3.49541739100000e+02 2.30353763283178e-27
3.49615595100000e+02 2.22265499154643e-27
3.49689436600000e+02 2.15913931818341e-27
3.49763263600000e+02 2.11193684826777e-27
3.49837076200000e+02 2.04577640099150e-27
3.49910874300000e+02 1.96647804065671e-27
3.49984658000000e+02 1.87171520782533e-27
3.50058427200000e+02 1.75578942379253e-27
3.50132181900000e+02 1.67438318826708e-27
3.50205922200000e+02 1.66135149185647e-27
3.50279647900000e+02 1.66615940907612e-27
3.50353359300000e+02 1.67748327461150e-27
3.50427056100000e+02 1.68183088486235e-27
3.50500738400000e+02 1.66837806564945e-27
3.50574406300000e+02 1.67680487166543e-27
3.50648059700000e+02 1.73206934147645e-27
3.50721698600000e+02 1.83269395246443e-27
3.50795323000000e+02 1.93488512090056e-27
3.50868932900000e+02 1.99216947669207e-27
3.50942528300000e+02 2.03531980070710e-27
3.51016109200000e+02 2.12347497432840e-27
3.51089675600000e+02 2.24561687268779e-27
3.51163227500000e+02 2.35961774708499e-27
3.51236764900000e+02 2.41526388077796e-27
3.51310287700000e+02 2.37150990234567e-27
3.51383796100000e+02 2.29788863423898e-27
3.51457289900000e+02 2.23038573041916e-27
3.51530769200000e+02 2.15008141279840e-27
3.51604234000000e+02 2.05533478729627e-27
3.51677684300000e+02 1.95665503776664e-27
3.51751120000000e+02 1.87735878935881e-27
3.51824541200000e+02 1.84924678502491e-27
3.51897947800000e+02 1.88293942246678e-27
3.51971339900000e+02 1.94232883414271e-27
3.52044717500000e+02 2.03926725684970e-27
3.52118080500000e+02 2.19872802080892e-27
3.52191429000000e+02 2.38860509631519e-27
3.52264762900000e+02 2.55175867431793e-27
3.52338082300000e+02 2.71548528130989e-27
3.52411387100000e+02 2.83605287722704e-27
3.52484677300000e+02 2.87554181304987e-27
3.52557953000000e+02 2.86358921060157e-27
3.52631214100000e+02 2.79480561766898e-27
3.52704460700000e+02 2.66912602752562e-27
3.52777692700000e+02 2.51208937526854e-27
3.52850910100000e+02 2.32150678651669e-27
3.52924112900000e+02 2.11392619922522e-27
3.52997301100000e+02 1.97304567111749e-27
3.53070474800000e+02 1.88807053130700e-27
3.53143633900000e+02 1.81498120496480e-27
3.53216778300000e+02 1.75218208774840e-27
3.53289908200000e+02 1.70981988872185e-27
3.53363023500000e+02 1.68789218560141e-27
3.53436124200000e+02 1.66662851440382e-27
3.53509210300000e+02 1.63074075519386e-27
3.53582281800000e+02 1.58307219998739e-27
3.53655338700000e+02 1.54764856477650e-27
3.53728380900000e+02 1.54831951189432e-27
3.53801408600000e+02 1.57887949637854e-27
3.53874421600000e+02 1.61354709895905e-27
3.53947420000000e+02 1.63465217466865e-27
3.54020403800000e+02 1.62992224857324e-27
3.54093373000000e+02 1.61396146563777e-27
3.54166327500000e+02 1.61058758867471e-27
3.54239267400000e+02 1.61719706922337e-27
3.54312192700000e+02 1.60841203919166e-27
3.54385103300000e+02 1.57366053339042e-27
3.54457999300000e+02 1.54728957647157e-27
3.54530880700000e+02 1.54761760589790e-27
3.54603747400000e+02 1.54885685730372e-27
3.54676599400000e+02 1.54074417551912e-27
3.54749436900000e+02 1.53638098141573e-27
3.54822259600000e+02 1.53381792990025e-27
3.54895067700000e+02 1.54266873387749e-27
3.54967861100000e+02 1.56144349153721e-27
3.55040639900000e+02 1.57830316070482e-27
3.55113404000000e+02 1.61137701829390e-27
3.55186153400000e+02 1.67970727499409e-27
3.55258888200000e+02 1.74096418177714e-27
3.55331608300000e+02 1.78090082522995e-27
3.55404313700000e+02 1.82797813655126e-27
3.55477004400000e+02 1.86688147854197e-27
3.55549680400000e+02 1.90145581700307e-27
3.55622341800000e+02 1.91233493131433e-27
3.55694988500000e+02 1.86758145821343e-27
3.55767620400000e+02 1.79894906052517e-27
3.55840237700000e+02 1.74941088859236e-27
3.55912840300000e+02 1.69758951843355e-27
3.55985428100000e+02 1.63409141647323e-27
3.56058001300000e+02 1.58134116817461e-27
3.56130559800000e+02 1.55353548017802e-27
3.56203103500000e+02 1.61177545411732e-27
3.56275632500000e+02 1.75234700590241e-27
3.56348146900000e+02 1.89150227371513e-27
3.56420646500000e+02 1.99186732073082e-27
3.56493131300000e+02 2.08510109909267e-27
3.56565601500000e+02 2.19836889063515e-27
3.56638056900000e+02 2.35139265300333e-27
3.56710497600000e+02 2.52039858770053e-27
3.56782923500000e+02 2.59442212545349e-27
3.56855334800000e+02 2.56265417396359e-27
3.56927731200000e+02 2.53246455574484e-27
3.57000113000000e+02 2.51714890402954e-27
3.57072480000000e+02 2.48567987415463e-27
3.57144832200000e+02 2.42313515260986e-27
3.57217169700000e+02 2.29113277432204e-27
3.57289492400000e+02 2.10797310096416e-27
3.57361800400000e+02 1.95384942288379e-27
3.57434093600000e+02 1.82387333560613e-27
3.57506372000000e+02 1.72302108225619e-27
3.57578635700000e+02 1.69656482719767e-27
3.57650884600000e+02 1.71169479127658e-27
3.57723118800000e+02 1.75655817850593e-27
3.57795338100000e+02 1.87868836879147e-27
3.57867542700000e+02 2.04428124894186e-27
3.57939732500000e+02 2.16446046866286e-27
3.58011907500000e+02 2.23679665349726e-27
3.58084067800000e+02 2.28919844773456e-27
3.58156213200000e+02 2.35082000724056e-27
3.58228343800000e+02 2.46833911029414e-27
3.58300459700000e+02 2.55924713414292e-27
3.58372560700000e+02 2.55700368520653e-27
3.58444647000000e+02 2.53453432224837e-27
3.58516718400000e+02 2.53070601890768e-27
3.58588775100000e+02 2.52278417037492e-27
3.58660816900000e+02 2.50481816939090e-27
3.58732843900000e+02 2.42836668988075e-27
3.58804856100000e+02 2.27445662224767e-27
3.58876853500000e+02 2.09587340751255e-27
3.58948836000000e+02 1.92373839169754e-27
3.59020803800000e+02 1.78415018708210e-27
3.59092756700000e+02 1.69696808056828e-27
3.59164694700000e+02 1.61807721211431e-27
3.59236618000000e+02 1.53920691919085e-27
3.59308526300000e+02 1.48318155748387e-27
3.59380419900000e+02 1.44743274606012e-27
3.59452298600000e+02 1.43151459667208e-27
3.59524162500000e+02 1.41063334398676e-27
3.59596011500000e+02 1.36324562226660e-27
3.59667845600000e+02 1.30569093354939e-27
3.59739665000000e+02 1.26426142593789e-27
3.59811469400000e+02 1.23917608799190e-27
3.59883259000000e+02 1.25256485219694e-27
3.59955033700000e+02 1.30647560068425e-27
3.60026793600000e+02 1.37327183455971e-27
3.60098538600000e+02 1.44708938016640e-27
3.60170268700000e+02 1.53998085047925e-27
3.60241983900000e+02 1.67210064046751e-27
3.60313684300000e+02 1.81059905617500e-27
3.60385369700000e+02 1.92344579102281e-27
3.60457040300000e+02 2.00001088941221e-27
3.60528696000000e+02 2.07448149071846e-27
3.60600336900000e+02 2.18326784122090e-27
3.60671962800000e+02 2.27735639361153e-27
3.60743573800000e+02 2.31753567585992e-27
3.60815169900000e+02 2.29330754737684e-27
3.60886751100000e+02 2.24496709875861e-27
3.60958317500000e+02 2.20738031410077e-27
3.61029868900000e+02 2.18656563936300e-27
3.61101405400000e+02 2.12932256016546e-27
3.61172927000000e+02 2.01601111309455e-27
3.61244433600000e+02 1.88983248432906e-27
3.61315925400000e+02 1.78390338199661e-27
3.61387402200000e+02 1.73147663344573e-27
3.61458864100000e+02 1.74594757386159e-27
3.61530311100000e+02 1.82222955379001e-27
3.61601743100000e+02 1.94979320210958e-27
3.61673160200000e+02 2.06175004575573e-27
3.61744562400000e+02 2.11997339249849e-27
3.61815949600000e+02 2.15541069316784e-27
3.61887321900000e+02 2.18694229134585e-27
3.61958679200000e+02 2.18660559875491e-27
3.62030021600000e+02 2.13776064930968e-27
3.62101349000000e+02 2.02294743200369e-27
3.62172661500000e+02 1.85409591894994e-27
3.62243959000000e+02 1.69166437775027e-27
3.62315241600000e+02 1.55824399945702e-27
3.62386509200000e+02 1.44085429359223e-27
3.62457761800000e+02 1.35209821586647e-27
3.62528999500000e+02 1.30017698218946e-27
3.62600222200000e+02 1.26589940321612e-27
3.62671429900000e+02 1.25007408261502e-27
3.62742622600000e+02 1.29074441999348e-27
3.62813800400000e+02 1.42317417308450e-27
3.62884963100000e+02 1.60814079496504e-27
3.62956110900000e+02 1.75814669857291e-27
3.63027243700000e+02 1.86420855929527e-27
3.63098361500000e+02 1.95639125300482e-27
3.63169464300000e+02 2.04396834153529e-27
3.63240552100000e+02 2.09750587639980e-27
3.63311624900000e+02 2.07480098781146e-27
3.63382682600000e+02 1.97519869361259e-27
3.63453725400000e+02 1.84804868163019e-27
3.63524753200000e+02 1.74923910536456e-27
3.63595765900000e+02 1.66455545291244e-27
3.63666763700000e+02 1.58218744687872e-27
3.63737746400000e+02 1.50817377197355e-27
3.63808714100000e+02 1.45609307522150e-27
3.63879666800000e+02 1.42213853085162e-27
3.63950604400000e+02 1.40927479355117e-27
3.64021527000000e+02 1.42564555027797e-27
3.64092434600000e+02 1.45902013504957e-27
3.64163327100000e+02 1.51147407775466e-27
3.64234204600000e+02 1.58547960453283e-27
3.64305067100000e+02 1.65685360088779e-27
3.64375914500000e+02 1.72626188059031e-27
3.64446746800000e+02 1.82481752297240e-27
3.64517564100000e+02 1.94009016322559e-27
3.64588366400000e+02 2.00575286501851e-27
3.64659153600000e+02 2.03831574072533e-27
3.64729925700000e+02 2.05151255549636e-27
3.64800682700000e+02 2.03806253352282e-27
3.64871424700000e+02 2.02081466613625e-27
3.64942151700000e+02 1.97788052678874e-27
3.65012863500000e+02 1.87273856104700e-27
3.65083560300000e+02 1.74191682033314e-27
3.65154242000000e+02 1.63493909725518e-27
3.65224908600000e+02 1.53603717301536e-27
3.65295560100000e+02 1.45333853278957e-27
3.65366196600000e+02 1.38391582848482e-27
3.65436817900000e+02 1.32005078230015e-27
3.65507424200000e+02 1.27710492243960e-27
3.65578015400000e+02 1.24654233632021e-27
3.65648591400000e+02 1.22045814689098e-27
3.65719152400000e+02 1.20560527272933e-27
3.65789698200000e+02 1.19187184253283e-27
3.65860229000000e+02 1.17761078285475e-27
3.65930744600000e+02 1.18088243510688e-27
3.66001245100000e+02 1.19739824808524e-27
3.66071730500000e+02 1.22275803617003e-27
3.66142200800000e+02 1.25773428680570e-27
3.66212656000000e+02 1.28338311936655e-27
3.66283096000000e+02 1.29582914763261e-27
3.66353520900000e+02 1.31806913606039e-27
3.66423930700000e+02 1.34668437148293e-27
3.66494325300000e+02 1.36725774610623e-27
3.66564704800000e+02 1.38770632269150e-27
3.66635069200000e+02 1.41659357528532e-27
3.66705418400000e+02 1.44599614387803e-27
3.66775752500000e+02 1.46914955135024e-27
3.66846071400000e+02 1.47376164848954e-27
3.66916375200000e+02 1.45741591383688e-27
3.66986663800000e+02 1.43743198518155e-27
3.67056937200000e+02 1.42542070550118e-27
3.67127195500000e+02 1.41300083231642e-27
3.67197438700000e+02 1.37920195695445e-27
3.67267666600000e+02 1.33218958290797e-27
3.67337879400000e+02 1.30601443099767e-27
3.67408077000000e+02 1.32222749509101e-27
3.67478259500000e+02 1.37605709158829e-27
3.67548426700000e+02 1.43411355778705e-27
3.67618578800000e+02 1.48391667426982e-27
3.67688715700000e+02 1.54659127143881e-27
3.67758837400000e+02 1.61763641108240e-27
3.67828943900000e+02 1.67111571463352e-27
3.67899035200000e+02 1.70608801181766e-27
3.67969111400000e+02 1.72869138078739e-27
3.68039172300000e+02 1.73239117775202e-27
3.68109218000000e+02 1.73058171264571e-27
3.68179248500000e+02 1.72797142558462e-27
3.68249263800000e+02 1.72170441148677e-27
3.68319263900000e+02 1.72062585873694e-27
3.68389248800000e+02 1.74503643901567e-27
3.68459218500000e+02 1.79847186313612e-27
3.68529172900000e+02 1.83893395938568e-27
3.68599112100000e+02 1.85364271683018e-27
3.68669036100000e+02 1.85207486929640e-27
3.68738944900000e+02 1.82138630275598e-27
3.68808838400000e+02 1.75630630323672e-27
3.68878716700000e+02 1.67603045792156e-27
3.68948579800000e+02 1.57995212071188e-27
3.69018427600000e+02 1.47160890500579e-27
3.69088260200000e+02 1.38824434203079e-27
3.69158077500000e+02 1.33022666484598e-27
3.69227879600000e+02 1.27791476068235e-27
3.69297666400000e+02 1.23865238610990e-27
3.69367438000000e+02 1.22093551270218e-27
3.69437194300000e+02 1.21982160276536e-27
3.69506935400000e+02 1.22128672462064e-27
3.69576661200000e+02 1.20544240102179e-27
3.69646371700000e+02 1.16832069386312e-27
3.69716066900000e+02 1.12767870126634e-27
3.69785746900000e+02 1.10707841785789e-27
3.69855411600000e+02 1.10615551965962e-27
3.69925061000000e+02 1.11594242691715e-27
3.69994695200000e+02 1.13666655413553e-27
3.70064314000000e+02 1.18774045432535e-27
3.70133917600000e+02 1.27444411859980e-27
3.70203505900000e+02 1.38948028138211e-27
3.70273078800000e+02 1.54051577314185e-27
3.70342636500000e+02 1.69092886284749e-27
3.70412178900000e+02 1.81003521681997e-27
3.70481706000000e+02 1.92466637769177e-27
3.70551217800000e+02 2.02724285734745e-27
3.70620714200000e+02 2.10206778115744e-27
3.70690195400000e+02 2.13080654668474e-27
3.70759661200000e+02 2.08944600605659e-27
3.70829111800000e+02 1.97819982112662e-27
3.70898547000000e+02 1.84631529564036e-27
3.70967966800000e+02 1.71456402814612e-27
3.71037371400000e+02 1.57075611469640e-27
3.71106760600000e+02 1.41911968611316e-27
3.71176134500000e+02 1.27051377243976e-27
3.71245493100000e+02 1.14717871573429e-27
3.71314836300000e+02 1.07612597285392e-27
3.71384164200000e+02 1.03838761158757e-27
3.71453476700000e+02 1.02505385172238e-27
3.71522773900000e+02 1.05037682343180e-27
3.71592055700000e+02 1.12548037462910e-27
3.71661322200000e+02 1.26873616583332e-27
3.71730573300000e+02 1.45823525041546e-27
3.71799809100000e+02 1.62203818235593e-27
3.71869029500000e+02 1.75597196950699e-27
3.71938234600000e+02 1.88668235944276e-27
3.72007424200000e+02 1.98905267819013e-27
3.72076598500000e+02 2.03035644114800e-27
3.72145757500000e+02 2.01236526098453e-27
3.72214901000000e+02 1.92756493396053e-27
3.72284029200000e+02 1.79196071064372e-27
3.72353142000000e+02 1.67469358323947e-27
3.72422239400000e+02 1.59426951824203e-27
3.72491321400000e+02 1.52996844255927e-27
3.72560388100000e+02 1.46004092427813e-27
3.72629439300000e+02 1.40349924800434e-27
3.72698475100000e+02 1.37111571724238e-27
3.72767495600000e+02 1.36928274069594e-27
3.72836500600000e+02 1.38701985785513e-27
3.72905490200000e+02 1.40791670223919e-27
3.72974464500000e+02 1.42633903553489e-27
3.73043423300000e+02 1.46895191537044e-27
3.73112366700000e+02 1.56413186527307e-27
3.73181294700000e+02 1.72566197585477e-27
3.73250207200000e+02 1.89788939613510e-27
3.73319104300000e+02 2.03444501542375e-27
3.73387986100000e+02 2.16919519643046e-27
3.73456852300000e+02 2.29205765494198e-27
3.73525703200000e+02 2.32733190021162e-27
3.73594538600000e+02 2.27938554882875e-27
3.73663358600000e+02 2.18023290890274e-27
3.73732163100000e+02 2.02588965114945e-27
3.73800952200000e+02 1.85090117313713e-27
3.73869725800000e+02 1.70241455220860e-27
3.73938484000000e+02 1.55756241508472e-27
3.74007226700000e+02 1.44170775273044e-27
3.74075954000000e+02 1.40697778382060e-27
3.74144665900000e+02 1.41594966781726e-27
3.74213362200000e+02 1.46360319064755e-27
3.74282043100000e+02 1.57736100776987e-27
3.74350708500000e+02 1.70244327813811e-27
3.74419358500000e+02 1.79991339535981e-27
3.74487993000000e+02 1.89652644978941e-27
3.74556612000000e+02 2.00916111314083e-27
3.74625215500000e+02 2.11829937741942e-27
3.74693803600000e+02 2.20297841961664e-27
3.74762376100000e+02 2.20357647047650e-27
3.74830933200000e+02 2.11113044556526e-27
3.74899474800000e+02 1.99555449355492e-27
3.74968000900000e+02 1.89620068588502e-27
3.75036511500000e+02 1.78289939546531e-27
3.75105006600000e+02 1.62814205546784e-27
3.75173486100000e+02 1.44124997283863e-27
3.75241950200000e+02 1.25997245583637e-27
3.75310398800000e+02 1.13781479732948e-27
3.75378831900000e+02 1.08363004785784e-27
3.75447249400000e+02 1.09664117442469e-27
3.75515651400000e+02 1.17732662924054e-27
3.75584037900000e+02 1.27933776422228e-27
3.75652408900000e+02 1.36410067025116e-27
3.75720764400000e+02 1.43025143988661e-27
3.75789104300000e+02 1.49452956499702e-27
3.75857428700000e+02 1.55848622123866e-27
3.75925737600000e+02 1.60888724142530e-27
3.75994030900000e+02 1.62837411821647e-27
3.76062308700000e+02 1.63084026838694e-27
3.76130570900000e+02 1.62176216421178e-27
3.76198817600000e+02 1.60099251957894e-27
3.76267048700000e+02 1.58556025205472e-27
3.76335264300000e+02 1.59401728005922e-27
3.76403464400000e+02 1.63050504802592e-27
3.76471648800000e+02 1.67596004019434e-27
3.76539817700000e+02 1.68491925220577e-27
3.76607971100000e+02 1.63575036463281e-27
3.76676108900000e+02 1.56794259598459e-27
3.76744231100000e+02 1.52562898303012e-27
3.76812337700000e+02 1.49033660528934e-27
3.76880428800000e+02 1.43622198067721e-27
3.76948504200000e+02 1.35619732367528e-27
3.77016564100000e+02 1.26586114502558e-27
3.77084608400000e+02 1.20566071725001e-27
3.77152637200000e+02 1.17554169619839e-27
3.77220650300000e+02 1.15978860866339e-27
3.77288647800000e+02 1.14936489056806e-27
3.77356629800000e+02 1.14118791642501e-27
3.77424596100000e+02 1.13573599830107e-27
3.77492546800000e+02 1.13603041351145e-27
3.77560482000000e+02 1.14336875384117e-27
3.77628401500000e+02 1.14944430715844e-27
3.77696305400000e+02 1.14427848558410e-27
3.77764193700000e+02 1.12433277196375e-27
3.77832066400000e+02 1.09729606835782e-27
3.77899923400000e+02 1.07244302478426e-27
3.77967764800000e+02 1.05202550964898e-27
3.78035590600000e+02 1.03373664159117e-27
3.78103400800000e+02 1.01311245121731e-27
3.78171195400000e+02 9.90710785741120e-28
3.78238974300000e+02 9.82667836066114e-28
3.78306737500000e+02 1.00666724159605e-27
3.78374485200000e+02 1.04841164965648e-27
3.78442217100000e+02 1.09506907484141e-27
3.78509933500000e+02 1.14936862157646e-27
3.78577634200000e+02 1.19937762727686e-27
3.78645319200000e+02 1.24534685955071e-27
3.78712988600000e+02 1.30024386991197e-27
3.78780642300000e+02 1.34512598544013e-27
3.78848280300000e+02 1.35675813086373e-27
3.78915902700000e+02 1.34960092885773e-27
3.78983509500000e+02 1.34230326859873e-27
3.79051100500000e+02 1.33806582441420e-27
3.79118675900000e+02 1.34445228809596e-27
3.79186235600000e+02 1.37035238466999e-27
3.79253779600000e+02 1.39318350007550e-27
3.79321307900000e+02 1.40281946123317e-27
3.79388820600000e+02 1.42026319822917e-27
3.79456317600000e+02 1.46142804509175e-27
3.79523798800000e+02 1.51574096767992e-27
3.79591264400000e+02 1.56674515430428e-27
3.79658714300000e+02 1.59937240661387e-27
3.79726148500000e+02 1.59114677216509e-27
3.79793567000000e+02 1.54699135994222e-27
3.79860969700000e+02 1.50698968154722e-27
3.79928356800000e+02 1.47114713880364e-27
3.79995728100000e+02 1.41194799360819e-27
3.80063083800000e+02 1.32912855081727e-27
3.80130423700000e+02 1.23700629309164e-27
3.80197747900000e+02 1.15101740555190e-27
3.80265056400000e+02 1.08729015904679e-27
3.80332349100000e+02 1.06017953436767e-27
3.80399626100000e+02 1.05926763236151e-27
3.80466887400000e+02 1.06617094456138e-27
3.80534133000000e+02 1.07161171779771e-27
3.80601362800000e+02 1.07487875005939e-27
3.80668576800000e+02 1.07567481387511e-27
3.80735775200000e+02 1.06921862031850e-27
3.80802957700000e+02 1.06020020351385e-27
3.80870124600000e+02 1.05124031043581e-27
3.80937275600000e+02 1.04361913934513e-27
3.81004411000000e+02 1.05515869227756e-27
3.81071530500000e+02 1.08921663098658e-27
3.81138634300000e+02 1.13675654352192e-27
3.81205722400000e+02 1.19744664742571e-27
3.81272794600000e+02 1.28484130877522e-27
3.81339851100000e+02 1.37441439386300e-27
3.81406891800000e+02 1.43040314559963e-27
3.81473916800000e+02 1.45071475727219e-27
3.81540925900000e+02 1.45006756414746e-27
3.81607919300000e+02 1.44302757335659e-27
3.81674896900000e+02 1.45877675954302e-27
3.81741858700000e+02 1.50078836369238e-27
3.81808804700000e+02 1.52189328753196e-27
3.81875734900000e+02 1.49782828076469e-27
3.81942649400000e+02 1.46785588079818e-27
3.82009548000000e+02 1.45994197928788e-27
3.82076430800000e+02 1.47642961879920e-27
3.82143297800000e+02 1.52148275866741e-27
3.82210149000000e+02 1.55927923484085e-27
3.82276984400000e+02 1.57227396024307e-27
3.82343804000000e+02 1.56653101393756e-27
3.82410607700000e+02 1.56792826107953e-27
3.82477395700000e+02 1.58999644009377e-27
3.82544167800000e+02 1.62802170624516e-27
3.82610924100000e+02 1.65783540347138e-27
3.82677664500000e+02 1.66495921029097e-27
3.82744389100000e+02 1.64105350787472e-27
3.82811097900000e+02 1.59749332146536e-27
3.82877790900000e+02 1.56169946737270e-27
3.82944468000000e+02 1.56436983141573e-27
3.83011129300000e+02 1.57036139129389e-27
3.83077774700000e+02 1.56547858482202e-27
3.83144404200000e+02 1.56595435170760e-27
3.83211017900000e+02 1.55646662672909e-27
3.83277615800000e+02 1.53953783275508e-27
3.83344197800000e+02 1.53130525965814e-27
3.83410763900000e+02 1.52120327488216e-27
3.83477314200000e+02 1.50991150264100e-27
3.83543848600000e+02 1.52054714783257e-27
3.83610367100000e+02 1.53401618644248e-27
3.83676869800000e+02 1.52735535219080e-27
3.83743356600000e+02 1.53075499466947e-27
3.83809827500000e+02 1.55694109743153e-27
3.83876282500000e+02 1.56599165245930e-27
3.83942721600000e+02 1.54515690974843e-27
3.84009144800000e+02 1.49705902156835e-27
3.84075552200000e+02 1.41774981582708e-27
3.84141943600000e+02 1.32170428830811e-27
3.84208319200000e+02 1.23617224515122e-27
3.84274678900000e+02 1.15096255299328e-27
3.84341022600000e+02 1.06147243398429e-27
3.84407350500000e+02 9.89090664237049e-28
3.84473662400000e+02 9.43145655661263e-28
3.84539958400000e+02 9.15241784655115e-28
3.84606238500000e+02 9.04454802020385e-28
3.84672502700000e+02 9.20014782181000e-28
3.84738751000000e+02 9.51816371027220e-28
3.84804983300000e+02 9.75416084165025e-28
3.84871199800000e+02 9.81308867682404e-28
3.84937400300000e+02 9.83590715379336e-28
3.85003584800000e+02 9.92430988934248e-28
3.85069753400000e+02 1.00857337073261e-27
3.85135906100000e+02 1.02569395047554e-27
3.85202042900000e+02 1.03633285579746e-27
3.85268163700000e+02 1.04306307934712e-27
3.85334268500000e+02 1.06724159006790e-27
3.85400357400000e+02 1.10466849303640e-27
3.85466430300000e+02 1.14563446318350e-27
3.85532487300000e+02 1.19969718354828e-27
3.85598528400000e+02 1.27334014691391e-27
3.85664553400000e+02 1.36060949446239e-27
3.85730562500000e+02 1.44318906915344e-27
3.85796555700000e+02 1.48962895239164e-27
3.85862532800000e+02 1.48916069039632e-27
3.85928494000000e+02 1.45855094258521e-27
3.85994439200000e+02 1.42016877316465e-27
3.86060368500000e+02 1.37289170471277e-27
3.86126281700000e+02 1.31052023060632e-27
3.86192179000000e+02 1.23327802987501e-27
3.86258060200000e+02 1.15314758065147e-27
3.86323925500000e+02 1.08137801812144e-27
3.86389774800000e+02 1.02532806227517e-27
3.86455608100000e+02 9.87982104548104e-28
3.86521425400000e+02 9.73962205033122e-28
3.86587226700000e+02 9.73316457846422e-28
3.86653012000000e+02 9.84618922849331e-28
3.86718781200000e+02 1.00418579543388e-27
3.86784534500000e+02 1.02689974033314e-27
3.86850271700000e+02 1.05463850556674e-27
3.86915992900000e+02 1.09714135925282e-27
3.86981698100000e+02 1.14710587411116e-27
3.87047387300000e+02 1.18752676363473e-27
3.87113060500000e+02 1.21169429769480e-27
3.87178717600000e+02 1.21773674088969e-27
3.87244358700000e+02 1.21076458991696e-27
3.87309983700000e+02 1.19782848378690e-27
3.87375592700000e+02 1.18253150571135e-27
3.87441185700000e+02 1.16971858112518e-27
3.87506762600000e+02 1.17605564211433e-27
3.87572323500000e+02 1.19987697211153e-27
3.87637868400000e+02 1.21711877440637e-27
3.87703397100000e+02 1.22359639880075e-27
3.87768909800000e+02 1.23669728073842e-27
3.87834406500000e+02 1.26012112879246e-27
3.87899887100000e+02 1.29051513085307e-27
3.87965351600000e+02 1.32232982484784e-27
3.88030800100000e+02 1.33167984303280e-27
3.88096232500000e+02 1.30151520308274e-27
3.88161648800000e+02 1.26603222656359e-27
3.88227049000000e+02 1.26279423314117e-27
3.88292433200000e+02 1.29448481262865e-27
3.88357801300000e+02 1.34748151915732e-27
3.88423153300000e+02 1.39236665576487e-27
3.88488489200000e+02 1.40827215609878e-27
3.88553809000000e+02 1.41478079339062e-27
3.88619112700000e+02 1.42292202034427e-27
3.88684400300000e+02 1.42394046944321e-27
3.88749671800000e+02 1.40523779327514e-27
3.88814927200000e+02 1.36449691350145e-27
3.88880166600000e+02 1.29892315452607e-27
3.88945389800000e+02 1.22590921178949e-27
3.89010596800000e+02 1.17037209016012e-27
3.89075787800000e+02 1.12847372225517e-27
3.89140962700000e+02 1.08704664192629e-27
3.89206121400000e+02 1.05998162611664e-27
3.89271264000000e+02 1.05958499561031e-27
3.89336390500000e+02 1.06478106154036e-27
3.89401500800000e+02 1.06531827661391e-27
3.89466595000000e+02 1.07240932914831e-27
3.89531673100000e+02 1.08814587917702e-27
3.89596735100000e+02 1.09789155989722e-27
3.89661780800000e+02 1.11051232722168e-27
3.89726810500000e+02 1.12310850615314e-27
3.89791824000000e+02 1.12058423600635e-27
3.89856821400000e+02 1.10687875045431e-27
3.89921802600000e+02 1.11321684038214e-27
3.89986767600000e+02 1.14173380353664e-27
3.90051716500000e+02 1.17157304321524e-27
3.90116649200000e+02 1.19142846288783e-27
3.90181565800000e+02 1.20523090029774e-27
3.90246466200000e+02 1.22523464397853e-27
3.90311350400000e+02 1.25384128880918e-27
3.90376218400000e+02 1.27986835874278e-27
3.90441070300000e+02 1.28575160667860e-27
3.90505906000000e+02 1.26827537110832e-27
3.90570725500000e+02 1.23177717703866e-27
3.90635528800000e+02 1.19409516446557e-27
3.90700315900000e+02 1.15902412489448e-27
3.90765086800000e+02 1.11323071062000e-27
3.90829841600000e+02 1.04772972491217e-27
3.90894580100000e+02 9.79906510842399e-28
3.90959302500000e+02 9.26497143160060e-28
3.91024008600000e+02 8.94990937222371e-28
3.91088698500000e+02 8.78959110439827e-28
3.91153372300000e+02 8.68636691626047e-28
3.91218029800000e+02 8.56606218807732e-28
3.91282671100000e+02 8.46640682553397e-28
3.91347296100000e+02 8.45172541894268e-28
3.91411905000000e+02 8.53849765955389e-28
3.91476497600000e+02 8.67605679240781e-28
3.91541074000000e+02 8.85530155897959e-28
3.91605634200000e+02 9.04274181410446e-28
3.91670178100000e+02 9.24533058051890e-28
3.91734705800000e+02 9.55513236051152e-28
3.91799217300000e+02 9.89968417990127e-28
3.91863712500000e+02 1.01340925562631e-27
3.91928191500000e+02 1.02685108255950e-27
3.91992654200000e+02 1.04418268538357e-27
3.92057100700000e+02 1.05369157451132e-27
3.92121530900000e+02 1.04568314301730e-27
3.92185944900000e+02 1.02874552935561e-27
3.92250342600000e+02 1.01444033158751e-27
3.92314724000000e+02 1.00056141589348e-27
3.92379089200000e+02 9.95595149669571e-28
3.92443438100000e+02 1.00991551576026e-27
3.92507770800000e+02 1.04586290993836e-27
3.92572087100000e+02 1.09036779491910e-27
3.92636387200000e+02 1.14973090714377e-27
3.92700671000000e+02 1.23299351475967e-27
3.92764938500000e+02 1.33787049887724e-27
3.92829189800000e+02 1.45326128176453e-27
3.92893424700000e+02 1.58484014637111e-27
3.92957643400000e+02 1.74050360649731e-27
3.93021845700000e+02 1.91368422152843e-27
3.93086031800000e+02 2.08600532631021e-27
3.93150201600000e+02 2.23459526284909e-27
3.93214355000000e+02 2.33277918565986e-27
3.93278492200000e+02 2.37647396084078e-27
3.93342613000000e+02 2.37505786867212e-27
3.93406717500000e+02 2.33418342475903e-27
3.93470805700000e+02 2.24766086938693e-27
3.93534877600000e+02 2.10963273978776e-27
3.93598933200000e+02 1.92185344530983e-27
3.93662972500000e+02 1.70992667602508e-27
3.93726995400000e+02 1.51058400758707e-27
3.93791002000000e+02 1.34302929851655e-27
3.93854992200000e+02 1.20715458645607e-27
3.93918966200000e+02 1.10191338095833e-27
3.93982923700000e+02 1.02634828051187e-27
3.94046865000000e+02 9.79506622871102e-28
3.94110789900000e+02 9.59681066603291e-28
3.94174698400000e+02 9.48578999556118e-28
3.94238590600000e+02 9.33273944995452e-28
3.94302466500000e+02 9.10769206585626e-28
3.94366325900000e+02 8.88536733890621e-28
3.94430169100000e+02 8.70795010670049e-28
3.94493995800000e+02 8.59736962152320e-28
3.94557806200000e+02 8.46005550252779e-28
3.94621600200000e+02 8.19664942717809e-28
3.94685377900000e+02 7.82329660374477e-28
3.94749139200000e+02 7.51649566328297e-28
3.94812884100000e+02 7.33840639662712e-28
3.94876612600000e+02 7.26520395519430e-28
3.94940324800000e+02 7.27334735300375e-28
3.95004020500000e+02 7.32409936724799e-28
3.95067699900000e+02 7.30832890752724e-28
3.95131362800000e+02 7.21289812465213e-28
3.95195009400000e+02 7.12254361818366e-28
3.95258639600000e+02 7.12200953077774e-28
3.95322253400000e+02 7.21176993690708e-28
3.95385850700000e+02 7.36537837104454e-28
3.95449431700000e+02 7.45588939306110e-28
3.95512996300000e+02 7.43866820057392e-28
3.95576544400000e+02 7.36883501680284e-28
3.95640076100000e+02 7.37892762862525e-28
3.95703591500000e+02 7.51411856893708e-28
3.95767090300000e+02 7.80521108128118e-28
3.95830572800000e+02 8.31111163361187e-28
3.95894038800000e+02 8.90722525373749e-28
3.95957488400000e+02 9.39148331464371e-28
3.96020921600000e+02 9.82047907520624e-28
3.96084338400000e+02 1.03070856033158e-27
3.96147738700000e+02 1.09048172128043e-27
3.96211122500000e+02 1.16390707691923e-27
3.96274489900000e+02 1.25543027463791e-27
3.96337840900000e+02 1.35946497186630e-27
3.96401175400000e+02 1.47282712536541e-27
3.96464493400000e+02 1.61139812269351e-27
3.96527795000000e+02 1.79443019506830e-27
3.96591080200000e+02 1.99341337477665e-27
3.96654348900000e+02 2.16442429057804e-27
3.96717601100000e+02 2.28432471172256e-27
3.96780836800000e+02 2.35283977217648e-27
3.96844056100000e+02 2.37016152264209e-27
3.96907258900000e+02 2.33543269402418e-27
3.96970445200000e+02 2.24924314917056e-27
3.97033615000000e+02 2.10945630538002e-27
3.97096768400000e+02 1.92148820425842e-27
3.97159905200000e+02 1.71207848983102e-27
3.97223025600000e+02 1.51525603442305e-27
3.97286129500000e+02 1.34800836183896e-27
3.97349216900000e+02 1.21461316064763e-27
3.97412287800000e+02 1.11024449920507e-27
3.97475342200000e+02 1.02696399412622e-27
3.97538380100000e+02 9.56349895607789e-28
3.97601401500000e+02 8.92821298618230e-28
3.97664406300000e+02 8.34024752235560e-28
3.97727394700000e+02 7.84387187223216e-28
3.97790366500000e+02 7.46700552320767e-28
3.97853321800000e+02 7.20713652169576e-28
3.97916260600000e+02 7.02954448414839e-28
3.97979182900000e+02 6.90995392939842e-28
3.98042088700000e+02 6.86586649091725e-28
3.98104977900000e+02 6.91178425683067e-28
3.98167850600000e+02 7.00957960109489e-28
3.98230706700000e+02 7.13557120400621e-28
3.98293546300000e+02 7.29175058234729e-28
3.98356369400000e+02 7.48757528741184e-28
3.98419175900000e+02 7.65924267544462e-28
3.98481965900000e+02 7.74366736392386e-28
3.98544739300000e+02 7.76365516230325e-28
3.98607496200000e+02 7.76951016728001e-28
3.98670236500000e+02 7.79996474470094e-28
3.98732960200000e+02 7.85117252841145e-28
3.98795667400000e+02 7.87816720692703e-28
3.98858358000000e+02 7.84998834803007e-28
3.98921032100000e+02 7.77654360026989e-28
3.98983689600000e+02 7.70588100531858e-28
3.99046330500000e+02 7.70294641298180e-28
3.99108954800000e+02 7.77680135123022e-28
3.99171562500000e+02 7.87779872329970e-28
3.99234153700000e+02 7.99765933708917e-28
3.99296728300000e+02 8.13535656233611e-28
3.99359286300000e+02 8.32265746035982e-28
3.99421827700000e+02 8.58993179599995e-28
3.99484352500000e+02 8.93804251747583e-28
3.99546860700000e+02 9.26339075743254e-28
3.99609352300000e+02 9.46169601894037e-28
3.99671827300000e+02 9.51471119634741e-28
3.99734285600000e+02 9.48534820954178e-28
3.99796727400000e+02 9.41652397765995e-28
3.99859152600000e+02 9.33425180923337e-28
3.99921561100000e+02 9.20028808040313e-28
3.99983953100000e+02 8.97942385120137e-28
4.00046328400000e+02 8.72732270714470e-28
4.00108687100000e+02 8.60147084451656e-28
4.00171029100000e+02 8.74877376940847e-28
4.00233354500000e+02 9.18313760426134e-28
4.00295663300000e+02 9.60433221471387e-28
4.00357955500000e+02 9.86676562084527e-28
4.00420231000000e+02 1.00089059010770e-27
4.00482489900000e+02 1.01043943739780e-27
4.00544732100000e+02 1.01477940963780e-27
4.00606957700000e+02 1.01671642830988e-27
4.00669166600000e+02 1.01084986193137e-27
4.00731358900000e+02 9.82695458287262e-28
4.00793534500000e+02 9.32006444354782e-28
4.00855693400000e+02 8.80904435977736e-28
4.00917835700000e+02 8.41942429837783e-28
4.00979961400000e+02 8.10875533110623e-28
4.01042070300000e+02 7.89456295657619e-28
4.01104162600000e+02 7.77419544333001e-28
4.01166238200000e+02 7.67671309881273e-28
4.01228297200000e+02 7.54951225318702e-28
4.01290339400000e+02 7.43371546248661e-28
4.01352365000000e+02 7.37621244357205e-28
4.01414373900000e+02 7.39661264761077e-28
4.01476366000000e+02 7.47695893211377e-28
4.01538341500000e+02 7.58588297999810e-28
4.01600300400000e+02 7.68234639261629e-28
4.01662242500000e+02 7.81272008792436e-28
4.01724167900000e+02 8.08140625813203e-28
4.01786076600000e+02 8.49406857683026e-28
4.01847968600000e+02 8.97931030736439e-28
4.01909843800000e+02 9.47621698874154e-28
4.01971702400000e+02 9.89956612609126e-28
4.02033544300000e+02 1.02520443493363e-27
4.02095369400000e+02 1.06145065506290e-27
4.02157177800000e+02 1.10381866143631e-27
4.02218969500000e+02 1.13985666290132e-27
4.02280744500000e+02 1.15655578052129e-27
4.02342502700000e+02 1.15574186742487e-27
4.02404244200000e+02 1.14533607353116e-27
4.02465968900000e+02 1.13048078546637e-27
4.02527677000000e+02 1.12031386064301e-27
4.02589368200000e+02 1.11946902107889e-27
4.02651042800000e+02 1.12880653550034e-27
4.02712700500000e+02 1.15739523451309e-27
4.02774341600000e+02 1.21694537478219e-27
4.02835965800000e+02 1.28311157723685e-27
4.02897573400000e+02 1.33786886922378e-27
4.02959164100000e+02 1.39434218993294e-27
4.03020738100000e+02 1.46690781264479e-27
4.03082295400000e+02 1.52856434592036e-27
4.03143835800000e+02 1.57282316471658e-27
4.03205359500000e+02 1.59123061801938e-27
4.03266866400000e+02 1.56954185386898e-27
4.03328356500000e+02 1.50181478038438e-27
4.03389829900000e+02 1.41779837002112e-27
4.03451286500000e+02 1.33697023443177e-27
4.03512726300000e+02 1.24511624204503e-27
4.03574149200000e+02 1.14463315030965e-27
4.03635555400000e+02 1.05208895365139e-27
4.03696944900000e+02 9.75524311739937e-28
4.03758317500000e+02 9.12014167794742e-28
4.03819673300000e+02 8.72840121377769e-28
4.03881012300000e+02 8.50134113981290e-28
4.03942334500000e+02 8.37966090685028e-28
4.04003639800000e+02 8.36166593243406e-28
4.04064928400000e+02 8.53004198038287e-28
4.04126200200000e+02 8.90536296040755e-28
4.04187455100000e+02 9.46223427308490e-28
4.04248693200000e+02 1.02544467727006e-27
4.04309914500000e+02 1.11095614197262e-27
4.04371119000000e+02 1.16411577031327e-27
4.04432306600000e+02 1.18120023760629e-27
4.04493477400000e+02 1.18617969267001e-27
4.04554631300000e+02 1.19055060915510e-27
4.04615768500000e+02 1.18396448226820e-27
4.04676888700000e+02 1.15937650835611e-27
4.04737992200000e+02 1.10960189720181e-27
4.04799078700000e+02 1.03051611404659e-27
4.04860148500000e+02 9.36698865569481e-28
4.04921201400000e+02 8.65156824437039e-28
4.04982237400000e+02 8.25209713645823e-28
4.05043256500000e+02 8.01118824055997e-28
4.05104258800000e+02 7.86938622431392e-28
4.05165244300000e+02 7.84567457705851e-28
4.05226212800000e+02 7.94622444765142e-28
4.05287164500000e+02 8.08181813805755e-28
4.05348099300000e+02 8.19344474999347e-28
4.05409017200000e+02 8.30516417411879e-28
4.05469918300000e+02 8.44210316654108e-28
4.05530802500000e+02 8.56908432219746e-28
4.05591669700000e+02 8.67252422562030e-28
4.05652520100000e+02 8.71223898602199e-28
4.05713353600000e+02 8.66692133491712e-28
4.05774170200000e+02 8.56666424254649e-28
4.05834969900000e+02 8.52168043928961e-28
4.05895752700000e+02 8.60029865800809e-28
4.05956518600000e+02 8.79517934019424e-28
4.06017267600000e+02 9.13345455371298e-28
4.06077999700000e+02 9.60228603176920e-28
4.06138714900000e+02 9.96376480482355e-28
4.06199413100000e+02 1.01343880747331e-27
4.06260094500000e+02 1.02201153264273e-27
4.06320758900000e+02 1.03428652153994e-27
4.06381406400000e+02 1.04788170874662e-27
4.06442036900000e+02 1.05600068091504e-27
4.06502650500000e+02 1.04796035208460e-27
4.06563247200000e+02 1.01296733064994e-27
4.06623827000000e+02 9.58100242886511e-28
4.06684389800000e+02 9.10816247448989e-28
4.06744935700000e+02 8.92009355163089e-28
4.06805464600000e+02 8.98201607431377e-28
4.06865976600000e+02 9.26528499481010e-28
4.06926471600000e+02 9.54322737642427e-28
4.06986949700000e+02 9.63375131732664e-28
4.07047410800000e+02 9.59526760834603e-28
4.07107854900000e+02 9.58263252295525e-28
4.07168282100000e+02 9.64301023853781e-28
4.07228692300000e+02 9.71851161072519e-28
4.07289085600000e+02 9.79261364303429e-28
4.07349461900000e+02 9.81697706390768e-28
4.07409821200000e+02 9.77057607485490e-28
4.07470163500000e+02 9.75062038888855e-28
4.07530488900000e+02 9.84444371521552e-28
4.07590797200000e+02 9.96394682714776e-28
4.07651088600000e+02 1.00407234788094e-27
4.07711363000000e+02 1.00733929973559e-27
4.07771620400000e+02 1.00456169949209e-27
4.07831860800000e+02 9.93789906347483e-28
4.07892084200000e+02 9.74804720953699e-28
4.07952290600000e+02 9.46807019888408e-28
4.08012479900000e+02 9.14575784443158e-28
4.08072652300000e+02 8.84758774348328e-28
4.08132807700000e+02 8.63422196919029e-28
4.08192946100000e+02 8.48726084688226e-28
4.08253067400000e+02 8.37464769289295e-28
4.08313171700000e+02 8.29306892568178e-28
4.08373259000000e+02 8.22354459201721e-28
4.08433329300000e+02 8.14099364586722e-28
4.08493382600000e+02 8.01345869796694e-28
4.08553418800000e+02 7.82460417134159e-28
4.08613438000000e+02 7.59119181262570e-28
4.08673440100000e+02 7.33391208610835e-28
4.08733425200000e+02 7.08337915927523e-28
4.08793393300000e+02 6.85896044680607e-28
4.08853344300000e+02 6.70291203879241e-28
4.08913278300000e+02 6.63580352661133e-28
4.08973195200000e+02 6.64479339352336e-28
4.09033095000000e+02 6.67356443578102e-28
4.09092977800000e+02 6.70286812068549e-28
4.09152843600000e+02 6.75313863520272e-28
4.09212692300000e+02 6.84786159066826e-28
4.09272523900000e+02 6.97448548562922e-28
4.09332338400000e+02 7.11703513746614e-28
4.09392135900000e+02 7.24989042575112e-28
4.09451916300000e+02 7.35683146890350e-28
4.09511679600000e+02 7.46745231408422e-28
4.09571425800000e+02 7.62199242317441e-28
4.09631155000000e+02 7.82122805036164e-28
4.09690867100000e+02 8.05738918814052e-28
4.09750562000000e+02 8.34629771029996e-28
4.09810239900000e+02 8.70356485885048e-28
4.09869900700000e+02 9.10810198099375e-28
4.09929544400000e+02 9.47015762034204e-28
4.09989171000000e+02 9.72471929665524e-28
4.10048780500000e+02 9.85763514737349e-28
4.10108372800000e+02 9.91351690751409e-28
4.10167948100000e+02 9.91867614810291e-28
4.10227506200000e+02 9.85721393852396e-28
4.10287047300000e+02 9.69170082718717e-28
4.10346571200000e+02 9.41185860469074e-28
4.10406078000000e+02 9.04231825092248e-28
4.10465567600000e+02 8.65552344685822e-28
4.10525040200000e+02 8.32302782256749e-28
4.10584495600000e+02 8.05990677207876e-28
4.10643933900000e+02 7.87031329912354e-28
4.10703355000000e+02 7.75250139760739e-28
4.10762759000000e+02 7.68306939297581e-28
4.10822145800000e+02 7.63568801529096e-28
4.10881515500000e+02 7.59672831743538e-28
4.10940868100000e+02 7.54571085476440e-28
4.11000203500000e+02 7.48026619615550e-28
4.11059521800000e+02 7.39103910112459e-28
4.11118822800000e+02 7.30463929974651e-28
4.11178106800000e+02 7.21858826668761e-28
4.11237373500000e+02 7.11763483024090e-28
4.11296623100000e+02 7.00136394817869e-28
4.11355855600000e+02 6.89806742423171e-28
4.11415070800000e+02 6.82997158380096e-28
4.11474268900000e+02 6.80840028774674e-28
4.11533449800000e+02 6.88274151925986e-28
4.11592613500000e+02 7.04567414465589e-28
4.11651760100000e+02 7.20235202249601e-28
4.11710889400000e+02 7.30605777390416e-28
4.11770001600000e+02 7.38811880744190e-28
4.11829096600000e+02 7.51513312444313e-28
4.11888174300000e+02 7.66186237043669e-28
4.11947234900000e+02 7.79089547606151e-28
4.12006278300000e+02 7.87053559190969e-28
4.12065304400000e+02 7.87376228635604e-28
4.12124313400000e+02 7.78562917099244e-28
4.12183305100000e+02 7.65962027624168e-28
4.12242279700000e+02 7.58489944443886e-28
4.12301237000000e+02 7.56188842265016e-28
4.12360177100000e+02 7.54981352775313e-28
4.12419100000000e+02 7.53106654803637e-28
4.12478005600000e+02 7.55450468582530e-28
4.12536894000000e+02 7.59249427212090e-28
4.12595765200000e+02 7.61326936439071e-28
4.12654619200000e+02 7.62795623338493e-28
4.12713455900000e+02 7.68243079728323e-28
4.12772275400000e+02 7.77200199953218e-28
4.12831077600000e+02 7.90175263004042e-28
4.12889862600000e+02 8.14691758187076e-28
4.12948630400000e+02 8.45225087746730e-28
4.13007380800000e+02 8.67572388253342e-28
4.13066114100000e+02 8.79104780376555e-28
4.13124830000000e+02 8.91764547410753e-28
4.13183528800000e+02 9.06067418889872e-28
4.13242210200000e+02 9.11941613448735e-28
4.13300874400000e+02 9.09351987345871e-28
4.13359521300000e+02 8.99883563972886e-28
4.13418150900000e+02 8.80743208720882e-28
4.13476763300000e+02 8.47560563667549e-28
4.13535358400000e+02 8.10284684761474e-28
4.13593936200000e+02 7.76732012435365e-28
4.13652496700000e+02 7.45044156872740e-28
4.13711040000000e+02 7.15925413769995e-28
4.13769565900000e+02 6.94754623693021e-28
4.13828074600000e+02 6.85716880688629e-28
4.13886565900000e+02 6.86370185450519e-28
4.13945040000000e+02 6.96286882289901e-28
4.14003496700000e+02 7.18790163247165e-28
4.14061936200000e+02 7.59364773235739e-28
4.14120358300000e+02 8.04524923063453e-28
4.14178763100000e+02 8.34978554312144e-28
4.14237150700000e+02 8.49570143531172e-28
4.14295520900000e+02 8.58051411772215e-28
4.14353873700000e+02 8.65846206275771e-28
4.14412209300000e+02 8.70219796701637e-28
4.14470527500000e+02 8.70415511630978e-28
4.14528828400000e+02 8.59478838350013e-28
4.14587112000000e+02 8.33375968757118e-28
4.14645378200000e+02 7.98466504512048e-28
4.14703627100000e+02 7.69835925307014e-28
4.14761858700000e+02 7.53587957539435e-28
4.14820072900000e+02 7.42957848699404e-28
4.14878269800000e+02 7.39646657814645e-28
4.14936449300000e+02 7.43034924649321e-28
4.14994611500000e+02 7.48036002233691e-28
4.15052756300000e+02 7.55335454867686e-28
4.15110883700000e+02 7.69283555224798e-28
4.15168993800000e+02 7.85778934631540e-28
4.15227086500000e+02 7.95591111478999e-28
4.15285161900000e+02 8.01940612394506e-28
4.15343219900000e+02 8.11853644555391e-28
4.15401260500000e+02 8.23256647018504e-28
4.15459283800000e+02 8.29857082691713e-28
4.15517289600000e+02 8.31205718150190e-28
4.15575278100000e+02 8.29573183601645e-28
4.15633249200000e+02 8.20257519319614e-28
4.15691202900000e+02 8.01310442077647e-28
4.15749139300000e+02 7.80433399858967e-28
4.15807058200000e+02 7.63639290690633e-28
4.15864959700000e+02 7.47859680151656e-28
4.15922843800000e+02 7.27236634409888e-28
4.15980710600000e+02 7.05336178563514e-28
4.16038559900000e+02 6.87474648515550e-28
4.16096391800000e+02 6.73440715418928e-28
4.16154206300000e+02 6.61096303773469e-28
4.16212003400000e+02 6.51259532598251e-28
4.16269783100000e+02 6.45766844374232e-28
4.16327545400000e+02 6.42482933411100e-28
4.16385290200000e+02 6.42984769732121e-28
4.16443017600000e+02 6.49830322797372e-28
4.16500727600000e+02 6.59874767631673e-28
4.16558420100000e+02 6.66996288168438e-28
4.16616095200000e+02 6.70692849476262e-28
4.16673752900000e+02 6.75388940585169e-28
4.16731393100000e+02 6.83804090847825e-28
4.16789015900000e+02 6.97344168235992e-28
4.16846621300000e+02 7.15916611210843e-28
4.16904209200000e+02 7.38433681318679e-28
4.16961779600000e+02 7.60658406129302e-28
4.17019332600000e+02 7.80203456506575e-28
4.17076868100000e+02 7.98695643558739e-28
4.17134386200000e+02 8.15580047160078e-28
4.17191886800000e+02 8.32073250119138e-28
4.17249370000000e+02 8.47554338047935e-28
4.17306835600000e+02 8.59656547322285e-28
4.17364283800000e+02 8.65578804464100e-28
4.17421714500000e+02 8.65525618174488e-28
4.17479127800000e+02 8.60741894168847e-28
4.17536523500000e+02 8.48443677144984e-28
4.17593901800000e+02 8.32527275212323e-28
4.17651262600000e+02 8.16317798217346e-28
4.17708605900000e+02 8.01330169032332e-28
4.17765931700000e+02 7.87700381128926e-28
4.17823240000000e+02 7.78183873964236e-28
4.17880530800000e+02 7.76742849137542e-28
4.17937804100000e+02 7.76006912077428e-28
4.17995059900000e+02 7.70610240599526e-28
4.18052298200000e+02 7.61992155265258e-28
4.18109519000000e+02 7.56332894429477e-28
4.18166722300000e+02 7.54628790040294e-28
4.18223908000000e+02 7.54824753538806e-28
4.18281076200000e+02 7.57910954756502e-28
4.18338226900000e+02 7.64762221269893e-28
4.18395360100000e+02 7.76879256312765e-28
4.18452475800000e+02 7.92432815914797e-28
4.18509573900000e+02 8.06589248999346e-28
4.18566654500000e+02 8.14690667181240e-28
4.18623717500000e+02 8.15939084643946e-28
4.18680763000000e+02 8.12414830220303e-28
4.18737791000000e+02 8.08502093080661e-28
4.18794801400000e+02 8.07875006815712e-28
4.18851794300000e+02 8.10574361412711e-28
4.18908769600000e+02 8.04762101084609e-28
4.18965727400000e+02 7.82992780864311e-28
4.19022667600000e+02 7.51228747723488e-28
4.19079590200000e+02 7.22015856125402e-28
4.19136495300000e+02 7.02807546526784e-28
4.19193382800000e+02 6.94601723601653e-28
4.19250252700000e+02 6.97293803587881e-28
4.19307105100000e+02 7.04311457884411e-28
4.19363939900000e+02 7.10387553150330e-28
4.19420757100000e+02 7.15794034145124e-28
4.19477556700000e+02 7.30522442233352e-28
4.19534338800000e+02 7.60969732950756e-28
4.19591103200000e+02 7.97684433509006e-28
4.19647850100000e+02 8.29089347579434e-28
4.19704579400000e+02 8.50033895955465e-28
4.19761291100000e+02 8.65052432494532e-28
4.19817985100000e+02 8.77888674244273e-28
4.19874661600000e+02 8.94029400367825e-28
4.19931320500000e+02 9.11490904161766e-28
4.19987961700000e+02 9.18305609974767e-28
4.20044585400000e+02 9.09465445269864e-28
4.20101191400000e+02 8.87709419462455e-28
4.20157779900000e+02 8.63879729784174e-28
4.20214350700000e+02 8.43416376417249e-28
4.20270903800000e+02 8.25282335241411e-28
4.20327439400000e+02 8.07920544130054e-28
4.20383957300000e+02 7.88633711375815e-28
4.20440457600000e+02 7.64721177145167e-28
4.20496940200000e+02 7.37697508389410e-28
4.20553405300000e+02 7.16128872266551e-28
4.20609852600000e+02 7.00463200945944e-28
4.20666282400000e+02 6.88593942427474e-28
4.20722694500000e+02 6.82771526645871e-28
4.20779088900000e+02 6.81102209204196e-28
4.20835465700000e+02 6.77723047650852e-28
4.20891824800000e+02 6.71007857148640e-28
4.20948166300000e+02 6.62872930563198e-28
4.21004490100000e+02 6.57941753531831e-28
4.21060796200000e+02 6.58096460300205e-28
4.21117084700000e+02 6.62271073244077e-28
4.21173355500000e+02 6.70663714281993e-28
4.21229608700000e+02 6.86688216586737e-28
4.21285844100000e+02 7.07415912989759e-28
4.21342061900000e+02 7.24873631885681e-28
4.21398262000000e+02 7.37201793817834e-28
4.21454444400000e+02 7.46711074339245e-28
4.21510609100000e+02 7.55224058535957e-28
4.21566756200000e+02 7.62574954343862e-28
4.21622885500000e+02 7.69451621949107e-28
4.21678997100000e+02 7.73767901095830e-28
4.21735091100000e+02 7.69029343447930e-28
4.21791167300000e+02 7.51038843735184e-28
4.21847225900000e+02 7.26664495011841e-28
4.21903266700000e+02 7.09864466358065e-28
4.21959289800000e+02 7.02775063008441e-28
4.22015295200000e+02 7.01478811476842e-28
4.22071282900000e+02 7.06983491104373e-28
4.22127252900000e+02 7.21717059206651e-28
4.22183205100000e+02 7.45529419593947e-28
4.22239139600000e+02 7.80550662454942e-28
4.22295056400000e+02 8.33942095418133e-28
4.22350955500000e+02 9.11966528556145e-28
4.22406836800000e+02 9.97872350799214e-28
4.22462700400000e+02 1.06208869187262e-27
4.22518546200000e+02 1.09445661857817e-27
4.22574374300000e+02 1.10482305168777e-27
4.22630184700000e+02 1.10537062738472e-27
4.22685977300000e+02 1.09743780902316e-27
4.22741752100000e+02 1.07919244119428e-27
4.22797509200000e+02 1.04833715653925e-27
4.22853248500000e+02 9.96430747165215e-28
4.22908970100000e+02 9.23189658165933e-28
4.22964673900000e+02 8.43318491759567e-28
4.23020360000000e+02 7.85389681513924e-28
4.23076028200000e+02 7.54074415789798e-28
4.23131678700000e+02 7.36042280959923e-28
4.23187311400000e+02 7.25522705147762e-28
4.23242926400000e+02 7.26200575807865e-28
4.23298523600000e+02 7.41306343115897e-28
4.23354102900000e+02 7.60052311211361e-28
4.23409664500000e+02 7.74301177217376e-28
4.23465208300000e+02 7.82376939133845e-28
4.23520734300000e+02 7.85244117420994e-28
4.23576242500000e+02 7.83714456777719e-28
4.23631732900000e+02 7.79944927138595e-28
4.23687205500000e+02 7.78645086140401e-28
4.23742660300000e+02 7.75073772943537e-28
4.23798097300000e+02 7.61792692963381e-28
4.23853516500000e+02 7.39648395752424e-28
4.23908917900000e+02 7.18074248967721e-28
4.23964301400000e+02 7.04346587402976e-28
4.24019667100000e+02 6.94486615164101e-28
4.24075015000000e+02 6.84485747915726e-28
4.24130345100000e+02 6.71894173117669e-28
4.24185657400000e+02 6.59789851820013e-28
4.24240951800000e+02 6.52153951928562e-28
4.24296228400000e+02 6.50129955153336e-28
4.24351487100000e+02 6.55991189991194e-28
4.24406728000000e+02 6.68953047615969e-28
4.24461951100000e+02 6.84011343653594e-28
4.24517156300000e+02 6.96469626213944e-28
4.24572343600000e+02 7.07732701183474e-28
