2.78463139200000e+02 4.41906999929541e-18
2.78548940500000e+02 4.39021750773064e-18
2.78634731800000e+02 4.35930237699356e-18
2.78720512800000e+02 4.32645830986433e-18
2.78806283700000e+02 4.29227308127221e-18
2.78892044400000e+02 4.25774413696450e-18
2.78977794900000e+02 4.22412203657580e-18
2.79063535300000e+02 4.19280057552069e-18
2.79149265400000e+02 4.16485701273073e-18
2.79234985400000e+02 4.14076514142335e-18
2.79320695100000e+02 4.12020108837858e-18
2.79406394700000e+02 4.10223824068211e-18
2.79492084000000e+02 4.08528883101432e-18
2.79577763200000e+02 4.06728791269148e-18
2.79663432100000e+02 4.04630672106554e-18
2.79749090800000e+02 4.02065145051738e-18
2.79834739200000e+02 3.98944112193607e-18
2.79920377400000e+02 3.95285649862900e-18
2.80006005400000e+02 3.91206044090533e-18
2.80091623100000e+02 3.86901394915463e-18
2.80177230600000e+02 3.82582873523974e-18
2.80262827800000e+02 3.78458042722658e-18
2.80348414700000e+02 3.74698731985424e-18
2.80433991400000e+02 3.71430093813178e-18
2.80519557800000e+02 3.68678160945733e-18
2.80605113900000e+02 3.66363119534109e-18
2.80690659800000e+02 3.64334252904044e-18
2.80776195300000e+02 3.62399636887056e-18
2.80861720600000e+02 3.60341938601397e-18
2.80947235500000e+02 3.57951009851000e-18
2.81032740200000e+02 3.55068834295454e-18
2.81118234500000e+02 3.51635588319437e-18
2.81203718500000e+02 3.47710887017245e-18
2.81289192200000e+02 3.43467259092283e-18
2.81374655600000e+02 3.39115023746113e-18
2.81460108600000e+02 3.34867484559394e-18
2.81545551300000e+02 3.30928914168630e-18
2.81630983600000e+02 3.27447861599298e-18
2.81716405600000e+02 3.24475526128936e-18
2.81801817300000e+02 3.21999343293331e-18
2.81887218500000e+02 3.19942800860377e-18
2.81972609500000e+02 3.18169728351286e-18
2.82057990000000e+02 3.16506524061128e-18
2.82143360200000e+02 3.14776217264878e-18
2.82228720000000e+02 3.12861946425055e-18
2.82314069400000e+02 3.10710576617389e-18
2.82399408400000e+02 3.08342640816068e-18
2.82484737000000e+02 3.05856122727948e-18
2.82570055200000e+02 3.03400789124180e-18
2.82655363000000e+02 3.01146757053316e-18
2.82740660400000e+02 2.99236501761834e-18
2.82825947300000e+02 2.97745869543389e-18
2.82911223900000e+02 2.96661565031247e-18
2.82996490000000e+02 2.95879114855807e-18
2.83081745700000e+02 2.95198954746385e-18
2.83166990900000e+02 2.94367929786583e-18
2.83252225700000e+02 2.93144365997978e-18
2.83337450100000e+02 2.91354379134779e-18
2.83422663900000e+02 2.88900873101808e-18
2.83507867400000e+02 2.85782250438522e-18
2.83593060300000e+02 2.82115277707463e-18
2.83678242800000e+02 2.78105020977365e-18
2.83763414800000e+02 2.74000587354553e-18
2.83848576400000e+02 2.70031878460519e-18
2.83933727400000e+02 2.66379131538373e-18
2.84018867900000e+02 2.63141047101795e-18
2.84103998000000e+02 2.60341787835583e-18
2.84189117500000e+02 2.57938333738832e-18
2.84274226600000e+02 2.55837409559603e-18
2.84359325100000e+02 2.53931314132495e-18
2.84444413100000e+02 2.52113541478339e-18
2.84529490500000e+02 2.50279554160346e-18
2.84614557500000e+02 2.48344123865644e-18
2.84699613900000e+02 2.46252303216584e-18
2.84784659700000e+02 2.43978459902266e-18
2.84869695100000e+02 2.41512339231243e-18
2.84954719800000e+02 2.38877439461321e-18
2.85039734000000e+02 2.36149312066168e-18
2.85124737700000e+02 2.33435042312144e-18
2.85209730700000e+02 2.30860079470877e-18
2.85294713200000e+02 2.28543270171643e-18
2.85379685200000e+02 2.26557318895837e-18
2.85464646500000e+02 2.24895799787763e-18
2.85549597300000e+02 2.23495835674207e-18
2.85634537400000e+02 2.22260717021743e-18
2.85719467000000e+02 2.21068371082306e-18
2.85804385900000e+02 2.19803111609792e-18
2.85889294200000e+02 2.18395808957158e-18
2.85974192000000e+02 2.16817047132747e-18
2.86059079100000e+02 2.15066102740289e-18
2.86143955500000e+02 2.13164920626468e-18
2.86228821400000e+02 2.11159454826594e-18
2.86313676600000e+02 2.09095986179740e-18
2.86398521100000e+02 2.07025741619119e-18
2.86483355000000e+02 2.04996837216578e-18
2.86568178300000e+02 2.03058343179631e-18
2.86652990900000e+02 2.01245761686156e-18
2.86737792800000e+02 1.99576719911201e-18
2.86822584100000e+02 1.98030620337714e-18
2.86907364700000e+02 1.96552762734674e-18
2.86992134600000e+02 1.95061662614111e-18
2.87076893800000e+02 1.93472768626797e-18
2.87161642300000e+02 1.91703209592781e-18
2.87246380200000e+02 1.89696897388227e-18
2.87331107300000e+02 1.87443471636866e-18
2.87415823700000e+02 1.84982063975580e-18
2.87500529400000e+02 1.82378754519670e-18
2.87585224400000e+02 1.79726071445848e-18
2.87669908700000e+02 1.77117542490809e-18
2.87754582200000e+02 1.74635877659121e-18
2.87839245000000e+02 1.72327354655868e-18
2.87923897100000e+02 1.70208174859114e-18
2.88008538400000e+02 1.68283475009852e-18
2.88093169000000e+02 1.66544708756742e-18
2.88177788800000e+02 1.64958090613467e-18
2.88262397900000e+02 1.63488251956724e-18
2.88346996200000e+02 1.62103429688661e-18
2.88431583700000e+02 1.60767736923233e-18
2.88516160400000e+02 1.59436263478179e-18
2.88600726400000e+02 1.58079119282422e-18
2.88685281600000e+02 1.56685736993386e-18
2.88769826000000e+02 1.55256563903958e-18
2.88854359500000e+02 1.53797657166911e-18
2.88938882300000e+02 1.52320605005376e-18
2.89023394300000e+02 1.50831858479314e-18
2.89107895500000e+02 1.49330343499448e-18
2.89192385800000e+02 1.47808852321224e-18
2.89276865300000e+02 1.46268542760783e-18
2.89361334000000e+02 1.44723679089819e-18
2.89445791900000e+02 1.43197423692904e-18
2.89530238900000e+02 1.41720867801364e-18
2.89614675000000e+02 1.40317874874666e-18
2.89699100300000e+02 1.38994663561106e-18
2.89783514800000e+02 1.37740873323529e-18
2.89867918400000e+02 1.36538847492213e-18
2.89952311100000e+02 1.35368137745593e-18
2.90036693000000e+02 1.34223498230564e-18
2.90121064000000e+02 1.33105187876621e-18
2.90205424000000e+02 1.32010216597239e-18
2.90289773300000e+02 1.30925106997706e-18
2.90374111600000e+02 1.29844753818979e-18
2.90458439000000e+02 1.28759989520513e-18
2.90542755500000e+02 1.27645361214288e-18
2.90627061100000e+02 1.26475549915925e-18
2.90711355800000e+02 1.25241383075312e-18
2.90795639500000e+02 1.23947534531602e-18
2.90879912300000e+02 1.22599779143919e-18
2.90964174300000e+02 1.21200364468989e-18
2.91048425200000e+02 1.19750814932387e-18
2.91132665200000e+02 1.18252593874444e-18
2.91216894300000e+02 1.16703489515952e-18
2.91301112400000e+02 1.15113977390222e-18
2.91385319600000e+02 1.13507353264243e-18
2.91469515800000e+02 1.11916676933787e-18
2.91553701000000e+02 1.10378137678915e-18
2.91637875300000e+02 1.08926126555252e-18
2.91722038600000e+02 1.07577498440653e-18
2.91806190900000e+02 1.06333449312048e-18
2.91890332200000e+02 1.05182574767063e-18
2.91974462500000e+02 1.04119510688266e-18
2.92058581800000e+02 1.03142000010205e-18
2.92142690100000e+02 1.02247060946280e-18
2.92226787400000e+02 1.01425316577159e-18
2.92310873700000e+02 1.00666415870073e-18
2.92394948900000e+02 9.99501068417073e-19
2.92479013100000e+02 9.92471796054647e-19
2.92563066300000e+02 9.85132240874491e-19
2.92647108500000e+02 9.77061146677697e-19
2.92731139600000e+02 9.68031644880482e-19
2.92815159700000e+02 9.57991491545560e-19
2.92899168700000e+02 9.47044993369614e-19
2.92983166600000e+02 9.35426503354505e-19
2.93067153500000e+02 9.23342439329237e-19
2.93151129300000e+02 9.10956843379024e-19
2.93235094000000e+02 8.98465783074732e-19
2.93319047700000e+02 8.86004330170823e-19
2.93402990300000e+02 8.73752205865946e-19
2.93486921700000e+02 8.61945392560050e-19
2.93570842100000e+02 8.50817043205880e-19
2.93654751400000e+02 8.40597718887254e-19
2.93738649600000e+02 8.31461003593140e-19
2.93822536600000e+02 8.23355578211164e-19
2.93906412600000e+02 8.16093612929557e-19
2.93990277400000e+02 8.09391670272266e-19
2.94074131100000e+02 8.02984845333120e-19
2.94157973600000e+02 7.96656198841619e-19
2.94241805000000e+02 7.90185740943732e-19
2.94325625300000e+02 7.83437752912224e-19
2.94409434400000e+02 7.76363391345205e-19
2.94493232400000e+02 7.68996508690991e-19
2.94577019200000e+02 7.61394476311810e-19
2.94660794800000e+02 7.53477768009933e-19
2.94744559300000e+02 7.45146269429319e-19
2.94828312600000e+02 7.36358670787734e-19
2.94912054700000e+02 7.27133241161381e-19
2.94995785600000e+02 7.17519482409535e-19
2.95079505300000e+02 7.07573611601067e-19
2.95163213800000e+02 6.97483540715852e-19
2.95246911200000e+02 6.87512780795914e-19
2.95330597300000e+02 6.77969887887866e-19
2.95414272200000e+02 6.69044403407711e-19
2.95497935800000e+02 6.60759120641643e-19
2.95581588300000e+02 6.53033750645376e-19
2.95665229500000e+02 6.45677114973692e-19
2.95748859500000e+02 6.38400146094326e-19
2.95832478200000e+02 6.30950977052683e-19
2.95916085700000e+02 6.23263737736591e-19
2.95999682000000e+02 6.15470328900492e-19
2.96083267000000e+02 6.07819091520131e-19
2.96166840700000e+02 6.00583523304316e-19
2.96250403200000e+02 5.94049282381333e-19
2.96333954400000e+02 5.88365501668212e-19
2.96417494300000e+02 5.83420167575130e-19
2.96501022900000e+02 5.78889163356334e-19
2.96584540200000e+02 5.74422029534797e-19
2.96668046300000e+02 5.69653159180123e-19
2.96751541000000e+02 5.64310795634890e-19
2.96835024400000e+02 5.58312761202288e-19
2.96918496600000e+02 5.51745735980284e-19
2.97001957400000e+02 5.44743591164436e-19
2.97085406900000e+02 5.37498607110249e-19
2.97168845000000e+02 5.30208252920363e-19
2.97252271800000e+02 5.23037365984100e-19
2.97335687300000e+02 5.15996218568202e-19
2.97419091500000e+02 5.09066617754098e-19
2.97502484300000e+02 5.02264346832380e-19
2.97585865700000e+02 4.95645124750085e-19
2.97669235800000e+02 4.89256431198966e-19
2.97752594600000e+02 4.83144007907211e-19
2.97835941900000e+02 4.77379634374901e-19
2.97919277900000e+02 4.71968464674917e-19
2.98002602500000e+02 4.66888335769135e-19
2.98085915700000e+02 4.62100124716225e-19
2.98169217500000e+02 4.57538736781401e-19
2.98252508000000e+02 4.53207094689204e-19
2.98335787000000e+02 4.49096296271641e-19
2.98419054600000e+02 4.45189785138366e-19
2.98502310800000e+02 4.41418741256145e-19
2.98585555600000e+02 4.37660079860549e-19
2.98668789000000e+02 4.33787803048281e-19
2.98752010900000e+02 4.29659724934388e-19
2.98835221500000e+02 4.25122839348854e-19
2.98918420500000e+02 4.20085345923929e-19
2.99001608200000e+02 4.14558788984846e-19
2.99084784300000e+02 4.08654101034715e-19
2.99167949100000e+02 4.02547666842201e-19
2.99251102300000e+02 3.96427356356137e-19
2.99334244100000e+02 3.90449360403453e-19
2.99417374400000e+02 3.84799088359692e-19
2.99500493300000e+02 3.79603769719179e-19
2.99583600700000e+02 3.74943806369568e-19
2.99666696500000e+02 3.70782888666189e-19
2.99749780900000e+02 3.67032344706602e-19
2.99832853800000e+02 3.63565412068770e-19
2.99915915200000e+02 3.60276567917254e-19
2.99998965100000e+02 3.57065929382134e-19
3.00082003500000e+02 3.53853088770335e-19
3.00165030300000e+02 3.50600245329228e-19
3.00248045600000e+02 3.47270168690770e-19
3.00331049400000e+02 3.43877985358041e-19
3.00414041700000e+02 3.40400035047357e-19
3.00497022400000e+02 3.36749842648913e-19
3.00579991600000e+02 3.32796531903776e-19
3.00662949200000e+02 3.28489112487173e-19
3.00745895300000e+02 3.23919731954332e-19
3.00828829800000e+02 3.19181390424259e-19
3.00911752700000e+02 3.14318847042384e-19
3.00994664100000e+02 3.09478109770057e-19
3.01077563900000e+02 3.04872129892744e-19
3.01160452100000e+02 3.00609218314121e-19
3.01243328700000e+02 2.96721600276794e-19
3.01326193800000e+02 2.93220309009667e-19
3.01409047200000e+02 2.90152095622520e-19
3.01491889000000e+02 2.87482537047607e-19
3.01574719200000e+02 2.85120311739961e-19
3.01657537800000e+02 2.82967793667671e-19
3.01740344800000e+02 2.80938609269670e-19
3.01823140200000e+02 2.78910288125165e-19
3.01905923900000e+02 2.76767157429512e-19
3.01988696000000e+02 2.74411921288055e-19
3.02071456400000e+02 2.71816567368471e-19
3.02154205200000e+02 2.68981341156486e-19
3.02236942400000e+02 2.65886233954633e-19
3.02319667800000e+02 2.62533743925141e-19
3.02402381700000e+02 2.58960719092588e-19
3.02485083800000e+02 2.55210179828021e-19
3.02567774300000e+02 2.51335881040905e-19
3.02650453100000e+02 2.47393065698542e-19
3.02733120200000e+02 2.43495181498736e-19
3.02815775700000e+02 2.39750139556127e-19
3.02898419400000e+02 2.36182776839692e-19
3.02981051400000e+02 2.32856779248637e-19
3.03063671800000e+02 2.29843329976346e-19
3.03146280400000e+02 2.27166664842229e-19
3.03228877300000e+02 2.24730731428587e-19
3.03311462500000e+02 2.22527926203851e-19
3.03394035900000e+02 2.20636464834256e-19
3.03476597600000e+02 2.19020928416652e-19
3.03559147600000e+02 2.17607228390992e-19
3.03641685900000e+02 2.16402473613572e-19
3.03724212400000e+02 2.15327201699638e-19
3.03806727100000e+02 2.14246414458849e-19
3.03889230100000e+02 2.13032334070523e-19
3.03971721300000e+02 2.11630060337145e-19
3.04054200700000e+02 2.09999251229615e-19
3.04136668400000e+02 2.08087369243990e-19
3.04219124300000e+02 2.05880169634773e-19
3.04301568400000e+02 2.03441725110760e-19
3.04384000700000e+02 2.00837665599136e-19
3.04466421200000e+02 1.98068333311585e-19
3.04548829900000e+02 1.95130016338979e-19
3.04631226800000e+02 1.92075568782435e-19
3.04713611900000e+02 1.88944145127665e-19
3.04795985200000e+02 1.85759366506975e-19
3.04878346700000e+02 1.82563287658469e-19
3.04960696300000e+02 1.79441717855000e-19
3.05043034100000e+02 1.76501273784975e-19
3.05125360000000e+02 1.73827419495611e-19
3.05207674200000e+02 1.71482583960212e-19
3.05289976400000e+02 1.69495428505119e-19
3.05372266800000e+02 1.67844083437010e-19
3.05454545400000e+02 1.66491122556504e-19
3.05536812000000e+02 1.65377755778467e-19
3.05619066800000e+02 1.64397220111657e-19
3.05701309800000e+02 1.63454403254574e-19
3.05783540800000e+02 1.62534632536586e-19
3.05865760000000e+02 1.61678299289667e-19
3.05947967300000e+02 1.60879106692805e-19
3.06030162600000e+02 1.60052254713505e-19
3.06112346100000e+02 1.59119066348719e-19
3.06194517600000e+02 1.58028432751261e-19
3.06276677300000e+02 1.56734879569711e-19
3.06358825000000e+02 1.55199350848318e-19
3.06440960800000e+02 1.53416036984761e-19
3.06523084700000e+02 1.51415378137657e-19
3.06605196600000e+02 1.49234332725440e-19
3.06687296600000e+02 1.46910400486133e-19
3.06769384700000e+02 1.44492210375530e-19
3.06851460800000e+02 1.41997420977742e-19
3.06933524900000e+02 1.39429154351932e-19
3.07015577100000e+02 1.36832495866529e-19
3.07097617300000e+02 1.34281009861327e-19
3.07179645500000e+02 1.31842449633159e-19
3.07261661800000e+02 1.29582827524162e-19
3.07343666100000e+02 1.27564862402571e-19
3.07425658400000e+02 1.25842393857182e-19
3.07507638700000e+02 1.24429005479513e-19
3.07589607000000e+02 1.23328818094469e-19
3.07671563300000e+02 1.22505044553443e-19
3.07753507500000e+02 1.21895690197780e-19
3.07835439800000e+02 1.21423617285875e-19
3.07917360000000e+02 1.20959663430103e-19
3.07999268300000e+02 1.20359766909925e-19
3.08081164500000e+02 1.19568572398585e-19
3.08163048600000e+02 1.18624358124524e-19
3.08244920700000e+02 1.17601285467282e-19
3.08326780800000e+02 1.16555868992592e-19
3.08408628800000e+02 1.15548407937477e-19
3.08490464700000e+02 1.14643864521025e-19
3.08572288600000e+02 1.13854606913000e-19
3.08654100400000e+02 1.13131512759307e-19
3.08735900200000e+02 1.12392391003227e-19
3.08817687900000e+02 1.11534329437960e-19
3.08899463400000e+02 1.10470810121063e-19
3.08981226900000e+02 1.09149776613964e-19
3.09062978300000e+02 1.07536285598041e-19
3.09144717600000e+02 1.05624280454525e-19
3.09226444800000e+02 1.03447985129060e-19
3.09308159900000e+02 1.01107351402924e-19
3.09389862800000e+02 9.87508433176342e-20
3.09471553700000e+02 9.65023733062926e-20
3.09553232400000e+02 9.44778257267553e-20
3.09634899000000e+02 9.27845247279915e-20
3.09716553400000e+02 9.14718463800197e-20
3.09798195700000e+02 9.05316056004521e-20
3.09879825900000e+02 8.99077926831414e-20
3.09961443800000e+02 8.94874467853365e-20
3.10043049700000e+02 8.91297744078271e-20
3.10124643400000e+02 8.87086598813745e-20
3.10206224900000e+02 8.81638252018040e-20
3.10287794200000e+02 8.74863013235303e-20
3.10369351300000e+02 8.66936595950380e-20
3.10450896300000e+02 8.58066653696194e-20
3.10532429000000e+02 8.48644527287561e-20
3.10613949600000e+02 8.39391573479544e-20
3.10695458000000e+02 8.31025672600518e-20
3.10776954100000e+02 8.23866866055201e-20
3.10858438100000e+02 8.17927438214429e-20
3.10939909800000e+02 8.13224448094838e-20
3.11021369300000e+02 8.09689381863472e-20
3.11102816600000e+02 8.06859596123962e-20
3.11184251600000e+02 8.03879422289899e-20
3.11265674400000e+02 7.99872502981701e-20
3.11347085000000e+02 7.94046744633651e-20
3.11428483300000e+02 7.85832209827063e-20
3.11509869300000e+02 7.74993535554376e-20
3.11591243100000e+02 7.61843151034089e-20
3.11672604600000e+02 7.47227038967901e-20
3.11753953900000e+02 7.32182572126327e-20
3.11835290900000e+02 7.17517348746924e-20
3.11916615600000e+02 7.03666052097642e-20
3.11997928000000e+02 6.90792442998098e-20
3.12079228100000e+02 6.78815355441031e-20
3.12160515900000e+02 6.67478592273098e-20
3.12241791400000e+02 6.56610710966923e-20
3.12323054600000e+02 6.46214842484976e-20
3.12404305500000e+02 6.36324925260367e-20
3.12485544000000e+02 6.27059662268797e-20
3.12566770300000e+02 6.18638765015158e-20
3.12647984200000e+02 6.11207500494044e-20
3.12729185800000e+02 6.04803184037420e-20
3.12810375000000e+02 5.99478591765443e-20
3.12891551900000e+02 5.95573909706057e-20
3.12972716400000e+02 5.93588701818090e-20
3.13053868600000e+02 5.93668884317478e-20
3.13135008400000e+02 5.95535379114295e-20
3.13216135900000e+02 5.98601959325282e-20
3.13297250900000e+02 6.01952925243064e-20
3.13378353600000e+02 6.04518108780707e-20
3.13459443900000e+02 6.05142606153055e-20
3.13540521900000e+02 6.02926190997552e-20
3.13621587400000e+02 5.97554410400692e-20
3.13702640500000e+02 5.89201601275980e-20
3.13783681300000e+02 5.78387450440874e-20
3.13864709600000e+02 5.65753232906496e-20
3.13945725500000e+02 5.51886697377158e-20
3.14026728900000e+02 5.37230263048752e-20
3.14107720000000e+02 5.22085219345870e-20
3.14188698600000e+02 5.06887034281398e-20
3.14269664800000e+02 4.92334127383609e-20
3.14350618500000e+02 4.79103019559903e-20
3.14431559800000e+02 4.67749587382699e-20
3.14512488700000e+02 4.58591070423024e-20
3.14593405000000e+02 4.51597012737398e-20
3.14674309000000e+02 4.46446961912260e-20
3.14755200400000e+02 4.42710599952726e-20
3.14836079400000e+02 4.40115271598809e-20
3.14916945900000e+02 4.38702604671440e-20
3.14997799900000e+02 4.38825162994849e-20
3.15078641400000e+02 4.40918435918643e-20
3.15159470400000e+02 4.45075410160540e-20
3.15240286900000e+02 4.50681570630060e-20
3.15321090900000e+02 4.56524215066109e-20
3.15401882400000e+02 4.61181392620412e-20
3.15482661400000e+02 4.63337077843497e-20
3.15563427900000e+02 4.61943406757851e-20
3.15644181800000e+02 4.56533247556042e-20
3.15724923200000e+02 4.47556875425967e-20
3.15805652100000e+02 4.36263165744822e-20
3.15886368400000e+02 4.24104320607521e-20
3.15967072200000e+02 4.12151711127700e-20
3.16047763400000e+02 4.00947040285776e-20
3.16128442000000e+02 3.90660401262124e-20
3.16209108100000e+02 3.81166813421281e-20
3.16289761600000e+02 3.72226544330775e-20
3.16370402600000e+02 3.63667286829668e-20
3.16451030900000e+02 3.55708712864383e-20
3.16531646700000e+02 3.48961962752718e-20
3.16612249900000e+02 3.44092557244342e-20
3.16692840500000e+02 3.41446110963225e-20
3.16773418400000e+02 3.40836716415778e-20
3.16853983800000e+02 3.41613895750302e-20
3.16934536600000e+02 3.43091190555198e-20
3.17015076700000e+02 3.44769267282755e-20
3.17095604200000e+02 3.46456504278720e-20
3.17176119100000e+02 3.48302232155463e-20
3.17256621400000e+02 3.50553296855133e-20
3.17337111000000e+02 3.53026156789283e-20
3.17417588000000e+02 3.55127977766699e-20
3.17498052300000e+02 3.56204629958274e-20
3.17578503900000e+02 3.55772577586600e-20
3.17658942900000e+02 3.53406638333600e-20
3.17739369300000e+02 3.48711810592997e-20
3.17819782900000e+02 3.41664587169451e-20
3.17900183900000e+02 3.32742728685613e-20
3.17980572200000e+02 3.22674392535011e-20
3.18060947800000e+02 3.12103490559047e-20
3.18141310700000e+02 3.01428293074018e-20
3.18221661000000e+02 2.90785787162180e-20
3.18301998500000e+02 2.80347317399003e-20
3.18382323300000e+02 2.70415165347866e-20
3.18462635400000e+02 2.61228650620092e-20
3.18542934700000e+02 2.52934770102885e-20
3.18623221400000e+02 2.45586323322366e-20
3.18703495300000e+02 2.39168192382380e-20
3.18783756500000e+02 2.33781688872453e-20
3.18864004900000e+02 2.29813654205365e-20
3.18944240600000e+02 2.27986236058364e-20
3.19024463500000e+02 2.28962462855135e-20
3.19104673700000e+02 2.32810668831669e-20
3.19184871100000e+02 2.38823010037487e-20
3.19265055800000e+02 2.45844548700978e-20
3.19345227700000e+02 2.52746549119282e-20
3.19425386700000e+02 2.58734271459596e-20
3.19505533100000e+02 2.63472233771769e-20
3.19585666600000e+02 2.67126988170324e-20
3.19665787300000e+02 2.70032749871826e-20
3.19745895200000e+02 2.72204127952070e-20
3.19825990400000e+02 2.73343419176598e-20
3.19906072700000e+02 2.73082297730829e-20
3.19986142200000e+02 2.71061918896378e-20
3.20066198800000e+02 2.66750445144231e-20
3.20146242700000e+02 2.59805991667543e-20
3.20226273700000e+02 2.50637905041908e-20
3.20306291900000e+02 2.40216604428202e-20
3.20386297200000e+02 2.29376276682167e-20
3.20466289700000e+02 2.18637684061901e-20
3.20546269300000e+02 2.08309349273719e-20
3.20626236100000e+02 1.98480783958698e-20
3.20706190000000e+02 1.89108164716463e-20
3.20786131000000e+02 1.80286025834818e-20
3.20866059200000e+02 1.72357721416822e-20
3.20945974500000e+02 1.65729198592106e-20
3.21025876900000e+02 1.60629326902202e-20
3.21105766400000e+02 1.57045505364925e-20
3.21185643000000e+02 1.54742027761441e-20
3.21265506700000e+02 1.53353559239723e-20
3.21345357500000e+02 1.52607207300882e-20
3.21425195400000e+02 1.52525050546765e-20
3.21505020400000e+02 1.53446500867269e-20
3.21584832400000e+02 1.55828107371489e-20
3.21664631500000e+02 1.59960710190702e-20
3.21744417700000e+02 1.65499321081715e-20
3.21824191000000e+02 1.71594131827674e-20
3.21903951300000e+02 1.77227212854107e-20
3.21983698600000e+02 1.81547587340155e-20
3.22063433000000e+02 1.84093383293216e-20
3.22143154500000e+02 1.84834921368760e-20
3.22222862900000e+02 1.84437291394482e-20
3.22302558400000e+02 1.83816128857923e-20
3.22382240900000e+02 1.83363851651650e-20
3.22461910500000e+02 1.82894080446707e-20
3.22541567000000e+02 1.82036229306020e-20
3.22621210600000e+02 1.80299082838308e-20
3.22700841200000e+02 1.76940917506278e-20
3.22780458700000e+02 1.71265021052780e-20
3.22860063300000e+02 1.63300989762902e-20
3.22939654800000e+02 1.53796097811733e-20
3.23019233300000e+02 1.43632399050689e-20
3.23098798800000e+02 1.33512213416595e-20
3.23178351300000e+02 1.23911985565409e-20
3.23257890700000e+02 1.15061110794910e-20
3.23337417100000e+02 1.07031293242528e-20
3.23416930500000e+02 9.98529857193892e-21
3.23496430700000e+02 9.35970423479169e-21
3.23575918000000e+02 8.83935448687982e-21
3.23655392200000e+02 8.44250079039086e-21
3.23734853300000e+02 8.18661575159486e-21
3.23814301300000e+02 8.07680326404023e-21
3.23893736300000e+02 8.09599532440083e-21
3.23973158100000e+02 8.20929547712446e-21
3.24052566900000e+02 8.37989285436042e-21
3.24131962600000e+02 8.58226016563773e-21
3.24211345200000e+02 8.81026818216202e-21
3.24290714700000e+02 9.08916130134442e-21
3.24370071100000e+02 9.47426570429378e-21
3.24449414300000e+02 1.00136482954952e-20
3.24528744500000e+02 1.06919780106534e-20
3.24608061500000e+02 1.14280803523054e-20
3.24687365400000e+02 1.21241353945539e-20
3.24766656100000e+02 1.26970934171656e-20
3.24845933700000e+02 1.30703771669949e-20
3.24925198200000e+02 1.31817814477070e-20
3.25004449500000e+02 1.30380615532055e-20
3.25083687600000e+02 1.27327475785679e-20
3.25162912600000e+02 1.23775325618830e-20
3.25242124400000e+02 1.20343599627833e-20
3.25321323000000e+02 1.17186399258570e-20
3.25400508500000e+02 1.14185547627303e-20
3.25479680800000e+02 1.11084165915092e-20
3.25558839900000e+02 1.07497290280124e-20
3.25637985800000e+02 1.03052091091545e-20
3.25717118400000e+02 9.76962939833616e-21
3.25796237900000e+02 9.17507086256127e-21
3.25875344200000e+02 8.56335466456329e-21
3.25954437300000e+02 7.97088165766965e-21
3.26033517100000e+02 7.42318216976644e-21
3.26112583700000e+02 6.93205213410209e-21
3.26191637100000e+02 6.49870927937445e-21
3.26270677200000e+02 6.11916189033393e-21
3.26349704100000e+02 5.78966857366274e-21
3.26428717700000e+02 5.51059857973353e-21
3.26507718100000e+02 5.28818293727530e-21
3.26586705300000e+02 5.13789587958079e-21
3.26665679100000e+02 5.08221050239788e-21
3.26744639700000e+02 5.13803319885037e-21
3.26823587000000e+02 5.30001707250890e-21
3.26902521100000e+02 5.53823637892533e-21
3.26981441800000e+02 5.81179249282022e-21
3.27060349300000e+02 6.08117995882649e-21
3.27139243500000e+02 6.31418619127538e-21
3.27218124300000e+02 6.49469413698101e-21
3.27296991900000e+02 6.64139009898211e-21
3.27375846100000e+02 6.81220990707293e-21
3.27454687000000e+02 7.07394360191692e-21
3.27533514600000e+02 7.45750195082733e-21
3.27612328900000e+02 7.94263467942250e-21
3.27691129800000e+02 8.47106888408568e-21
3.27769917400000e+02 8.96908090062376e-21
3.27848691700000e+02 9.35809406961362e-21
3.27927452600000e+02 9.56480672158839e-21
3.28006200100000e+02 9.54507349812628e-21
3.28084934300000e+02 9.30356874892994e-21
3.28163655100000e+02 8.88565156502073e-21
3.28242362600000e+02 8.35459670269566e-21
3.28321056700000e+02 7.76948190253932e-21
3.28399737300000e+02 7.17394735319809e-21
3.28478404600000e+02 6.59509982506742e-21
3.28557058600000e+02 6.04807824555597e-21
3.28635699100000e+02 5.54016973862431e-21
3.28714326200000e+02 5.07467068727900e-21
3.28792939900000e+02 4.65400370980729e-21
3.28871540100000e+02 4.27942682487565e-21
3.28950127000000e+02 3.95113096927054e-21
3.29028700400000e+02 3.66916688177990e-21
3.29107260500000e+02 3.43405718128766e-21
3.29185807000000e+02 3.24583194029594e-21
3.29264340200000e+02 3.10247196680301e-21
3.29342859800000e+02 2.99819170306225e-21
3.29421366100000e+02 2.92511563381133e-21
3.29499858900000e+02 2.87675375634169e-21
3.29578338200000e+02 2.85022906736693e-21
3.29656804000000e+02 2.84907643469600e-21
3.29735256400000e+02 2.88750722150186e-21
3.29813695300000e+02 2.98907875838623e-21
3.29892120700000e+02 3.17587353710507e-21
3.29970532600000e+02 3.44993298872745e-21
3.30048931000000e+02 3.78560130948132e-21
3.30127316000000e+02 4.14215694605823e-21
3.30205687400000e+02 4.47901988285060e-21
3.30284045300000e+02 4.76128834045623e-21
3.30362389700000e+02 4.96000916661194e-21
3.30440720600000e+02 5.06721045846714e-21
3.30519037900000e+02 5.11289503284183e-21
3.30597341700000e+02 5.15384134065761e-21
3.30675632000000e+02 5.23887310239267e-21
3.30753908700000e+02 5.38022074865746e-21
3.30832171900000e+02 5.55638274902096e-21
3.30910421600000e+02 5.73176046771704e-21
3.30988657600000e+02 5.87060037117482e-21
3.31066880200000e+02 5.93579487849349e-21
3.31145089100000e+02 5.89158105981857e-21
3.31223284500000e+02 5.72546813526801e-21
3.31301466300000e+02 5.45789247494166e-21
3.31379634500000e+02 5.12553473738262e-21
3.31457789100000e+02 4.76175476650704e-21
3.31535930100000e+02 4.39248344922137e-21
3.31614057500000e+02 4.03464444558964e-21
3.31692171300000e+02 3.69745583082186e-21
3.31770271500000e+02 3.38426056014178e-21
3.31848358100000e+02 3.09658570552271e-21
3.31926431100000e+02 2.83582532049956e-21
3.32004490400000e+02 2.60289691408976e-21
3.32082536100000e+02 2.39778895913177e-21
3.32160568200000e+02 2.22029409121838e-21
3.32238586600000e+02 2.07034889672636e-21
3.32316591300000e+02 1.94918461215882e-21
3.32394582500000e+02 1.85913763184788e-21
3.32472559900000e+02 1.80305298919760e-21
3.32550523700000e+02 1.78225127600846e-21
3.32628473800000e+02 1.79412584062607e-21
3.32706410200000e+02 1.83215008980924e-21
3.32784333000000e+02 1.88862666291315e-21
3.32862242100000e+02 1.95609730013171e-21
3.32940137500000e+02 2.02879991881945e-21
3.33018019100000e+02 2.10713551726467e-21
3.33095887100000e+02 2.20320463104376e-21
3.33173741400000e+02 2.33904773718750e-21
3.33251582000000e+02 2.53398974018561e-21
3.33329408800000e+02 2.78842161911170e-21
3.33407221900000e+02 3.08085813644963e-21
3.33485021300000e+02 3.38011377786435e-21
3.33562806900000e+02 3.65424827729453e-21
3.33640578900000e+02 3.87153437739361e-21
3.33718337000000e+02 3.99936504690932e-21
3.33796081400000e+02 4.01747129993231e-21
3.33873812100000e+02 3.93108990928478e-21
3.33951529000000e+02 3.76454906621729e-21
3.34029232100000e+02 3.54714591984420e-21
3.34106921500000e+02 3.30604582367236e-21
3.34184597100000e+02 3.06312843321441e-21
3.34262258900000e+02 2.83201732255403e-21
3.34339906900000e+02 2.61863311550394e-21
3.34417541100000e+02 2.42407798182679e-21
3.34495161500000e+02 2.24714248605933e-21
3.34572768100000e+02 2.08544250550453e-21
3.34650360900000e+02 1.93584590990583e-21
3.34727939900000e+02 1.79523621029107e-21
3.34805505100000e+02 1.66171134342580e-21
3.34883056400000e+02 1.53563636283700e-21
3.34960594000000e+02 1.41867709075291e-21
3.35038117600000e+02 1.31291994266902e-21
3.35115627500000e+02 1.22038638240853e-21
3.35193123500000e+02 1.14198279104583e-21
3.35270605600000e+02 1.07750839443857e-21
3.35348073900000e+02 1.02581062074348e-21
3.35425528300000e+02 9.85063728760843e-22
3.35502968900000e+02 9.53198187476860e-22
3.35580395500000e+02 9.28896207525026e-22
3.35657808300000e+02 9.12466746819651e-22
3.35735207200000e+02 9.05903860925783e-22
3.35812592300000e+02 9.13370031879333e-22
3.35889963400000e+02 9.40524868545628e-22
3.35967320600000e+02 9.92365110732874e-22
3.36044663900000e+02 1.06988735392708e-21
3.36121993400000e+02 1.16780862886806e-21
3.36199308800000e+02 1.27566127919177e-21
3.36276610400000e+02 1.38159611054657e-21
3.36353898100000e+02 1.47600960429066e-21
3.36431171800000e+02 1.55287196921838e-21
3.36508431600000e+02 1.61128359614672e-21
3.36585677400000e+02 1.65905136892115e-21
3.36662909300000e+02 1.71373047756853e-21
3.36740127200000e+02 1.79626336961162e-21
3.36817331200000e+02 1.91880902272827e-21
3.36894521200000e+02 2.07605380162609e-21
3.36971697200000e+02 2.24937231429430e-21
3.37048859300000e+02 2.41647143560206e-21
3.37126007400000e+02 2.55700764354899e-21
3.37203141500000e+02 2.65159163025655e-21
3.37280261600000e+02 2.68296255224710e-21
3.37357367700000e+02 2.64578433331442e-21
3.37434459800000e+02 2.55038814080909e-21
3.37511537900000e+02 2.41471864587905e-21
3.37588602000000e+02 2.25612483957573e-21
3.37665652100000e+02 2.08837366990999e-21
3.37742688100000e+02 1.92046978552590e-21
3.37819710100000e+02 1.75787217135906e-21
3.37896718100000e+02 1.60347282274886e-21
3.37973712100000e+02 1.45904418289650e-21
3.38050692000000e+02 1.32588343994526e-21
3.38127657800000e+02 1.20503671747486e-21
3.38204609600000e+02 1.09711456012446e-21
3.38281547400000e+02 1.00232728317593e-21
3.38358471000000e+02 9.20492341725566e-22
3.38435380700000e+02 8.51107769570584e-22
3.38512276200000e+02 7.93390282249398e-22
3.38589157600000e+02 7.46010552129333e-22
3.38666025000000e+02 7.07602762924530e-22
3.38742878200000e+02 6.77178165149268e-22
3.38819717400000e+02 6.54308477644865e-22
3.38896542500000e+02 6.39365294843529e-22
3.38973353400000e+02 6.32815282981030e-22
3.39050150300000e+02 6.34341023054829e-22
3.39126933000000e+02 6.42323975961013e-22
3.39203701600000e+02 6.54645672066432e-22
3.39280456100000e+02 6.69429886285338e-22
3.39357196400000e+02 6.85808546943074e-22
3.39433922600000e+02 7.04588088379449e-22
3.39510634600000e+02 7.29414509129969e-22
3.39587332500000e+02 7.66972408766053e-22
3.39664016300000e+02 8.24221840730298e-22
3.39740685800000e+02 9.03219341325805e-22
3.39817341200000e+02 9.98587944072191e-22
3.39893982500000e+02 1.10009076404041e-21
3.39970609500000e+02 1.19654416909003e-21
3.40047222400000e+02 1.27722866602245e-21
3.40123821100000e+02 1.33135931270479e-21
3.40200405600000e+02 1.35082912223846e-21
3.40276975900000e+02 1.33433105046366e-21
3.40353532000000e+02 1.28789299772041e-21
3.40430073900000e+02 1.22056206354232e-21
3.40506601500000e+02 1.14123343416920e-21
3.40583115000000e+02 1.05696790053854e-21
3.40659614200000e+02 9.72692652003088e-22
3.40736099200000e+02 8.91325531233767e-22
3.40812569900000e+02 8.14612130352231e-22
3.40889026400000e+02 7.43522110293656e-22
3.40965468700000e+02 6.78556709933101e-22
3.41041896700000e+02 6.19817748200054e-22
3.41118310400000e+02 5.67252216818285e-22
3.41194709900000e+02 5.20666963778426e-22
3.41271095100000e+02 4.79805925895618e-22
3.41347466100000e+02 4.44389293089516e-22
3.41423822800000e+02 4.14155897512983e-22
3.41500165100000e+02 3.88940321150845e-22
3.41576493200000e+02 3.68620234953348e-22
3.41652807000000e+02 3.52885141445177e-22
3.41729106500000e+02 3.41026386882636e-22
3.41805391700000e+02 3.32002632483405e-22
3.41881662600000e+02 3.24668566143410e-22
3.41957919100000e+02 3.17946958252328e-22
3.42034161400000e+02 3.11086775691416e-22
3.42110389300000e+02 3.03651063326157e-22
3.42186602900000e+02 2.95664893351810e-22
3.42262802100000e+02 2.87732899844695e-22
3.42338987000000e+02 2.81225937997336e-22
3.42415157600000e+02 2.77649409789503e-22
3.42491313700000e+02 2.78270704047856e-22
3.42567455600000e+02 2.83761101219653e-22
3.42643583000000e+02 2.94481469712068e-22
3.42719696100000e+02 3.10613404023259e-22
3.42795794900000e+02 3.31676480895929e-22
3.42871879200000e+02 3.55964049162618e-22
3.42947949200000e+02 3.80832095645396e-22
3.43024004700000e+02 4.04027039329890e-22
3.43100045900000e+02 4.24519771299818e-22
3.43176072700000e+02 4.42373970974657e-22
3.43252085000000e+02 4.58706198969200e-22
3.43328083000000e+02 4.76770091859354e-22
3.43404066500000e+02 5.02498885224177e-22
3.43480035600000e+02 5.42655452244853e-22
3.43555990300000e+02 6.00838778115185e-22
3.43631930500000e+02 6.74409530295511e-22
3.43707856300000e+02 7.55829636073491e-22
3.43783767700000e+02 8.36178238704006e-22
3.43859664600000e+02 9.07288440447859e-22
3.43935547000000e+02 9.61174769621678e-22
3.44011415000000e+02 9.90397503736072e-22
3.44087268600000e+02 9.91642639207846e-22
3.44163107600000e+02 9.67634649868042e-22
3.44238932200000e+02 9.25073059100392e-22
3.44314742300000e+02 8.70947685064861e-22
3.44390537900000e+02 8.11171215090594e-22
3.44466319000000e+02 7.50151688295164e-22
3.44542085600000e+02 6.90635993849222e-22
3.44617837700000e+02 6.34145533868327e-22
3.44693575300000e+02 5.81475830712329e-22
3.44769298400000e+02 5.33105442071490e-22
3.44845007000000e+02 4.89398752854671e-22
3.44920701000000e+02 4.50507424235013e-22
3.44996380500000e+02 4.16416667679884e-22
3.45072045500000e+02 3.87043224953910e-22
3.45147696000000e+02 3.62348337229394e-22
3.45223331800000e+02 3.42293303978664e-22
3.45298953200000e+02 3.26519231935394e-22
3.45374560000000e+02 3.14085109072297e-22
3.45450152200000e+02 3.03824685115312e-22
3.45525729800000e+02 2.94712451882239e-22
3.45601292900000e+02 2.85860265025123e-22
3.45676841400000e+02 2.76517284894251e-22
3.45752375300000e+02 2.66214882056923e-22
3.45827894700000e+02 2.54956760351374e-22
3.45903399400000e+02 2.43180885127416e-22
3.45978889500000e+02 2.31527468451458e-22
3.46054365100000e+02 2.20609885828879e-22
3.46129826000000e+02 2.10878691858605e-22
3.46205272300000e+02 2.02499289148589e-22
3.46280704000000e+02 1.95420828510950e-22
3.46356121000000e+02 1.89610634345472e-22
3.46431523400000e+02 1.85181463537434e-22
3.46506911200000e+02 1.82564197808368e-22
3.46582284400000e+02 1.82745176157897e-22
3.46657642900000e+02 1.87265417828737e-22
3.46732986700000e+02 1.97623684246420e-22
3.46808315900000e+02 2.14272230984063e-22
3.46883630400000e+02 2.35858220161236e-22
3.46958930300000e+02 2.59768763163934e-22
3.47034215400000e+02 2.83194123912858e-22
3.47109485900000e+02 3.03591288678690e-22
3.47184741700000e+02 3.18525812932172e-22
3.47259982900000e+02 3.25843838511459e-22
3.47335209300000e+02 3.24662193083899e-22
3.47410421000000e+02 3.15962209157510e-22
3.47485618000000e+02 3.01825403334178e-22
3.47560800300000e+02 2.84329611839460e-22
3.47635967900000e+02 2.65194505664968e-22
3.47711120800000e+02 2.45698449831109e-22
3.47786258900000e+02 2.26680596615669e-22
3.47861382300000e+02 2.08617589747243e-22
3.47936491000000e+02 1.91773378738381e-22
3.48011584900000e+02 1.76359319597809e-22
3.48086664100000e+02 1.62580688011059e-22
3.48161728500000e+02 1.50577089018210e-22
3.48236778200000e+02 1.40362316322175e-22
3.48311813100000e+02 1.31805926123190e-22
3.48386833200000e+02 1.24663510744969e-22
3.48461838600000e+02 1.18627383210079e-22
3.48536829100000e+02 1.13380564968242e-22
3.48611804900000e+02 1.08678661176497e-22
3.48686765900000e+02 1.04328888602095e-22
3.48761712100000e+02 1.00253946519945e-22
3.48836643500000e+02 9.65803517231276e-23
3.48911560000000e+02 9.37194218004956e-23
3.48986461800000e+02 9.21957997416811e-23
3.49061348800000e+02 9.23176570665005e-23
3.49136220900000e+02 9.39490731972972e-23
3.49211078200000e+02 9.66427715155919e-23
3.49285920600000e+02 9.98546219427114e-23
3.49360748300000e+02 1.03009069505133e-22
3.49435561000000e+02 1.05560111665537e-22
3.49510359000000e+02 1.07019650087184e-22
3.49585142000000e+02 1.07107120703678e-22
3.49659910200000e+02 1.05981196571196e-22
3.49734663600000e+02 1.04129225295006e-22
3.49809402000000e+02 1.02099324065983e-22
3.49884125600000e+02 1.00277119140358e-22
3.49958834300000e+02 9.88191689798288e-23
3.50033528200000e+02 9.77507412487628e-23
3.50108207100000e+02 9.70350950754312e-23
3.50182871100000e+02 9.66008759434710e-23
3.50257520200000e+02 9.63004957179772e-23
3.50332154500000e+02 9.60323568358658e-23
3.50406773800000e+02 9.58265767828615e-23
3.50481378100000e+02 9.58133533722088e-23
3.50555967600000e+02 9.62871984029670e-23
3.50630542100000e+02 9.77667939327154e-23
3.50705101700000e+02 1.01152780023549e-22
3.50779646400000e+02 1.07753523442766e-22
3.50854176100000e+02 1.19026920831057e-22
3.50928690800000e+02 1.35943317665796e-22
3.51003190600000e+02 1.58243302879039e-22
3.51077675400000e+02 1.84237265990987e-22
3.51152145300000e+02 2.11441301131796e-22
3.51226600200000e+02 2.37342164607866e-22
3.51301040100000e+02 2.59561646223998e-22
3.51375465000000e+02 2.75814739786707e-22
3.51449874900000e+02 2.84415990562985e-22
3.51524269900000e+02 2.85044300073242e-22
3.51598649800000e+02 2.78833143071366e-22
3.51673014700000e+02 2.67650951076437e-22
3.51747364700000e+02 2.53339521722192e-22
3.51821699600000e+02 2.37466421282822e-22
3.51896019400000e+02 2.21254425241452e-22
3.51970324300000e+02 2.05617066592574e-22
3.52044614100000e+02 1.91213884895943e-22
3.52118888900000e+02 1.78428100196188e-22
3.52193148700000e+02 1.67386029687475e-22
3.52267393400000e+02 1.57978886471152e-22
3.52341623000000e+02 1.49922438142661e-22
3.52415837600000e+02 1.42827162270945e-22
3.52490037100000e+02 1.36277253237109e-22
3.52564221500000e+02 1.29890408756009e-22
3.52638390900000e+02 1.23386665974892e-22
3.52712545200000e+02 1.16661330240635e-22
3.52786684400000e+02 1.09810723224829e-22
3.52860808500000e+02 1.03061150436670e-22
3.52934917600000e+02 9.66549954159062e-23
3.53009011500000e+02 9.07395882519646e-23
3.53083090300000e+02 8.53480968303433e-23
3.53157154000000e+02 8.04519759992318e-23
3.53231202600000e+02 7.59927659218083e-23
3.53305236000000e+02 7.18649982081318e-23
3.53379254400000e+02 6.79498128661514e-23
3.53453257600000e+02 6.41519366304341e-23
3.53527245600000e+02 6.04404637290064e-23
3.53601218500000e+02 5.68453060382950e-23
3.53675176300000e+02 5.34057629773221e-23
3.53749118900000e+02 5.01871921683673e-23
3.53823046400000e+02 4.72673962461222e-23
3.53896958700000e+02 4.47117433003246e-23
3.53970855800000e+02 4.25622461397336e-23
3.54044737700000e+02 4.08406190181184e-23
3.54118604500000e+02 3.95510778923287e-23
3.54192456000000e+02 3.87049260810767e-23
3.54266292400000e+02 3.83392844980988e-23
3.54340113600000e+02 3.84887083424434e-23
3.54413919600000e+02 3.92098047212835e-23
3.54487710300000e+02 4.05325068200588e-23
3.54561485900000e+02 4.24003974760004e-23
3.54635246200000e+02 4.46414591452001e-23
3.54708991300000e+02 4.70177086973811e-23
3.54782721200000e+02 4.93086372605126e-23
3.54856435800000e+02 5.13019710947428e-23
3.54930135200000e+02 5.27781466711878e-23
3.55003819400000e+02 5.35216400177268e-23
3.55077488300000e+02 5.34227826862547e-23
3.55151142000000e+02 5.25516304675056e-23
3.55224780300000e+02 5.10914003533739e-23
3.55298403500000e+02 4.92316129245108e-23
3.55372011300000e+02 4.71176080423612e-23
3.55445603900000e+02 4.49004518627139e-23
3.55519181200000e+02 4.27370922116052e-23
3.55592743200000e+02 4.07326678190810e-23
3.55666289900000e+02 3.88880569775541e-23
3.55739821300000e+02 3.71773841153342e-23
3.55813337400000e+02 3.55832684709932e-23
3.55886838200000e+02 3.41086400482165e-23
3.55960323700000e+02 3.27657066722953e-23
3.56033793800000e+02 3.15913352678854e-23
3.56107248600000e+02 3.06801083364188e-23
3.56180688100000e+02 3.01843842998150e-23
3.56254112300000e+02 3.02784059165624e-23
3.56327521100000e+02 3.10549582886059e-23
3.56400914600000e+02 3.24444765836906e-23
3.56474292700000e+02 3.42550640618075e-23
3.56547655500000e+02 3.62196359534823e-23
3.56621002900000e+02 3.80730747103812e-23
3.56694334900000e+02 3.95878049172748e-23
3.56767651600000e+02 4.05544864679569e-23
3.56840952800000e+02 4.08569634800776e-23
3.56914238700000e+02 4.05214041076995e-23
3.56987509200000e+02 3.97333252427472e-23
3.57060764400000e+02 3.87255375893826e-23
3.57134004100000e+02 3.76854568550732e-23
3.57207228400000e+02 3.67034452032642e-23
3.57280437200000e+02 3.57874452745396e-23
3.57353630700000e+02 3.49211455755960e-23
3.57426808800000e+02 3.40845014481609e-23
3.57499971400000e+02 3.32199679284059e-23
3.57573118600000e+02 3.22417941141752e-23
3.57646250300000e+02 3.11102794309744e-23
3.57719366700000e+02 2.98587187070233e-23
3.57792467500000e+02 2.85422463354857e-23
3.57865552900000e+02 2.72148200523625e-23
3.57938622900000e+02 2.58996078008337e-23
3.58011677300000e+02 2.46296902371168e-23
3.58084716400000e+02 2.34531702309029e-23
3.58157739900000e+02 2.23912066442581e-23
3.58230748000000e+02 2.14705546406893e-23
3.58303740500000e+02 2.07083906351350e-23
3.58376717600000e+02 2.01440004981698e-23
3.58449679200000e+02 1.98021518009006e-23
3.58522625300000e+02 1.97077656301546e-23
3.58595555800000e+02 1.98854357435933e-23
3.58668470900000e+02 2.03947191462471e-23
3.58741370400000e+02 2.13381913290230e-23
3.58814254500000e+02 2.28376113109615e-23
3.58887123000000e+02 2.50254662679320e-23
3.58959975900000e+02 2.79837705184968e-23
3.59032813300000e+02 3.16805916642776e-23
3.59105635200000e+02 3.59362474518131e-23
3.59178441500000e+02 4.04550042080382e-23
3.59251232300000e+02 4.48788392724584e-23
3.59324007500000e+02 4.88525477497293e-23
3.59396767100000e+02 5.20639113192174e-23
3.59469511200000e+02 5.42800768223218e-23
3.59542239700000e+02 5.54031836846977e-23
3.59614952600000e+02 5.54989416792269e-23
3.59687649900000e+02 5.47804485557338e-23
3.59760331600000e+02 5.35219996230766e-23
3.59832997800000e+02 5.19746521404865e-23
3.59905648300000e+02 5.02981796110156e-23
3.59978283200000e+02 4.85738180200821e-23
3.60050902500000e+02 4.68256799313762e-23
3.60123506200000e+02 4.50570131687276e-23
3.60196094300000e+02 4.32466555633454e-23
3.60268666700000e+02 4.13531224394619e-23
3.60341223500000e+02 3.93630501604767e-23
3.60413764600000e+02 3.72992677949854e-23
3.60486290100000e+02 3.52330666165510e-23
3.60558800000000e+02 3.32300526710600e-23
3.60631294200000e+02 3.13374628771799e-23
3.60703772700000e+02 2.95765658507879e-23
3.60776235600000e+02 2.79532384530782e-23
3.60848682800000e+02 2.64599809243809e-23
3.60921114300000e+02 2.50735591468877e-23
3.60993530100000e+02 2.37774371304949e-23
3.61065930300000e+02 2.25538775602997e-23
3.61138314700000e+02 2.13791209771537e-23
3.61210683500000e+02 2.02386503876174e-23
3.61283036500000e+02 1.91272770551103e-23
3.61355373800000e+02 1.80474619202258e-23
3.61427695500000e+02 1.70202867231956e-23
3.61500001400000e+02 1.60562726049839e-23
3.61572291500000e+02 1.51618380798642e-23
3.61644566000000e+02 1.43347775078575e-23
3.61716824700000e+02 1.35579782614463e-23
3.61789067600000e+02 1.28276182201076e-23
3.61861294800000e+02 1.21653132885290e-23
3.61933506300000e+02 1.15897084592729e-23
3.62005702000000e+02 1.10898898733489e-23
3.62077881900000e+02 1.06273259247248e-23
3.62150046100000e+02 1.01928187368898e-23
3.62222194500000e+02 9.82400894927580e-24
3.62294327100000e+02 9.53768832859595e-24
3.62366443900000e+02 9.30037411625395e-24
3.62438545000000e+02 9.07537452973382e-24
3.62510630200000e+02 8.85854930327996e-24
3.62582699700000e+02 8.66897422650492e-24
3.62654753300000e+02 8.51427115273073e-24
3.62726791100000e+02 8.38558850543627e-24
3.62798813100000e+02 8.29204059189399e-24
3.62870819300000e+02 8.23728681039780e-24
3.62942809700000e+02 8.22709028989939e-24
3.63014784200000e+02 8.25441624478093e-24
3.63086742900000e+02 8.32190077793116e-24
3.63158685700000e+02 8.40759385727890e-24
3.63230612700000e+02 8.48102322197274e-24
3.63302523800000e+02 8.53290534686980e-24
3.63374419100000e+02 8.56880711946803e-24
3.63446298500000e+02 8.59293092967696e-24
3.63518162100000e+02 8.60465452382281e-24
3.63590009700000e+02 8.59252429431851e-24
3.63661841500000e+02 8.55393182174332e-24
3.63733657400000e+02 8.50623065659286e-24
3.63805457400000e+02 8.45103674961811e-24
3.63877241500000e+02 8.38647093189850e-24
3.63949009700000e+02 8.32531698822879e-24
3.64020762000000e+02 8.30277687463269e-24
3.64092498400000e+02 8.35948278446276e-24
3.64164218900000e+02 8.52718210886390e-24
3.64235923400000e+02 8.83641100374750e-24
3.64307612000000e+02 9.32500826352414e-24
3.64379284700000e+02 9.99432944807739e-24
3.64450941400000e+02 1.07704741282521e-23
3.64522582200000e+02 1.15581529533158e-23
3.64594207100000e+02 1.22951910849306e-23
3.64665816000000e+02 1.29413062423839e-23
3.64737408900000e+02 1.34303434322006e-23
3.64808985800000e+02 1.36914928451183e-23
3.64880546800000e+02 1.37322296929990e-23
3.64952091800000e+02 1.36210278905212e-23
3.65023620900000e+02 1.34396863992925e-23
3.65095133900000e+02 1.32356796858700e-23
3.65166631000000e+02 1.30346917530486e-23
3.65238112000000e+02 1.28494998035916e-23
3.65309577000000e+02 1.26811891780497e-23
3.65381026100000e+02 1.25186546952678e-23
3.65452459100000e+02 1.23477155811303e-23
3.65523876100000e+02 1.21463568998230e-23
3.65595277100000e+02 1.18859412986179e-23
3.65666662000000e+02 1.15581350750122e-23
3.65738030900000e+02 1.11837282457024e-23
3.65809383800000e+02 1.07920873991858e-23
3.65880720600000e+02 1.03995999787272e-23
3.65952041400000e+02 1.00167408440335e-23
3.66023346100000e+02 9.63833818122812e-24
3.66094634700000e+02 9.26241586032044e-24
3.66165907300000e+02 8.89134582277396e-24
3.66237163800000e+02 8.52216191573384e-24
3.66308404200000e+02 8.15080486218240e-24
3.66379628600000e+02 7.79140784430179e-24
3.66450836800000e+02 7.45848858394417e-24
3.66522029000000e+02 7.15153975431156e-24
3.66593205000000e+02 6.85337035457357e-24
3.66664365000000e+02 6.56640327228443e-24
3.66735508800000e+02 6.30847415710219e-24
3.66806636500000e+02 6.08746686177265e-24
3.66877748100000e+02 5.88757923584049e-24
3.66948843600000e+02 5.68383616810681e-24
3.67019923000000e+02 5.47538849661923e-24
3.67090986200000e+02 5.29065334570302e-24
3.67162033200000e+02 5.14881849878049e-24
3.67233064100000e+02 5.04149136484016e-24
3.67304078900000e+02 4.96808656276205e-24
3.67375077500000e+02 4.92659621313174e-24
3.67446059900000e+02 4.92415521266547e-24
3.67517026200000e+02 4.95537089324431e-24
3.67587976300000e+02 5.01862722389946e-24
3.67658910200000e+02 5.11005533042219e-24
3.67729828000000e+02 5.23129436247049e-24
3.67800729500000e+02 5.40030872303037e-24
3.67871614800000e+02 5.62874321803957e-24
3.67942484000000e+02 5.92026840350920e-24
3.68013336900000e+02 6.27222883167279e-24
3.68084173600000e+02 6.67368739991532e-24
3.68154994100000e+02 7.11225512897750e-24
3.68225798400000e+02 7.55936496430139e-24
3.68296586500000e+02 7.99304801485450e-24
3.68367358300000e+02 8.38831629234102e-24
3.68438113900000e+02 8.71117372095048e-24
3.68508853200000e+02 8.92688670488570e-24
3.68579576300000e+02 9.02146291006826e-24
3.68650283100000e+02 9.01811976339454e-24
3.68720973700000e+02 8.93232304943248e-24
3.68791648000000e+02 8.76554538284390e-24
3.68862306000000e+02 8.53459165490074e-24
3.68932947800000e+02 8.27106854456466e-24
3.69003573200000e+02 8.00538931209428e-24
3.69074182400000e+02 7.75654158733805e-24
3.69144775300000e+02 7.52815797277036e-24
3.69215351900000e+02 7.30119321760143e-24
3.69285912200000e+02 7.05783808394350e-24
3.69356456200000e+02 6.80687176055193e-24
3.69426983900000e+02 6.56314756004119e-24
3.69497495200000e+02 6.32798155035756e-24
3.69567990300000e+02 6.09482508786485e-24
3.69638469000000e+02 5.85912760966272e-24
3.69708931300000e+02 5.63166688392967e-24
3.69779377400000e+02 5.43405458587078e-24
3.69849807000000e+02 5.27606310988300e-24
3.69920220400000e+02 5.14242693948873e-24
3.69990617300000e+02 5.02361592495568e-24
3.70060997900000e+02 4.91291925416748e-24
3.70131362200000e+02 4.80302008080155e-24
3.70201710100000e+02 4.69357883008332e-24
3.70272041500000e+02 4.58212372731516e-24
3.70342356700000e+02 4.46481260719414e-24
3.70412655400000e+02 4.35031968133219e-24
3.70482937700000e+02 4.24418023176132e-24
3.70553203600000e+02 4.13614372838709e-24
3.70623453200000e+02 4.01604995273643e-24
3.70693686300000e+02 3.88327255762595e-24
3.70763903000000e+02 3.76002949397274e-24
3.70834103200000e+02 3.66018899405962e-24
3.70904287100000e+02 3.56583881449447e-24
3.70974454500000e+02 3.45651149862029e-24
3.71044605500000e+02 3.33619905155141e-24
3.71114740000000e+02 3.22431983075265e-24
3.71184858100000e+02 3.12233782924359e-24
3.71254959800000e+02 3.03033609599815e-24
3.71325045000000e+02 2.94716013126686e-24
3.71395113700000e+02 2.88025794885716e-24
3.71465165900000e+02 2.84484054033843e-24
3.71535201700000e+02 2.83025147782509e-24
3.71605221000000e+02 2.81254481671086e-24
3.71675223800000e+02 2.79599607269139e-24
3.71745210100000e+02 2.79484908431591e-24
3.71815180000000e+02 2.79723175016997e-24
3.71885133300000e+02 2.78837350295136e-24
3.71955070100000e+02 2.76833234581850e-24
3.72024990400000e+02 2.75113698513996e-24
3.72094894200000e+02 2.74182104429924e-24
3.72164781500000e+02 2.73359854271588e-24
3.72234652300000e+02 2.72711751442736e-24
3.72304506500000e+02 2.72788158755880e-24
3.72374344100000e+02 2.73236443284174e-24
3.72444165300000e+02 2.72630330950828e-24
3.72513969900000e+02 2.70405777078698e-24
3.72583757900000e+02 2.68086977146036e-24
3.72653529400000e+02 2.68370330013581e-24
3.72723284300000e+02 2.72317382501675e-24
3.72793022600000e+02 2.79788982338161e-24
3.72862744400000e+02 2.90325546920934e-24
3.72932449500000e+02 3.04125264409574e-24
3.73002138100000e+02 3.21088343648820e-24
3.73071810100000e+02 3.39937471170157e-24
3.73141465500000e+02 3.58692660725847e-24
3.73211104300000e+02 3.75020078197593e-24
3.73280726500000e+02 3.89007307959655e-24
3.73350332100000e+02 4.01280546654486e-24
3.73419921100000e+02 4.11268760869085e-24
3.73489493400000e+02 4.19100276996312e-24
3.73559049100000e+02 4.26538358349790e-24
3.73628588200000e+02 4.34691191015846e-24
3.73698110700000e+02 4.43025685389062e-24
3.73767616500000e+02 4.50489119770138e-24
3.73837105600000e+02 4.57445077403979e-24
3.73906578100000e+02 4.65004376443945e-24
3.73976033900000e+02 4.72141315891320e-24
3.74045473100000e+02 4.77095120287718e-24
3.74114895600000e+02 4.78708295164402e-24
3.74184301400000e+02 4.77348406077465e-24
3.74253690500000e+02 4.74124475781412e-24
3.74323063000000e+02 4.69147044742754e-24
3.74392418700000e+02 4.61590189146123e-24
3.74461757800000e+02 4.51867120468068e-24
3.74531080100000e+02 4.41719769166737e-24
3.74600385800000e+02 4.32033430060286e-24
3.74669674700000e+02 4.22484089207785e-24
3.74738946900000e+02 4.12457298722070e-24
3.74808202400000e+02 4.02362486852491e-24
3.74877441100000e+02 3.93519757721780e-24
3.74946663100000e+02 3.86751123913169e-24
3.75015868400000e+02 3.80360797110831e-24
3.75085056900000e+02 3.73074260963101e-24
3.75154228700000e+02 3.65499136599212e-24
3.75223383700000e+02 3.58383970872634e-24
3.75292522000000e+02 3.51914619322749e-24
3.75361643500000e+02 3.46121204211208e-24
3.75430748200000e+02 3.39835509099109e-24
3.75499836100000e+02 3.31603909790168e-24
3.75568907300000e+02 3.22338531591380e-24
3.75637961700000e+02 3.14144367229869e-24
3.75706999200000e+02 3.08860334618019e-24
3.75776020000000e+02 3.06598646515938e-24
3.75845024000000e+02 3.05939775790364e-24
3.75914011100000e+02 3.06073401190902e-24
3.75982981500000e+02 3.06590610112729e-24
3.76051935000000e+02 3.06770029303854e-24
3.76120871700000e+02 3.06129247949689e-24
3.76189791600000e+02 3.03957707782049e-24
3.76258694600000e+02 2.99343918905100e-24
3.76327580800000e+02 2.92427082423146e-24
3.76396450100000e+02 2.84300314220126e-24
3.76465302600000e+02 2.76010906431549e-24
3.76534138200000e+02 2.70093094029219e-24
3.76602957000000e+02 2.67388309799255e-24
3.76671758900000e+02 2.66639873685933e-24
3.76740543900000e+02 2.66536183923882e-24
3.76809312000000e+02 2.66820999645833e-24
3.76878063300000e+02 2.68315411816395e-24
3.76946797600000e+02 2.70483631340901e-24
3.77015515100000e+02 2.72387105947627e-24
3.77084215700000e+02 2.73570947109832e-24
3.77152899300000e+02 2.73829355696051e-24
3.77221566100000e+02 2.74232164538126e-24
3.77290215900000e+02 2.75003839998516e-24
3.77358848800000e+02 2.76006302555100e-24
3.77427464800000e+02 2.76882058917919e-24
3.77496063900000e+02 2.77195403186334e-24
3.77564646000000e+02 2.77285274637274e-24
3.77633211100000e+02 2.77288845099113e-24
3.77701759300000e+02 2.77092790186866e-24
3.77770290600000e+02 2.75845988633765e-24
3.77838804900000e+02 2.74216262098325e-24
3.77907302200000e+02 2.73415194721382e-24
3.77975782600000e+02 2.73990127806631e-24
3.78044246000000e+02 2.75090897958278e-24
3.78112692400000e+02 2.75668499730297e-24
3.78181121800000e+02 2.76763355725852e-24
3.78249534300000e+02 2.79371590379481e-24
3.78317929700000e+02 2.83437081981308e-24
3.78386308100000e+02 2.87428381091109e-24
3.78454669600000e+02 2.89500391215751e-24
3.78523014000000e+02 2.90551745480940e-24
3.78591341400000e+02 2.91724892825589e-24
3.78659651700000e+02 2.93064227027309e-24
3.78727945100000e+02 2.93990728001689e-24
3.78796221400000e+02 2.93988373993888e-24
3.78864480600000e+02 2.94157344714428e-24
3.78932722900000e+02 2.94492624569734e-24
3.79000948000000e+02 2.94862907845874e-24
3.79069156100000e+02 2.94475938021152e-24
3.79137347200000e+02 2.92536979063363e-24
3.79205521200000e+02 2.89987266129802e-24
3.79273678100000e+02 2.87369502481684e-24
3.79341817900000e+02 2.84585386819815e-24
3.79409940700000e+02 2.81734282353404e-24
3.79478046300000e+02 2.79641101596780e-24
3.79546134900000e+02 2.79341176020063e-24
3.79614206400000e+02 2.80336340234454e-24
3.79682260700000e+02 2.81756359146958e-24
3.79750298000000e+02 2.83622064115219e-24
3.79818318200000e+02 2.85578946551283e-24
3.79886321200000e+02 2.86831151048599e-24
3.79954307100000e+02 2.87445761894536e-24
3.80022275800000e+02 2.86910373423369e-24
3.80090227500000e+02 2.85290412816977e-24
3.80158162000000e+02 2.83377822880111e-24
3.80226079300000e+02 2.81844844655275e-24
3.80293979500000e+02 2.81265705871103e-24
3.80361862500000e+02 2.81965754751528e-24
3.80429728400000e+02 2.83710227650235e-24
3.80497577100000e+02 2.85725095889905e-24
3.80565408700000e+02 2.87121790303519e-24
3.80633223000000e+02 2.87260566320018e-24
3.80701020200000e+02 2.86327227951984e-24
3.80768800200000e+02 2.85030486832516e-24
3.80836562900000e+02 2.83473035203749e-24
3.80904308500000e+02 2.81414329000737e-24
3.80972036900000e+02 2.78789754236060e-24
3.81039748100000e+02 2.77143298654778e-24
3.81107442000000e+02 2.77922147294078e-24
3.81175118700000e+02 2.80740453414340e-24
3.81242778300000e+02 2.84447436122698e-24
3.81310420500000e+02 2.87911307954501e-24
3.81378045600000e+02 2.91058851263334e-24
3.81445653300000e+02 2.94281897731795e-24
3.81513243900000e+02 2.96865961926401e-24
3.81580817200000e+02 2.97907357106021e-24
3.81648373200000e+02 2.96841354976198e-24
3.81715912000000e+02 2.94925300939808e-24
3.81783433500000e+02 2.93485100103221e-24
3.81850937700000e+02 2.92357576436674e-24
3.81918424600000e+02 2.91842785031290e-24
3.81985894300000e+02 2.92523920517092e-24
3.82053346700000e+02 2.94634212827910e-24
3.82120781700000e+02 2.97751410002982e-24
3.82188199500000e+02 3.00382222366570e-24
3.82255600000000e+02 3.02351869053297e-24
3.82322983100000e+02 3.03271723948805e-24
3.82390348900000e+02 3.02805864821437e-24
3.82457697500000e+02 3.01096787367586e-24
3.82525028600000e+02 2.98279427522255e-24
3.82592342500000e+02 2.95055541123163e-24
3.82659639000000e+02 2.90934890894872e-24
3.82726918100000e+02 2.85652163024571e-24
3.82794180000000e+02 2.80431068360230e-24
3.82861424400000e+02 2.76308643530019e-24
3.82928651500000e+02 2.73520325347247e-24
3.82995861300000e+02 2.70607144060005e-24
3.83063053600000e+02 2.66823450804533e-24
3.83130228600000e+02 2.63598624956966e-24
3.83197386200000e+02 2.61761394438474e-24
3.83264526400000e+02 2.60363683327208e-24
3.83331649200000e+02 2.58454173784838e-24
3.83398754700000e+02 2.56414326166036e-24
3.83465842700000e+02 2.56231101459060e-24
3.83532913300000e+02 2.58316489463041e-24
3.83599966500000e+02 2.60922073905565e-24
3.83667002300000e+02 2.62646362127849e-24
3.83734020700000e+02 2.63347980251015e-24
3.83801021600000e+02 2.63826072868362e-24
3.83868005100000e+02 2.64140513875545e-24
3.83934971100000e+02 2.63651158068715e-24
3.84001919700000e+02 2.61622095190790e-24
3.84068850900000e+02 2.57456053251177e-24
3.84135764600000e+02 2.51844452804445e-24
3.84202660800000e+02 2.47140295938894e-24
3.84269539600000e+02 2.44383371930385e-24
3.84336400900000e+02 2.43104755347016e-24
3.84403244700000e+02 2.42976532957838e-24
3.84470071100000e+02 2.44171671360405e-24
3.84536879900000e+02 2.46645586118000e-24
3.84603671300000e+02 2.48599312793474e-24
3.84670445100000e+02 2.48049720039509e-24
3.84737201500000e+02 2.45194047005485e-24
3.84803940300000e+02 2.42099919846834e-24
3.84870661700000e+02 2.41087990978930e-24
3.84937365500000e+02 2.41487710198505e-24
3.85004051800000e+02 2.41269324414317e-24
3.85070720500000e+02 2.41083422952711e-24
3.85137371700000e+02 2.42411301089625e-24
3.85204005400000e+02 2.45739328004886e-24
3.85270621500000e+02 2.50126085004212e-24
3.85337220100000e+02 2.53655676572100e-24
3.85403801100000e+02 2.55580949273175e-24
3.85470364600000e+02 2.55515271188329e-24
3.85536910400000e+02 2.54134606612722e-24
3.85603438700000e+02 2.52181170080843e-24
3.85669949500000e+02 2.49578601598499e-24
3.85736442600000e+02 2.47068566215598e-24
3.85802918200000e+02 2.45552536597367e-24
3.85869376100000e+02 2.45433805050014e-24
3.85935816500000e+02 2.46395449138857e-24
3.86002239300000e+02 2.47786931704967e-24
3.86068644400000e+02 2.49693848124263e-24
3.86135031900000e+02 2.52340832233891e-24
3.86201401800000e+02 2.56032886674839e-24
3.86267754100000e+02 2.60625672976148e-24
3.86334088700000e+02 2.65590383236868e-24
3.86400405800000e+02 2.71106356973648e-24
3.86466705100000e+02 2.78157048351890e-24
3.86532986800000e+02 2.87282024085794e-24
3.86599250900000e+02 2.97929675668434e-24
3.86665497300000e+02 3.08217543612737e-24
3.86731726000000e+02 3.16185894555310e-24
3.86797937100000e+02 3.21429179786055e-24
3.86864130500000e+02 3.24365174661287e-24
3.86930306200000e+02 3.25268640375818e-24
3.86996464200000e+02 3.24048768847933e-24
3.87062604600000e+02 3.21052675038849e-24
3.87128727200000e+02 3.16481273093952e-24
3.87194832100000e+02 3.11244960210231e-24
3.87260919400000e+02 3.06538137819218e-24
3.87326988900000e+02 3.03098089934796e-24
3.87393040700000e+02 3.00876391662294e-24
3.87459074700000e+02 2.98733301110061e-24
3.87525091100000e+02 2.96051863783219e-24
3.87591089700000e+02 2.94087875148716e-24
3.87657070600000e+02 2.94311602798603e-24
3.87723033700000e+02 2.96098427172718e-24
3.87788979100000e+02 2.97646999543182e-24
3.87854906700000e+02 2.98759437141750e-24
3.87920816500000e+02 2.99042149745284e-24
3.87986708600000e+02 2.98590331102639e-24
3.88052583000000e+02 2.98538189746576e-24
3.88118439500000e+02 2.99122888013752e-24
3.88184278300000e+02 2.99862393043942e-24
3.88250099300000e+02 3.00086437032695e-24
3.88315902400000e+02 3.00109032074262e-24
3.88381687800000e+02 3.01022549680427e-24
3.88447455400000e+02 3.03482394850908e-24
3.88513205200000e+02 3.07014093739730e-24
3.88578937100000e+02 3.10520827386491e-24
3.88644651300000e+02 3.12522962923906e-24
3.88710347600000e+02 3.13426539360481e-24
3.88776026100000e+02 3.14518587407069e-24
3.88841686700000e+02 3.16477839476384e-24
3.88907329500000e+02 3.19496065042324e-24
3.88972954500000e+02 3.23106129034200e-24
3.89038561600000e+02 3.27233793441510e-24
3.89104150900000e+02 3.31862077389592e-24
3.89169722300000e+02 3.35821685068312e-24
3.89235275800000e+02 3.38396236301782e-24
3.89300811400000e+02 3.40351653111630e-24
3.89366329200000e+02 3.43150047306632e-24
3.89431829100000e+02 3.46527337708630e-24
3.89497311100000e+02 3.48358351428146e-24
3.89562775200000e+02 3.47510535406480e-24
3.89628221400000e+02 3.44501093954247e-24
3.89693649700000e+02 3.40045390288649e-24
3.89759060100000e+02 3.34572958501728e-24
3.89824452600000e+02 3.28612935235496e-24
3.89889827100000e+02 3.22412792342343e-24
3.89955183800000e+02 3.16305913715231e-24
3.90020522500000e+02 3.11346475765328e-24
3.90085843200000e+02 3.08406672902970e-24
3.90151146000000e+02 3.08111106575001e-24
3.90216430900000e+02 3.11218995531827e-24
3.90281697800000e+02 3.16504090444808e-24
3.90346946800000e+02 3.22036540425620e-24
3.90412177800000e+02 3.26494675701749e-24
3.90477390800000e+02 3.29625115744712e-24
3.90542585800000e+02 3.32147804310281e-24
3.90607762900000e+02 3.35067927726741e-24
3.90672922000000e+02 3.38285143577063e-24
3.90738063100000e+02 3.41300987523162e-24
3.90803186200000e+02 3.44049156378002e-24
3.90868291300000e+02 3.46462159995462e-24
3.90933378400000e+02 3.48158371725091e-24
3.90998447500000e+02 3.48261023970910e-24
3.91063498500000e+02 3.47153783046402e-24
3.91128531600000e+02 3.46353421184556e-24
3.91193546600000e+02 3.46531681427447e-24
3.91258543600000e+02 3.47548440234374e-24
3.91323522500000e+02 3.49358125792203e-24
3.91388483400000e+02 3.52014452953484e-24
3.91453426300000e+02 3.56286382560509e-24
3.91518351100000e+02 3.62643642725302e-24
3.91583257800000e+02 3.70766296267236e-24
3.91648146500000e+02 3.79201143497134e-24
3.91713017100000e+02 3.86474100395461e-24
3.91777869600000e+02 3.92173681172868e-24
3.91842704100000e+02 3.96666071455816e-24
3.91907520400000e+02 4.00636521575942e-24
3.91972318700000e+02 4.04180166343193e-24
3.92037098800000e+02 4.07091942894199e-24
3.92101860900000e+02 4.08258934800889e-24
3.92166604900000e+02 4.07377620206151e-24
3.92231330700000e+02 4.05077858290448e-24
3.92296038400000e+02 4.01154262204635e-24
3.92360728000000e+02 3.96083134956958e-24
3.92425399500000e+02 3.91536099628754e-24
3.92490052900000e+02 3.88667869380056e-24
3.92554688100000e+02 3.87500340372835e-24
3.92619305100000e+02 3.87738056160432e-24
3.92683904000000e+02 3.90444984481906e-24
3.92748484800000e+02 3.96961058821204e-24
3.92813047400000e+02 4.07210912439236e-24
3.92877591800000e+02 4.19466462500341e-24
3.92942118000000e+02 4.31224444343739e-24
3.93006626100000e+02 4.41356700718835e-24
3.93071116000000e+02 4.50207098181955e-24
3.93135587700000e+02 4.58247312555067e-24
3.93200041200000e+02 4.65617461917232e-24
3.93264476500000e+02 4.72175278079252e-24
3.93328893600000e+02 4.77850526852825e-24
3.93393292500000e+02 4.82872839171414e-24
3.93457673200000e+02 4.88246601307627e-24
3.93522035600000e+02 4.94261141140155e-24
3.93586379900000e+02 5.00298589488312e-24
3.93650705900000e+02 5.05670119383492e-24
3.93715013600000e+02 5.09711080067391e-24
3.93779303200000e+02 5.12195791083151e-24
3.93843574500000e+02 5.13907013747751e-24
3.93907827500000e+02 5.16032904002430e-24
3.93972062300000e+02 5.18205972442522e-24
3.94036278800000e+02 5.19403485485610e-24
3.94100477000000e+02 5.20589496459737e-24
3.94164657000000e+02 5.23047985755843e-24
3.94228818700000e+02 5.26889033149318e-24
3.94292962100000e+02 5.31926924956963e-24
3.94357087200000e+02 5.37443645108718e-24
3.94421194000000e+02 5.42866736136028e-24
3.94485282500000e+02 5.47528758757143e-24
3.94549352700000e+02 5.50511606557603e-24
3.94613404600000e+02 5.52453069937537e-24
3.94677438200000e+02 5.54593213360940e-24
3.94741453500000e+02 5.57827319834485e-24
3.94805450400000e+02 5.61483499018544e-24
3.94869429000000e+02 5.64253345876173e-24
3.94933389300000e+02 5.65994911505999e-24
3.94997331200000e+02 5.67871113282084e-24
3.95061254800000e+02 5.70981779421782e-24
3.95125160100000e+02 5.74811025960011e-24
3.95189046900000e+02 5.77760422353360e-24
3.95252915400000e+02 5.78647592555912e-24
3.95316765600000e+02 5.77294697658793e-24
3.95380597300000e+02 5.74290696859162e-24
3.95444410700000e+02 5.70307736663050e-24
3.95508205700000e+02 5.66113889790491e-24
3.95571982300000e+02 5.62383471773626e-24
3.95635740500000e+02 5.58878965931348e-24
3.95699480300000e+02 5.55260682477450e-24
3.95763201700000e+02 5.51653405412852e-24
3.95826904700000e+02 5.48773423331663e-24
3.95890589300000e+02 5.47009231086158e-24
3.95954255400000e+02 5.46326721081823e-24
3.96017903100000e+02 5.45042265607835e-24
3.96081532400000e+02 5.41621012689833e-24
3.96145143300000e+02 5.36339798115256e-24
3.96208735700000e+02 5.30652054962155e-24
3.96272309600000e+02 5.25503233554327e-24
3.96335865100000e+02 5.19794978234358e-24
3.96399402100000e+02 5.12053704874282e-24
3.96462920700000e+02 5.01833027654506e-24
3.96526420800000e+02 4.89793266424446e-24
3.96589902400000e+02 4.77737742457609e-24
3.96653365600000e+02 4.66512672115359e-24
3.96716810200000e+02 4.55966804090216e-24
3.96780236400000e+02 4.46048473380335e-24
3.96843644100000e+02 4.37522304967228e-24
3.96907033200000e+02 4.31182646388337e-24
3.96970403900000e+02 4.27124045565737e-24
3.97033756000000e+02 4.24691935785347e-24
3.97097089600000e+02 4.22917738374259e-24
3.97160404700000e+02 4.21468001576263e-24
3.97223701300000e+02 4.20590930468810e-24
3.97286979300000e+02 4.20370786806258e-24
3.97350238800000e+02 4.19194190647103e-24
3.97413479800000e+02 4.15146251833100e-24
3.97476702200000e+02 4.08205315940996e-24
3.97539906000000e+02 3.99553573797949e-24
3.97603091300000e+02 3.91102649152719e-24
3.97666258000000e+02 3.83686683118029e-24
3.97729406100000e+02 3.76303809979309e-24
3.97792535700000e+02 3.68538502971572e-24
3.97855646700000e+02 3.60956699768029e-24
3.97918739100000e+02 3.54329139959215e-24
3.97981812900000e+02 3.49671276914650e-24
3.98044868100000e+02 3.47436694625048e-24
3.98107904600000e+02 3.47369453490029e-24
3.98170922600000e+02 3.48190839803707e-24
3.98233922000000e+02 3.48464383431137e-24
3.98296902700000e+02 3.47042747240698e-24
3.98359864900000e+02 3.43629501053618e-24
3.98422808400000e+02 3.38563053263561e-24
3.98485733200000e+02 3.32172925124556e-24
3.98548639400000e+02 3.25586135268954e-24
3.98611527000000e+02 3.19444793086552e-24
3.98674395900000e+02 3.14504161316751e-24
3.98737246100000e+02 3.11857539058200e-24
3.98800077700000e+02 3.11715425877974e-24
3.98862890700000e+02 3.13825002135366e-24
3.98925684900000e+02 3.17457956744234e-24
3.98988460500000e+02 3.22020192364262e-24
3.99051217400000e+02 3.28152848864051e-24
3.99113955600000e+02 3.35530757180651e-24
3.99176675100000e+02 3.43116373130059e-24
3.99239375900000e+02 3.49781063259293e-24
3.99302058000000e+02 3.53860637342333e-24
3.99364721300000e+02 3.56404320703414e-24
3.99427366000000e+02 3.59380749920178e-24
3.99489991900000e+02 3.63352238326412e-24
3.99552599200000e+02 3.68070098283090e-24
3.99615187600000e+02 3.71506395532094e-24
3.99677757400000e+02 3.72966748474140e-24
3.99740308400000e+02 3.73452658987007e-24
3.99802840700000e+02 3.74290055115231e-24
3.99865354200000e+02 3.76788370927875e-24
3.99927848900000e+02 3.81513603451402e-24
3.99990324900000e+02 3.88223638540892e-24
4.00052782100000e+02 3.97277892611326e-24
4.00115220500000e+02 4.07115617886487e-24
4.00177640200000e+02 4.16751268441482e-24
4.00240041000000e+02 4.26703474483932e-24
4.00302423100000e+02 4.36664706955425e-24
4.00364786400000e+02 4.45310176094896e-24
4.00427130900000e+02 4.50917150778593e-24
4.00489456500000e+02 4.53246492138921e-24
4.00551763400000e+02 4.53320465564596e-24
4.00614051400000e+02 4.53576208285393e-24
4.00676320600000e+02 4.55719018574723e-24
4.00738571000000e+02 4.59218643381103e-24
4.00800802600000e+02 4.63020787659423e-24
4.00863015300000e+02 4.68067831083792e-24
4.00925209100000e+02 4.76337208974736e-24
4.00987384200000e+02 4.88852996154909e-24
4.01049540300000e+02 5.04018273680576e-24
4.01111677600000e+02 5.18905537346118e-24
4.01173796100000e+02 5.31710247892458e-24
4.01235895600000e+02 5.42557490845429e-24
4.01297976300000e+02 5.51944208168684e-24
4.01360038100000e+02 5.60747936483821e-24
4.01422081000000e+02 5.69051933538916e-24
4.01484105100000e+02 5.75771240504702e-24
4.01546110200000e+02 5.80598071576263e-24
4.01608096400000e+02 5.85242647544902e-24
4.01670063700000e+02 5.91695835001006e-24
4.01732012100000e+02 6.00426278549852e-24
4.01793941600000e+02 6.10306486384417e-24
4.01855852200000e+02 6.21223838927665e-24
4.01917743800000e+02 6.33952874362890e-24
4.01979616500000e+02 6.48005521372123e-24
4.02041470200000e+02 6.61239518493854e-24
4.02103305000000e+02 6.71253542430910e-24
4.02165120900000e+02 6.76879643963976e-24
4.02226917800000e+02 6.79604843846824e-24
4.02288695700000e+02 6.80953830985081e-24
4.02350454700000e+02 6.81101842038555e-24
4.02412194700000e+02 6.79275464291465e-24
4.02473915700000e+02 6.76404404754204e-24
4.02535617700000e+02 6.73954334262280e-24
4.02597300800000e+02 6.72742342507728e-24
4.02658964800000e+02 6.72823607118979e-24
4.02720609900000e+02 6.72498827716615e-24
4.02782235900000e+02 6.70849681904877e-24
4.02843842900000e+02 6.69008623629652e-24
4.02905431000000e+02 6.66959839300619e-24
4.02967000000000e+02 6.62775211820735e-24
4.03028549900000e+02 6.55080856204782e-24
4.03090080900000e+02 6.44239820171467e-24
4.03151592800000e+02 6.33945189026573e-24
4.03213085600000e+02 6.27802319755603e-24
4.03274559400000e+02 6.26005260187182e-24
4.03336014200000e+02 6.26535946037775e-24
4.03397449900000e+02 6.28468570456766e-24
4.03458866500000e+02 6.31914042142455e-24
4.03520264100000e+02 6.36767693230779e-24
4.03581642600000e+02 6.42689320101626e-24
4.03643002000000e+02 6.47723016783256e-24
4.03704342300000e+02 6.49908817323024e-24
4.03765663600000e+02 6.49289789642823e-24
4.03826965700000e+02 6.46894554075311e-24
4.03888248800000e+02 6.44424679176793e-24
4.03949512700000e+02 6.43211520108676e-24
4.04010757500000e+02 6.41625016942230e-24
4.04071983200000e+02 6.37623041528804e-24
4.04133189800000e+02 6.30758616357015e-24
4.04194377300000e+02 6.22560890137778e-24
4.04255545600000e+02 6.15117963535420e-24
4.04316694800000e+02 6.07901979002925e-24
4.04377824800000e+02 5.99040715722012e-24
4.04438935700000e+02 5.88622559448694e-24
4.04500027500000e+02 5.78728785484557e-24
4.04561100100000e+02 5.71577187733155e-24
4.04622153500000e+02 5.67917896501146e-24
4.04683187700000e+02 5.67608627156958e-24
4.04744202800000e+02 5.69818306706420e-24
4.04805198700000e+02 5.74442551755062e-24
4.04866175400000e+02 5.81895649947940e-24
4.04927132900000e+02 5.91217150728715e-24
4.04988071200000e+02 6.00127972989292e-24
4.05048990300000e+02 6.07281784646016e-24
4.05109890200000e+02 6.12798221329257e-24
4.05170770900000e+02 6.17421681038637e-24
4.05231632400000e+02 6.21824230293072e-24
4.05292474600000e+02 6.26713304846309e-24
4.05353297600000e+02 6.32019840302087e-24
4.05414101400000e+02 6.35732581472858e-24
4.05474886000000e+02 6.36265307880832e-24
4.05535651300000e+02 6.34625590952045e-24
4.05596397300000e+02 6.32991567422544e-24
4.05657124100000e+02 6.33582787750215e-24
4.05717831600000e+02 6.38749670440803e-24
4.05778519900000e+02 6.49502006539909e-24
4.05839188900000e+02 6.65630190768105e-24
4.05899838600000e+02 6.86839362791187e-24
4.05960469000000e+02 7.12628115432956e-24
4.06021080200000e+02 7.42544210169778e-24
4.06081672000000e+02 7.74891629416592e-24
4.06142244600000e+02 8.06638691268118e-24
4.06202797800000e+02 8.33840285511431e-24
4.06263331800000e+02 8.53373547035872e-24
4.06323846400000e+02 8.64518407724304e-24
4.06384341700000e+02 8.68979644115884e-24
4.06444817700000e+02 8.69733383308468e-24
4.06505274300000e+02 8.69442707209689e-24
4.06565711600000e+02 8.69679378214552e-24
4.06626129600000e+02 8.72050017552148e-24
4.06686528200000e+02 8.80315496590739e-24
4.06746907500000e+02 8.96015611930576e-24
4.06807267400000e+02 9.17129677218564e-24
4.06867608000000e+02 9.40530299958186e-24
4.06927929200000e+02 9.63734163068072e-24
4.06988231000000e+02 9.86764869939094e-24
4.07048513400000e+02 1.00989339895600e-23
4.07108776500000e+02 1.03203005439476e-23
4.07169020100000e+02 1.05113965870835e-23
4.07229244400000e+02 1.06674584477450e-23
4.07289449300000e+02 1.07955876474178e-23
4.07349634700000e+02 1.09233039147273e-23
4.07409800800000e+02 1.10721049304966e-23
4.07469947400000e+02 1.12431475063846e-23
4.07530074600000e+02 1.14495332634959e-23
4.07590182400000e+02 1.16883305079682e-23
4.07650270800000e+02 1.19471948661352e-23
4.07710339700000e+02 1.22181756662115e-23
4.07770389200000e+02 1.25080203024102e-23
4.07830419200000e+02 1.28149140724725e-23
4.07890429800000e+02 1.31168660460472e-23
4.07950420900000e+02 1.34041879360059e-23
4.08010392500000e+02 1.36747717280914e-23
4.08070344700000e+02 1.39287352592500e-23
4.08130277400000e+02 1.41693158684288e-23
4.08190190600000e+02 1.43962753112422e-23
4.08250084400000e+02 1.46038654751510e-23
4.08309958600000e+02 1.48068920683630e-23
4.08369813400000e+02 1.50162174387969e-23
4.08429648600000e+02 1.52308045809267e-23
4.08489464400000e+02 1.54414185513550e-23
4.08549260600000e+02 1.56437851916939e-23
4.08609037300000e+02 1.58469508742625e-23
4.08668794500000e+02 1.60665377791565e-23
4.08728532200000e+02 1.62960300434067e-23
4.08788250300000e+02 1.65056555142209e-23
4.08847948900000e+02 1.66616494970274e-23
4.08907627900000e+02 1.67694869260174e-23
4.08967287400000e+02 1.68424100719318e-23
4.09026927400000e+02 1.68987698991449e-23
4.09086547800000e+02 1.69319029898059e-23
4.09146148600000e+02 1.69316375459563e-23
4.09205729800000e+02 1.68866830843154e-23
4.09265291500000e+02 1.68019747636176e-23
4.09324833600000e+02 1.66965913520967e-23
4.09384356100000e+02 1.65884003457738e-23
4.09443859000000e+02 1.65082425922028e-23
4.09503342300000e+02 1.64698137231500e-23
4.09562806000000e+02 1.64457391884776e-23
4.09622250100000e+02 1.64211574338215e-23
4.09681674600000e+02 1.64227702456292e-23
4.09741079500000e+02 1.64635407357057e-23
4.09800464700000e+02 1.65446745932062e-23
4.09859830300000e+02 1.66506417459618e-23
4.09919176300000e+02 1.67353171992215e-23
4.09978502700000e+02 1.67914373910507e-23
4.10037809400000e+02 1.68508089784895e-23
4.10097096400000e+02 1.69527428751391e-23
4.10156363800000e+02 1.70911944032269e-23
4.10215611500000e+02 1.72020600280000e-23
4.10274839600000e+02 1.72448221235466e-23
4.10334048000000e+02 1.72424822930927e-23
4.10393236700000e+02 1.72402328305218e-23
4.10452405700000e+02 1.72524804800449e-23
4.10511555000000e+02 1.72475461448286e-23
4.10570684700000e+02 1.71874455568610e-23
4.10629794600000e+02 1.70642538390167e-23
4.10688884900000e+02 1.68932246706051e-23
4.10747955400000e+02 1.67123781000912e-23
4.10807006200000e+02 1.65667655844047e-23
4.10866037300000e+02 1.64649547823313e-23
4.10925048700000e+02 1.64057317251246e-23
4.10984040300000e+02 1.63853643259826e-23
4.11043012200000e+02 1.63846057786879e-23
4.11101964400000e+02 1.63912776055401e-23
4.11160896800000e+02 1.63819211733449e-23
4.11219809400000e+02 1.63488388640355e-23
4.11278702300000e+02 1.62918306806585e-23
4.11337575500000e+02 1.61991294012617e-23
4.11396428800000e+02 1.60663883377237e-23
4.11455262400000e+02 1.58957994434296e-23
4.11514076300000e+02 1.56837335196028e-23
4.11572870300000e+02 1.54438348660767e-23
4.11631644500000e+02 1.52151936496484e-23
4.11690399000000e+02 1.50319996486820e-23
4.11749133600000e+02 1.48874610503577e-23
4.11807848500000e+02 1.47593285060289e-23
4.11866543500000e+02 1.46341944466466e-23
4.11925218700000e+02 1.45143440650022e-23
4.11983874100000e+02 1.43906779263122e-23
4.12042509700000e+02 1.42227566068029e-23
4.12101125400000e+02 1.39989017748822e-23
4.12159721300000e+02 1.37617498031550e-23
4.12218297400000e+02 1.35653574646203e-23
4.12276853600000e+02 1.34224556711524e-23
4.12335389900000e+02 1.33128518535804e-23
4.12393906400000e+02 1.32110193947928e-23
4.12452403000000e+02 1.31196557491990e-23
4.12510879800000e+02 1.30833567273175e-23
4.12569336700000e+02 1.31187357126486e-23
4.12627773700000e+02 1.31918724114678e-23
4.12686190800000e+02 1.32404059478975e-23
4.12744588000000e+02 1.32219311134368e-23
4.12802965300000e+02 1.31391129093396e-23
4.12861322800000e+02 1.30102652548877e-23
4.12919660300000e+02 1.28772669462511e-23
4.12977977900000e+02 1.27663020148588e-23
4.13036275600000e+02 1.26952947269320e-23
4.13094553300000e+02 1.26602415134594e-23
4.13152811200000e+02 1.26724739571401e-23
4.13211049100000e+02 1.27459291105373e-23
4.13269267000000e+02 1.28735253693300e-23
4.13327465100000e+02 1.30113946296395e-23
4.13385643100000e+02 1.31363163805836e-23
4.13443801200000e+02 1.32415928690697e-23
4.13501939400000e+02 1.33302490882472e-23
4.13560057600000e+02 1.34001754822504e-23
4.13618155800000e+02 1.34414128389813e-23
4.13676234000000e+02 1.34459016527807e-23
4.13734292300000e+02 1.34225414850462e-23
4.13792330500000e+02 1.34140997213171e-23
4.13850348800000e+02 1.34731919229215e-23
4.13908347100000e+02 1.36062973246687e-23
4.13966325400000e+02 1.37819700512661e-23
4.14024283600000e+02 1.39787633666038e-23
4.14082221900000e+02 1.41834214147036e-23
4.14140140100000e+02 1.44022446410326e-23
4.14198038300000e+02 1.46552563267303e-23
4.14255916500000e+02 1.49570104489623e-23
4.14313774600000e+02 1.53091102535430e-23
4.14371612700000e+02 1.56843552439744e-23
4.14429430800000e+02 1.60718172106386e-23
4.14487228800000e+02 1.64724777616917e-23
4.14545006700000e+02 1.68586319937708e-23
4.14602764600000e+02 1.72110457875702e-23
4.14660502400000e+02 1.75160736509854e-23
4.14718220200000e+02 1.77701459295238e-23
4.14775917900000e+02 1.79692052910944e-23
4.14833595400000e+02 1.81103037777024e-23
4.14891252900000e+02 1.82140092501130e-23
4.14948890300000e+02 1.83157679567386e-23
4.15006507600000e+02 1.84169831151125e-23
4.15064104800000e+02 1.85385909196564e-23
4.15121681900000e+02 1.86736212007562e-23
4.15179238900000e+02 1.87842726898345e-23
4.15236775700000e+02 1.88683926216363e-23
4.15294292400000e+02 1.89586921252762e-23
4.15351789000000e+02 1.90609622197731e-23
4.15409265500000e+02 1.91541304538460e-23
4.15466721800000e+02 1.92236980389201e-23
4.15524158000000e+02 1.92716179290970e-23
4.15581574000000e+02 1.93263225798473e-23
4.15638969800000e+02 1.94160651667828e-23
4.15696345500000e+02 1.95654640069084e-23
4.15753701000000e+02 1.97924822534219e-23
4.15811036400000e+02 2.00926186184612e-23
4.15868351600000e+02 2.04427261958801e-23
4.15925646500000e+02 2.08231600525528e-23
4.15982921300000e+02 2.12250698901992e-23
4.16040175900000e+02 2.16572561871723e-23
4.16097410300000e+02 2.21301748863230e-23
4.16154624500000e+02 2.26452337690694e-23
4.16211818500000e+02 2.31707451003008e-23
4.16268992200000e+02 2.36593110280592e-23
4.16326145800000e+02 2.40639672253731e-23
4.16383279100000e+02 2.43858902133920e-23
4.16440392200000e+02 2.46582982357558e-23
4.16497485000000e+02 2.49101172861311e-23
4.16554557600000e+02 2.51477665345171e-23
4.16611610000000e+02 2.53541549741769e-23
4.16668642000000e+02 2.54891709038857e-23
4.16725653900000e+02 2.55441070280994e-23
4.16782645400000e+02 2.55533282511388e-23
4.16839616700000e+02 2.55817588632419e-23
4.16896567800000e+02 2.56596766262478e-23
4.16953498500000e+02 2.57643764201014e-23
4.17010409000000e+02 2.58629763813975e-23
4.17067299100000e+02 2.59259804617858e-23
4.17124169000000e+02 2.59484540289697e-23
4.17181018500000e+02 2.59676577362759e-23
4.17237847800000e+02 2.60168566063596e-23
4.17294656700000e+02 2.60977049347727e-23
4.17351445400000e+02 2.61988227914766e-23
4.17408213700000e+02 2.63062682738624e-23
4.17464961600000e+02 2.64283822264306e-23
4.17521689300000e+02 2.66001921481384e-23
4.17578396600000e+02 2.68052700974686e-23
4.17635083500000e+02 2.69920852629042e-23
4.17691750100000e+02 2.70871672084578e-23
4.17748396400000e+02 2.70727091538679e-23
4.17805022300000e+02 2.69851180162144e-23
4.17861627800000e+02 2.68563185897127e-23
4.17918212900000e+02 2.67058788354276e-23
4.17974777700000e+02 2.65262587984305e-23
4.18031322100000e+02 2.63147254573320e-23
4.18087846100000e+02 2.61170677740360e-23
4.18144349700000e+02 2.59815861464717e-23
4.18200832900000e+02 2.58817619334537e-23
4.18257295700000e+02 2.57701945302475e-23
4.18313738100000e+02 2.56053456374344e-23
4.18370160100000e+02 2.54275843131150e-23
4.18426561600000e+02 2.52954381771076e-23
4.18482942800000e+02 2.52135624706117e-23
4.18539303500000e+02 2.51331729705867e-23
4.18595643700000e+02 2.50234707328818e-23
4.18651963500000e+02 2.48691466342283e-23
4.18708262900000e+02 2.47490393441494e-23
4.18764541900000e+02 2.47401094252046e-23
4.18820800300000e+02 2.48638086279466e-23
4.18877038300000e+02 2.50561631471822e-23
4.18933255900000e+02 2.52621129126244e-23
4.18989452900000e+02 2.54678829776696e-23
4.19045629500000e+02 2.56821430408500e-23
4.19101785600000e+02 2.58987022425711e-23
4.19157921200000e+02 2.60789850481262e-23
4.19214036400000e+02 2.61628160015674e-23
4.19270131000000e+02 2.61199328883665e-23
4.19326205100000e+02 2.59873508440816e-23
4.19382258700000e+02 2.58416571077653e-23
4.19438291800000e+02 2.57682939704937e-23
4.19494304400000e+02 2.58086087922035e-23
4.19550296400000e+02 2.59296942247363e-23
4.19606267900000e+02 2.60552879277352e-23
4.19662218900000e+02 2.61393717049267e-23
4.19718149300000e+02 2.61871147534652e-23
4.19774059200000e+02 2.62842159853073e-23
4.19829948500000e+02 2.64827914714219e-23
4.19885817300000e+02 2.67536415979145e-23
4.19941665500000e+02 2.69859723644478e-23
4.19997493100000e+02 2.70745743384756e-23
4.20053300200000e+02 2.70295839755435e-23
4.20109086700000e+02 2.69645728882722e-23
4.20164852600000e+02 2.69673008041614e-23
4.20220597900000e+02 2.70387095980352e-23
4.20276322600000e+02 2.71122937153298e-23
4.20332026700000e+02 2.71309843868273e-23
4.20387710200000e+02 2.70929911177725e-23
4.20443373100000e+02 2.70559442001307e-23
4.20499015300000e+02 2.70495301947867e-23
4.20554637000000e+02 2.70629784853274e-23
4.20610238000000e+02 2.70479049265483e-23
4.20665818400000e+02 2.69592649361358e-23
4.20721378100000e+02 2.68112104747610e-23
4.20776917200000e+02 2.66986593042318e-23
4.20832435700000e+02 2.67041418156945e-23
4.20887933500000e+02 2.68219942982709e-23
4.20943410600000e+02 2.70058743086133e-23
4.20998867100000e+02 2.72066070844122e-23
4.21054302900000e+02 2.74139779964394e-23
4.21109718000000e+02 2.76644353445959e-23
4.21165112500000e+02 2.79854493678314e-23
4.21220486200000e+02 2.83660413066076e-23
4.21275839300000e+02 2.87467253240037e-23
4.21331171700000e+02 2.90745501815102e-23
4.21386483300000e+02 2.93666732036919e-23
4.21441774300000e+02 2.96650890954391e-23
4.21497044500000e+02 3.00097984469574e-23
4.21552294100000e+02 3.04411180130444e-23
4.21607522900000e+02 3.09420251330586e-23
4.21662730900000e+02 3.14577447354698e-23
4.21717918300000e+02 3.19926854200087e-23
4.21773084900000e+02 3.25788551272141e-23
4.21828230700000e+02 3.32396336914962e-23
4.21883355800000e+02 3.39773121969640e-23
4.21938460200000e+02 3.47658237380456e-23
4.21993543700000e+02 3.55807157849122e-23
4.22048606600000e+02 3.63828481328837e-23
4.22103648600000e+02 3.70913354817232e-23
4.22158669900000e+02 3.76504273986986e-23
4.22213670400000e+02 3.80886318669090e-23
4.22268650000000e+02 3.84541197303775e-23
4.22323608900000e+02 3.87749846440872e-23
4.22378547000000e+02 3.90619360081092e-23
4.22433464300000e+02 3.93222715334594e-23
4.22488360800000e+02 3.95695919132078e-23
4.22543236500000e+02 3.98138188538113e-23
4.22598091400000e+02 4.00708692662053e-23
4.22652925400000e+02 4.04110885552929e-23
4.22707738600000e+02 4.08691955861744e-23
4.22762530900000e+02 4.14144058407921e-23
4.22817302400000e+02 4.19903816241481e-23
4.22872053100000e+02 4.25871157287584e-23
4.22926782900000e+02 4.32143138181530e-23
4.22981491900000e+02 4.38533877034612e-23
4.23036180000000e+02 4.44275936918936e-23
4.23090847200000e+02 4.48503647399930e-23
4.23145493600000e+02 4.51062473355489e-23
4.23200119000000e+02 4.52424817684553e-23
4.23254723600000e+02 4.53440549318801e-23
4.23309307300000e+02 4.54800011227004e-23
4.23363870100000e+02 4.56345639310795e-23
4.23418412100000e+02 4.57677688061640e-23
4.23472933100000e+02 4.58984794159242e-23
4.23527433100000e+02 4.60803125362983e-23
4.23581912300000e+02 4.63749798364626e-23
4.23636370600000e+02 4.68394293886957e-23
4.23690807900000e+02 4.74419125884696e-23
4.23745224300000e+02 4.80831231151848e-23
4.23799619700000e+02 4.86967614584914e-23
4.23853994200000e+02 4.92875287983252e-23
4.23908347800000e+02 4.98814952845501e-23
4.23962680400000e+02 5.04724757593234e-23
4.24016992100000e+02 5.10469517275226e-23
4.24071282700000e+02 5.15599923390769e-23
4.24125552500000e+02 5.20318039955001e-23
4.24179801200000e+02 5.25098079612800e-23
4.24234029000000e+02 5.29876767022174e-23
4.24288235700000e+02 5.34168062858762e-23
4.24342421500000e+02 5.37911766664452e-23
4.24396586300000e+02 5.41076117940749e-23
4.24450730100000e+02 5.43795532484591e-23
4.24504852900000e+02 5.46576430152186e-23
4.24558954600000e+02 5.49942655193871e-23
4.24613035400000e+02 5.53729048357412e-23
4.24667095100000e+02 5.57716083973335e-23
4.24721133800000e+02 5.61755451502062e-23
4.24775151400000e+02 5.66531004763726e-23
4.24829148100000e+02 5.72338574598322e-23
4.24883123600000e+02 5.78492907939676e-23
4.24937078200000e+02 5.83931423070308e-23
4.24991011600000e+02 5.88101215381123e-23
4.25044924000000e+02 5.91008483812704e-23
4.25098815400000e+02 5.92886262715041e-23
4.25152685700000e+02 5.93344156177826e-23
4.25206534900000e+02 5.91994395237231e-23
