2.78728117600000e+02 7.12297478131343e-19
2.78813031100000e+02 7.33851085359733e-19
2.78897934600000e+02 7.51264035666253e-19
2.78982828100000e+02 7.60121217512715e-19
2.79067711600000e+02 7.57283298535921e-19
2.79152585200000e+02 7.43624951276243e-19
2.79237448700000e+02 7.25804023137459e-19
2.79322302300000e+02 7.15217990251114e-19
2.79407145800000e+02 7.20421154294515e-19
2.79491979300000e+02 7.40034847192227e-19
2.79576802800000e+02 7.67150390022109e-19
2.79661616300000e+02 7.96740164003828e-19
2.79746419700000e+02 8.24522840534047e-19
2.79831213200000e+02 8.45441755340655e-19
2.79915996500000e+02 8.54146583019865e-19
2.80000769900000e+02 8.47900277521490e-19
2.80085533100000e+02 8.31453842410032e-19
2.80170286400000e+02 8.11610618239727e-19
2.80255029500000e+02 7.92487890643732e-19
2.80339762600000e+02 7.75458144150247e-19
2.80424485700000e+02 7.58628393986194e-19
2.80509198600000e+02 7.41249752873384e-19
2.80593901500000e+02 7.25274008372727e-19
2.80678594300000e+02 7.13326508485695e-19
2.80763277000000e+02 7.07240690254057e-19
2.80847949600000e+02 7.06852913556292e-19
2.80932612100000e+02 7.11302023979327e-19
2.81017264500000e+02 7.22230768520934e-19
2.81101906800000e+02 7.41742076696859e-19
2.81186539000000e+02 7.67789957053839e-19
2.81271161100000e+02 7.95022977069059e-19
2.81355773000000e+02 8.19157401875155e-19
2.81440374800000e+02 8.40646396800818e-19
2.81524966400000e+02 8.59646714051632e-19
2.81609548000000e+02 8.72132899833539e-19
2.81694119300000e+02 8.75650324345473e-19
2.81778680500000e+02 8.70961823619991e-19
2.81863231600000e+02 8.59684942472586e-19
2.81947772500000e+02 8.42440044496128e-19
2.82032303200000e+02 8.18740370404938e-19
2.82116823800000e+02 7.91274775618589e-19
2.82201334200000e+02 7.64076396004543e-19
2.82285834400000e+02 7.38252250703910e-19
2.82370324400000e+02 7.14194322959045e-19
2.82454804200000e+02 6.92749405978900e-19
2.82539273800000e+02 6.75612489677074e-19
2.82623733200000e+02 6.65432727790977e-19
2.82708182400000e+02 6.66029237158059e-19
2.82792621400000e+02 6.81106905215235e-19
2.82877050200000e+02 7.08420016095469e-19
2.82961468700000e+02 7.42339828808174e-19
2.83045877000000e+02 7.78023996600342e-19
2.83130275100000e+02 8.12275180742812e-19
2.83214663000000e+02 8.41839132676954e-19
2.83299040600000e+02 8.59972344320328e-19
2.83383407900000e+02 8.62538140195932e-19
2.83467765000000e+02 8.52533908245024e-19
2.83552111800000e+02 8.35530558043346e-19
2.83636448400000e+02 8.15226418223042e-19
2.83720774700000e+02 7.93052300599693e-19
2.83805090700000e+02 7.70883546435456e-19
2.83889396400000e+02 7.51031543252381e-19
2.83973691900000e+02 7.35614660631045e-19
2.84057977000000e+02 7.25391990161312e-19
2.84142251900000e+02 7.19360169571745e-19
2.84226516400000e+02 7.17333155143051e-19
2.84310770700000e+02 7.19862991932396e-19
2.84395014600000e+02 7.27749773084512e-19
2.84479248300000e+02 7.40694760894848e-19
2.84563471600000e+02 7.55916841413285e-19
2.84647684500000e+02 7.71894404198456e-19
2.84731887200000e+02 7.91381060199622e-19
2.84816079500000e+02 8.18173117427277e-19
2.84900261400000e+02 8.51093888830798e-19
2.84984433000000e+02 8.83869498083463e-19
2.85068594300000e+02 9.10700543145201e-19
2.85152745200000e+02 9.29235084583172e-19
2.85236885700000e+02 9.38918050908961e-19
2.85321015900000e+02 9.38117920610393e-19
2.85405135700000e+02 9.24914603451054e-19
2.85489245100000e+02 9.01405703985281e-19
2.85573344100000e+02 8.71834464701519e-19
2.85657432800000e+02 8.39267570215388e-19
2.85741511000000e+02 8.06717017681910e-19
2.85825578900000e+02 7.76636293095532e-19
2.85909636300000e+02 7.49378590586446e-19
2.85993683300000e+02 7.25065169317407e-19
2.86077719900000e+02 7.05112553271563e-19
2.86161746100000e+02 6.94168118090610e-19
2.86245761900000e+02 6.98052129365376e-19
2.86329767200000e+02 7.17813017630058e-19
2.86413762100000e+02 7.50454664160049e-19
2.86497746600000e+02 7.91283924380357e-19
2.86581720600000e+02 8.35365769313328e-19
2.86665684200000e+02 8.77629351997102e-19
2.86749637300000e+02 9.12443618044904e-19
2.86833579900000e+02 9.34577795524628e-19
2.86917512100000e+02 9.40700744649240e-19
2.87001433800000e+02 9.33555203672524e-19
2.87085345000000e+02 9.19117237582463e-19
2.87169245800000e+02 9.00934249803152e-19
2.87253136000000e+02 8.80192474479006e-19
2.87337015800000e+02 8.57124338554036e-19
2.87420885100000e+02 8.33715657553844e-19
2.87504743800000e+02 8.12224808712726e-19
2.87588592100000e+02 7.91618597985018e-19
2.87672429800000e+02 7.70499823689414e-19
2.87756257100000e+02 7.50033177031157e-19
2.87840073800000e+02 7.31383841494007e-19
2.87923879900000e+02 7.15004817552638e-19
2.88007675600000e+02 7.02006175775650e-19
2.88091460700000e+02 6.95009351609916e-19
2.88175235200000e+02 6.96537426558222e-19
2.88258999200000e+02 7.08057081922561e-19
2.88342752700000e+02 7.31428388104608e-19
2.88426495600000e+02 7.65924518507605e-19
2.88510227900000e+02 8.07199744242287e-19
2.88593949700000e+02 8.48064699051163e-19
2.88677660800000e+02 8.81156101779974e-19
2.88761361400000e+02 9.03080813677002e-19
2.88845051500000e+02 9.10673403153361e-19
2.88928730900000e+02 9.00323657166272e-19
2.89012399700000e+02 8.72903000617732e-19
2.89096057900000e+02 8.34617767662693e-19
2.89179705600000e+02 7.93681539793582e-19
2.89263342600000e+02 7.55904144747200e-19
2.89346969000000e+02 7.25070698460777e-19
2.89430584700000e+02 7.02828475026874e-19
2.89514189900000e+02 6.90108364378676e-19
2.89597784400000e+02 6.87779276522370e-19
2.89681368300000e+02 6.94896679907651e-19
2.89764941500000e+02 7.10766634584136e-19
2.89848504100000e+02 7.30558040470506e-19
2.89932056000000e+02 7.48037541511003e-19
2.90015597300000e+02 7.62855242306308e-19
2.90099127900000e+02 7.76958053439981e-19
2.90182647900000e+02 7.92250217404284e-19
2.90266157100000e+02 8.08995755214781e-19
2.90349655700000e+02 8.26962570114272e-19
2.90433143600000e+02 8.46271314786739e-19
2.90516620900000e+02 8.62541383655946e-19
2.90600087400000e+02 8.71674569837980e-19
2.90683543200000e+02 8.72376140205938e-19
2.90766988400000e+02 8.63339951399395e-19
2.90850422800000e+02 8.42784698287213e-19
2.90933846500000e+02 8.09739133181234e-19
2.91017259500000e+02 7.68772018779127e-19
2.91100661700000e+02 7.27486939921994e-19
2.91184053200000e+02 6.90327257824599e-19
2.91267434000000e+02 6.59922218299600e-19
2.91350804100000e+02 6.38860554438514e-19
2.91434163400000e+02 6.29331114399834e-19
2.91517511900000e+02 6.31908901799165e-19
2.91600849700000e+02 6.44266085152914e-19
2.91684176800000e+02 6.64126251536590e-19
2.91767493100000e+02 6.91510441943248e-19
2.91850798600000e+02 7.26215520004710e-19
2.91934093300000e+02 7.64201526678131e-19
2.92017377200000e+02 7.99419192274082e-19
2.92100650400000e+02 8.29236040748685e-19
2.92183912800000e+02 8.54182716423378e-19
2.92267164300000e+02 8.72993603901538e-19
2.92350405100000e+02 8.81795931689218e-19
2.92433635100000e+02 8.78066400071649e-19
2.92516854200000e+02 8.62582650356673e-19
2.92600062500000e+02 8.37421651242786e-19
2.92683260000000e+02 8.04523391166080e-19
2.92766446700000e+02 7.66231939174829e-19
2.92849622600000e+02 7.25591710936944e-19
2.92932787600000e+02 6.84860895932968e-19
2.93015941700000e+02 6.46193644108261e-19
2.93099085100000e+02 6.12754740239651e-19
2.93182217500000e+02 5.87504590994904e-19
2.93265339100000e+02 5.72476306230950e-19
2.93348449900000e+02 5.70277084876276e-19
2.93431549700000e+02 5.84844380689534e-19
2.93514638700000e+02 6.17772645186247e-19
2.93597716800000e+02 6.62421762258933e-19
2.93680784100000e+02 7.11011063925378e-19
2.93763840400000e+02 7.58202928659117e-19
2.93846885900000e+02 7.99685186356347e-19
2.93929920400000e+02 8.33845265566941e-19
2.94012944100000e+02 8.58116779542506e-19
2.94095956800000e+02 8.71931883602102e-19
2.94178958600000e+02 8.78652013265581e-19
2.94261949500000e+02 8.79080580430076e-19
2.94344929500000e+02 8.72835871457294e-19
2.94427898500000e+02 8.58930867146625e-19
2.94510856600000e+02 8.35745582310813e-19
2.94593803800000e+02 8.03099882745798e-19
2.94676740000000e+02 7.61440144538196e-19
2.94759665200000e+02 7.13175489970401e-19
2.94842579500000e+02 6.61952158788175e-19
2.94925482900000e+02 6.12659206618753e-19
2.95008375300000e+02 5.69612144157923e-19
2.95091256700000e+02 5.34505525726957e-19
2.95174127100000e+02 5.08286413205308e-19
2.95256986500000e+02 4.91974362721310e-19
2.95339835000000e+02 4.87716295836801e-19
2.95422672500000e+02 4.98761709627463e-19
2.95505498900000e+02 5.26690510840339e-19
2.95588314400000e+02 5.70686108568043e-19
2.95671118800000e+02 6.26865074378583e-19
2.95753912300000e+02 6.89818050036466e-19
2.95836694700000e+02 7.55052849975651e-19
2.95919466100000e+02 8.15428286400596e-19
2.96002226500000e+02 8.61638640715612e-19
2.96084975800000e+02 8.87057677404394e-19
2.96167714100000e+02 8.89451703053011e-19
2.96250441300000e+02 8.71264772017156e-19
2.96333157500000e+02 8.36484693915235e-19
2.96415862700000e+02 7.88885053586799e-19
2.96498556800000e+02 7.34569875164204e-19
2.96581239800000e+02 6.80185466988939e-19
2.96663911700000e+02 6.29417116824642e-19
2.96746572600000e+02 5.82727009340638e-19
2.96829222400000e+02 5.39840294069042e-19
2.96911861100000e+02 5.00959415735630e-19
2.96994488700000e+02 4.65829242754133e-19
2.97077105200000e+02 4.34462907426592e-19
2.97159710700000e+02 4.08379639072990e-19
2.97242305000000e+02 3.91062542644143e-19
2.97324888200000e+02 3.86951905238379e-19
2.97407460300000e+02 3.99461844114126e-19
2.97490021200000e+02 4.32285479938743e-19
2.97572571100000e+02 4.86454346676952e-19
2.97655109800000e+02 5.56336671789544e-19
2.97737637300000e+02 6.32151859647172e-19
2.97820153800000e+02 7.04576028402113e-19
2.97902659000000e+02 7.67874669507309e-19
2.97985153200000e+02 8.17346119968093e-19
2.98067636100000e+02 8.47297542145552e-19
2.98150107900000e+02 8.54130508128316e-19
2.98232568600000e+02 8.39249008886622e-19
2.98315018000000e+02 8.08382951802225e-19
2.98397456300000e+02 7.67544186209954e-19
2.98479883400000e+02 7.20621702481914e-19
2.98562299300000e+02 6.69840011344986e-19
2.98644704000000e+02 6.16719106897379e-19
2.98727097500000e+02 5.63846581207600e-19
2.98809479800000e+02 5.13838692860803e-19
2.98891850900000e+02 4.68421352791438e-19
2.98974210800000e+02 4.28548992566163e-19
2.99056559500000e+02 3.94825709353976e-19
2.99138896900000e+02 3.67909677555011e-19
2.99221223100000e+02 3.48028919254595e-19
2.99303538100000e+02 3.36351765420982e-19
2.99385841900000e+02 3.35121801773603e-19
2.99468134400000e+02 3.48505432127819e-19
2.99550415600000e+02 3.83557483449274e-19
2.99632685600000e+02 4.44706684183650e-19
2.99714944300000e+02 5.28954878975139e-19
2.99797191700000e+02 6.21781857148562e-19
2.99879427900000e+02 7.07277984758269e-19
2.99961652800000e+02 7.79026780633130e-19
3.00043866500000e+02 8.31383133793468e-19
3.00126068800000e+02 8.56138839005281e-19
3.00208259900000e+02 8.47170275896315e-19
3.00290439600000e+02 8.06628810680860e-19
3.00372608000000e+02 7.48375879283805e-19
3.00454765200000e+02 6.85353126445600e-19
3.00536911000000e+02 6.23076387606286e-19
3.00619045500000e+02 5.64919714427596e-19
3.00701168700000e+02 5.11783150046135e-19
3.00783280600000e+02 4.63547401231346e-19
3.00865381100000e+02 4.20151157164360e-19
3.00947470300000e+02 3.81653466489443e-19
3.01029548100000e+02 3.48447551070014e-19
3.01111614600000e+02 3.20486137352420e-19
3.01193669700000e+02 2.98217196276823e-19
3.01275713500000e+02 2.83326885403639e-19
3.01357745900000e+02 2.78457286892089e-19
3.01439767000000e+02 2.86412250506120e-19
3.01521776700000e+02 3.09968279483232e-19
3.01603775000000e+02 3.51658702618751e-19
3.01685761900000e+02 4.10870432499333e-19
3.01767737400000e+02 4.81707156349234e-19
3.01849701500000e+02 5.56267422353071e-19
3.01931654200000e+02 6.26113627568914e-19
3.02013595500000e+02 6.84063796853239e-19
3.02095525400000e+02 7.24317411638375e-19
3.02177443900000e+02 7.41413128061193e-19
3.02259351000000e+02 7.34050557380605e-19
3.02341246600000e+02 7.06194097660183e-19
3.02423130800000e+02 6.63911533159943e-19
3.02505003600000e+02 6.13575971298011e-19
3.02586865000000e+02 5.60207171022121e-19
3.02668714800000e+02 5.06861115612112e-19
3.02750553300000e+02 4.56224839968550e-19
3.02832380200000e+02 4.10153257765187e-19
3.02914195800000e+02 3.69418467717438e-19
3.02995999800000e+02 3.34143770482345e-19
3.03077792400000e+02 3.04258672560122e-19
3.03159573500000e+02 2.79830293529012e-19
3.03241343100000e+02 2.61165815653411e-19
3.03323101200000e+02 2.48533232766052e-19
3.03404847800000e+02 2.42030927173991e-19
3.03486583000000e+02 2.42241043090242e-19
3.03568306600000e+02 2.50617583828576e-19
3.03650018700000e+02 2.70087465529088e-19
3.03731719300000e+02 3.03409648569672e-19
3.03813408400000e+02 3.52558056742928e-19
3.03895086000000e+02 4.15997285941353e-19
3.03976752000000e+02 4.81950659536261e-19
3.04058406500000e+02 5.40044773489139e-19
3.04140049500000e+02 5.87115304890055e-19
3.04221680900000e+02 6.19053516983194e-19
3.04303300800000e+02 6.31633162498282e-19
3.04384909100000e+02 6.20324674232603e-19
3.04466505800000e+02 5.86327150520824e-19
3.04548091000000e+02 5.41436470832987e-19
3.04629664600000e+02 4.93938313660789e-19
3.04711226700000e+02 4.46825867904622e-19
3.04792777100000e+02 4.02331747952508e-19
3.04874316000000e+02 3.61397001257300e-19
3.04955843300000e+02 3.24798430283122e-19
3.05037359000000e+02 2.92667245500646e-19
3.05118863000000e+02 2.64934418385999e-19
3.05200355500000e+02 2.41705492012525e-19
3.05281836400000e+02 2.23148613026567e-19
3.05363305600000e+02 2.09536373323310e-19
3.05444763200000e+02 2.01086598559988e-19
3.05526209200000e+02 1.98663875580937e-19
3.05607643600000e+02 2.03453960896304e-19
3.05689066300000e+02 2.16645226034003e-19
3.05770477400000e+02 2.38117686073977e-19
3.05851876800000e+02 2.66963952742090e-19
3.05933264600000e+02 3.02601008555975e-19
3.06014640800000e+02 3.44352751047527e-19
3.06096005200000e+02 3.90266513119040e-19
3.06177358000000e+02 4.35960214624829e-19
3.06258699100000e+02 4.74939618060307e-19
3.06340028600000e+02 5.01835881546642e-19
3.06421346300000e+02 5.14284337129036e-19
3.06502652400000e+02 5.12246519164148e-19
3.06583946800000e+02 4.96483594103249e-19
3.06665229400000e+02 4.68669437741942e-19
3.06746500400000e+02 4.32131194552148e-19
3.06827759700000e+02 3.92260036690591e-19
3.06909007200000e+02 3.54077362715740e-19
3.06990243000000e+02 3.19699632004782e-19
3.07071467100000e+02 2.89909142882968e-19
3.07152679500000e+02 2.64910477340042e-19
3.07233880100000e+02 2.44188992145703e-19
3.07315069000000e+02 2.27355646468186e-19
3.07396246200000e+02 2.13842924932847e-19
3.07477411500000e+02 2.03432030655415e-19
3.07558565200000e+02 1.96302206032368e-19
3.07639707100000e+02 1.92172276997654e-19
3.07720837200000e+02 1.91250665538188e-19
3.07801955500000e+02 1.94340936947114e-19
3.07883062100000e+02 2.01745350516003e-19
3.07964156800000e+02 2.12660696788399e-19
3.08045239800000e+02 2.27925408293659e-19
3.08126311000000e+02 2.50336087307477e-19
3.08207370400000e+02 2.80504825935218e-19
3.08288418000000e+02 3.15510952369467e-19
3.08369453800000e+02 3.49289638957591e-19
3.08450477800000e+02 3.76557337524418e-19
3.08531490000000e+02 3.96087403266086e-19
3.08612490300000e+02 4.06181704018668e-19
3.08693478800000e+02 4.04137604558344e-19
3.08774455500000e+02 3.89477766763409e-19
3.08855420300000e+02 3.64417749607859e-19
3.08936373300000e+02 3.33765999611952e-19
3.09017314400000e+02 3.02192959731469e-19
3.09098243700000e+02 2.72236917941530e-19
3.09179161100000e+02 2.45523759599576e-19
3.09260066700000e+02 2.23122655158452e-19
3.09340960400000e+02 2.05212173845448e-19
3.09421842200000e+02 1.91519793350650e-19
3.09502712200000e+02 1.81466339758167e-19
3.09583570200000e+02 1.74569338455459e-19
3.09664416400000e+02 1.70703808661039e-19
3.09745250600000e+02 1.69654839369337e-19
3.09826073000000e+02 1.71023258519276e-19
3.09906883500000e+02 1.74002322880800e-19
3.09987682000000e+02 1.77995346354884e-19
3.10068468700000e+02 1.83425800226366e-19
3.10149243400000e+02 1.91652363293943e-19
3.10230006100000e+02 2.04065479303254e-19
3.10310757000000e+02 2.20369892304215e-19
3.10391495900000e+02 2.38608907569254e-19
3.10472222900000e+02 2.55819514188051e-19
3.10552937900000e+02 2.69541429419897e-19
3.10633641000000e+02 2.79238624561067e-19
3.10714332100000e+02 2.84438578264108e-19
3.10795011300000e+02 2.83764268236095e-19
3.10875678500000e+02 2.76445562423560e-19
3.10956333700000e+02 2.63535312630302e-19
3.11036976900000e+02 2.47672222839645e-19
3.11117608200000e+02 2.31143515794566e-19
3.11198227400000e+02 2.14705979125310e-19
3.11278834700000e+02 1.98342305770962e-19
3.11359430000000e+02 1.82455204559283e-19
3.11440013200000e+02 1.67721246336642e-19
3.11520584500000e+02 1.54661648184918e-19
3.11601143700000e+02 1.44147722129716e-19
3.11681691000000e+02 1.36741689543285e-19
3.11762226200000e+02 1.32141297468783e-19
3.11842749400000e+02 1.29602609272811e-19
3.11923260500000e+02 1.28500428133620e-19
3.12003759600000e+02 1.28471488613804e-19
3.12084246600000e+02 1.29259738673930e-19
3.12164721600000e+02 1.30708300767375e-19
3.12245184600000e+02 1.32698700857294e-19
3.12325635500000e+02 1.35253146973294e-19
3.12406074300000e+02 1.38661767549131e-19
3.12486501000000e+02 1.43860340452663e-19
3.12566915700000e+02 1.51569333869068e-19
3.12647318300000e+02 1.61616335046587e-19
3.12727708800000e+02 1.73191991890529e-19
3.12808087200000e+02 1.84541638939786e-19
3.12888453500000e+02 1.93985471832212e-19
3.12968807800000e+02 2.00745683629958e-19
3.13049149900000e+02 2.03741957191012e-19
3.13129479900000e+02 2.02028345702795e-19
3.13209797700000e+02 1.95461169003289e-19
3.13290103500000e+02 1.84634466297587e-19
3.13370397100000e+02 1.71467548718149e-19
3.13450678600000e+02 1.58387096432925e-19
3.13530948000000e+02 1.46474155611009e-19
3.13611205200000e+02 1.35733997805889e-19
3.13691450300000e+02 1.26268661526726e-19
3.13771683200000e+02 1.18190308585376e-19
3.13851903900000e+02 1.11363064363771e-19
3.13932112500000e+02 1.05603266771274e-19
3.14012308900000e+02 1.00697901368544e-19
3.14092493200000e+02 9.67435209997862e-20
3.14172665300000e+02 9.44721206721273e-20
3.14252825200000e+02 9.40985474876655e-20
3.14332972800000e+02 9.51067836615868e-20
3.14413108300000e+02 9.73183820420736e-20
3.14493231600000e+02 1.00311669067287e-19
3.14573342700000e+02 1.03122225738940e-19
3.14653441600000e+02 1.05480793164563e-19
3.14733528300000e+02 1.07577909597763e-19
3.14813602700000e+02 1.09860654742214e-19
3.14893665000000e+02 1.12826367887694e-19
3.14973715000000e+02 1.15834518227641e-19
3.15053752700000e+02 1.18169833493489e-19
3.15133778200000e+02 1.20114126703882e-19
3.15213791500000e+02 1.22036240992065e-19
3.15293792500000e+02 1.23868227457728e-19
3.15373781300000e+02 1.25254562718592e-19
3.15453757800000e+02 1.25333950065079e-19
3.15533722000000e+02 1.23599962989361e-19
3.15613674000000e+02 1.20632365813531e-19
3.15693613700000e+02 1.16906739391792e-19
3.15773541100000e+02 1.12335508099408e-19
3.15853456200000e+02 1.06815874560788e-19
3.15933359000000e+02 1.00224747929738e-19
3.16013249500000e+02 9.32509604184267e-20
3.16093127700000e+02 8.71136029974116e-20
3.16172993700000e+02 8.23693215173883e-20
3.16252847300000e+02 7.93632757698782e-20
3.16332688500000e+02 7.80983579837272e-20
3.16412517500000e+02 7.79890149324930e-20
3.16492334100000e+02 7.85919428639989e-20
3.16572138400000e+02 7.96708085175031e-20
3.16651930400000e+02 8.10475130303922e-20
3.16731710000000e+02 8.25776388028343e-20
3.16811477200000e+02 8.40459402956902e-20
3.16891232100000e+02 8.52428542631825e-20
3.16970974700000e+02 8.59729366826034e-20
3.17050704900000e+02 8.60765778612079e-20
3.17130422700000e+02 8.56194839966320e-20
3.17210128100000e+02 8.46906455258711e-20
3.17289821200000e+02 8.34051446298182e-20
3.17369501800000e+02 8.18302446281459e-20
3.17449170100000e+02 8.00247150295410e-20
3.17528826000000e+02 7.84782522133454e-20
3.17608469500000e+02 7.76908407905862e-20
3.17688100600000e+02 7.79425659576271e-20
3.17767719200000e+02 7.91195747331217e-20
3.17847325500000e+02 8.03500138162532e-20
3.17926919300000e+02 8.08818615283162e-20
3.18006500700000e+02 8.06826433303719e-20
3.18086069700000e+02 7.97580495124067e-20
3.18165626200000e+02 7.78638922980756e-20
3.18245170300000e+02 7.46714160780072e-20
3.18324701900000e+02 7.02554610324772e-20
3.18404221100000e+02 6.53126500065840e-20
3.18483727900000e+02 6.04626453658610e-20
3.18563222100000e+02 5.59538135082655e-20
3.18642703900000e+02 5.20080131426573e-20
3.18722173300000e+02 4.88297656579882e-20
3.18801630100000e+02 4.64464010873362e-20
3.18881074500000e+02 4.48276751292126e-20
3.18960506400000e+02 4.40380557469353e-20
3.19039925700000e+02 4.41427240661149e-20
3.19119332600000e+02 4.50628225554073e-20
3.19198727000000e+02 4.65665903994411e-20
3.19278108900000e+02 4.84151243932751e-20
3.19357478200000e+02 5.02692503817376e-20
3.19436835100000e+02 5.19976240757686e-20
3.19516179400000e+02 5.35856499629890e-20
3.19595511200000e+02 5.45817523834733e-20
3.19674830400000e+02 5.46897413738805e-20
3.19754137100000e+02 5.39209392930003e-20
3.19833431300000e+02 5.22936995054876e-20
3.19912712900000e+02 5.01489899308563e-20
3.19991981900000e+02 4.77192355778657e-20
3.20071238400000e+02 4.50768069685019e-20
3.20150482400000e+02 4.25828252532995e-20
3.20229713700000e+02 4.04265003028429e-20
3.20308932500000e+02 3.85852860037420e-20
3.20388138700000e+02 3.72422352166730e-20
3.20467332300000e+02 3.64737199704246e-20
3.20546513300000e+02 3.61587917290559e-20
3.20625681700000e+02 3.62922034331473e-20
3.20704837600000e+02 3.67506389993965e-20
3.20783980800000e+02 3.71620858593614e-20
3.20863111400000e+02 3.72791429977375e-20
3.20942229400000e+02 3.70149661038570e-20
3.21021334700000e+02 3.63313158975265e-20
3.21100427500000e+02 3.52361946101994e-20
3.21179507600000e+02 3.36337401719940e-20
3.21258575000000e+02 3.15878516388785e-20
3.21337629800000e+02 2.94945662307140e-20
3.21416672000000e+02 2.76510358760370e-20
3.21495701500000e+02 2.61653071112947e-20
3.21574718400000e+02 2.51079166981877e-20
3.21653722600000e+02 2.44826750605918e-20
3.21732714100000e+02 2.42445188127660e-20
3.21811692900000e+02 2.43333564859080e-20
3.21890659100000e+02 2.46422481460846e-20
3.21969612600000e+02 2.50206408575831e-20
3.22048553400000e+02 2.53904796090300e-20
3.22127481500000e+02 2.57630334734028e-20
3.22206396900000e+02 2.61709301392075e-20
3.22285299600000e+02 2.66652485843015e-20
3.22364189600000e+02 2.70917523860024e-20
3.22443066800000e+02 2.71666024256099e-20
3.22521931400000e+02 2.68844138411607e-20
3.22600783200000e+02 2.63090351451049e-20
3.22679622300000e+02 2.54033605399143e-20
3.22758448700000e+02 2.41428951984136e-20
3.22837262300000e+02 2.24906296945415e-20
3.22916063100000e+02 2.05970974563516e-20
3.22994851200000e+02 1.87732986220692e-20
3.23073626600000e+02 1.71937237554342e-20
3.23152389200000e+02 1.58881988981270e-20
3.23231139000000e+02 1.48827860213887e-20
3.23309876100000e+02 1.41796572787022e-20
3.23388600400000e+02 1.37173953459867e-20
3.23467311900000e+02 1.34799878060343e-20
3.23546010600000e+02 1.34864229674825e-20
3.23624696500000e+02 1.37016433067090e-20
3.23703369600000e+02 1.40676280615003e-20
3.23782029900000e+02 1.45101782520267e-20
3.23860677400000e+02 1.49307680613110e-20
3.23939312100000e+02 1.52503957570747e-20
3.24017934000000e+02 1.54064707102751e-20
3.24096543000000e+02 1.53487884542231e-20
3.24175139300000e+02 1.50871971041416e-20
3.24253722600000e+02 1.46688247441816e-20
3.24332293200000e+02 1.41490367638335e-20
3.24410850900000e+02 1.35967274076952e-20
3.24489395700000e+02 1.30943061154150e-20
3.24567927700000e+02 1.27189403819327e-20
3.24646446900000e+02 1.24925510221272e-20
3.24724953100000e+02 1.23844496798447e-20
3.24803446500000e+02 1.23849965613845e-20
3.24881927100000e+02 1.24513671776478e-20
3.24960394700000e+02 1.24934330530882e-20
3.25038849500000e+02 1.24720625878627e-20
3.25117291300000e+02 1.23731789540265e-20
3.25195720300000e+02 1.21868516024223e-20
3.25274136400000e+02 1.19416695893617e-20
3.25352539600000e+02 1.16252563546862e-20
3.25430929800000e+02 1.12429699805311e-20
3.25509307100000e+02 1.08837757701389e-20
3.25587671600000e+02 1.05892334528671e-20
3.25666023000000e+02 1.03331410284200e-20
3.25744361600000e+02 1.00895001232511e-20
3.25822687200000e+02 9.82620341380589e-21
3.25900999900000e+02 9.52995688088965e-21
3.25979299600000e+02 9.21053301305326e-21
3.26057586400000e+02 8.84490324600268e-21
3.26135860200000e+02 8.43454899392733e-21
3.26214121100000e+02 8.01119140551883e-21
3.26292368900000e+02 7.59562226864638e-21
3.26370603900000e+02 7.22881671604091e-21
3.26448825800000e+02 6.92840901219605e-21
3.26527034700000e+02 6.68254998888013e-21
3.26605230700000e+02 6.50514616739251e-21
3.26683413700000e+02 6.40772689602809e-21
3.26761583600000e+02 6.39088307706743e-21
3.26839740600000e+02 6.45972129059283e-21
3.26917884500000e+02 6.59304385745184e-21
3.26996015500000e+02 6.77182156437322e-21
3.27074133400000e+02 6.96195658134901e-21
3.27152238300000e+02 7.09453251794545e-21
3.27230330200000e+02 7.15751812688467e-21
3.27308409000000e+02 7.17308653558744e-21
3.27386474800000e+02 7.12685245007460e-21
3.27464527500000e+02 7.02588953179642e-21
3.27542567200000e+02 6.88488075548597e-21
3.27620593800000e+02 6.71236502859711e-21
3.27698607400000e+02 6.55873644878525e-21
3.27776607900000e+02 6.44191135700305e-21
3.27854595300000e+02 6.32499957137697e-21
3.27932569700000e+02 6.22333636815207e-21
3.28010531000000e+02 6.20165586936701e-21
3.28088479200000e+02 6.25216418040105e-21
3.28166414300000e+02 6.27771082933278e-21
3.28244336300000e+02 6.27608316979707e-21
3.28322245200000e+02 6.27001635845123e-21
3.28400140900000e+02 6.23492764301339e-21
3.28478023600000e+02 6.18729787774147e-21
3.28555893200000e+02 6.16602996096185e-21
3.28633749600000e+02 6.26545368757640e-21
3.28711592900000e+02 6.45179922236686e-21
3.28789423100000e+02 6.53643025898062e-21
3.28867240100000e+02 6.53073229024116e-21
3.28945044000000e+02 6.45649717782643e-21
3.29022834800000e+02 6.41072676458154e-21
3.29100612400000e+02 6.30079373563348e-21
3.29178376800000e+02 6.10184307355356e-21
3.29256128100000e+02 6.03050655402976e-21
3.29333866200000e+02 5.98281091047364e-21
3.29411591100000e+02 5.77636812035926e-21
3.29489302800000e+02 5.21933007833349e-21
3.29567001400000e+02 4.30329414655978e-21
3.29644686700000e+02 0.00000000000000e+00
3.29722358900000e+02 0.00000000000000e+00
3.29800017900000e+02 0.00000000000000e+00
3.29877663600000e+02 0.00000000000000e+00
3.29955296200000e+02 0.00000000000000e+00
3.30032915500000e+02 0.00000000000000e+00
3.30110521700000e+02 0.00000000000000e+00
3.30188114500000e+02 0.00000000000000e+00
3.30265694200000e+02 0.00000000000000e+00
3.30343260600000e+02 0.00000000000000e+00
3.30420813800000e+02 0.00000000000000e+00
3.30498353700000e+02 0.00000000000000e+00
3.30575880400000e+02 0.00000000000000e+00
3.30653393900000e+02 0.00000000000000e+00
3.30730894000000e+02 0.00000000000000e+00
3.30808380900000e+02 0.00000000000000e+00
3.30885854500000e+02 0.00000000000000e+00
3.30963314900000e+02 0.00000000000000e+00
3.31040761900000e+02 0.00000000000000e+00
3.31118195700000e+02 0.00000000000000e+00
3.31195616200000e+02 0.00000000000000e+00
3.31273023400000e+02 0.00000000000000e+00
3.31350417300000e+02 0.00000000000000e+00
3.31427797800000e+02 0.00000000000000e+00
3.31505165100000e+02 0.00000000000000e+00
3.31582519000000e+02 0.00000000000000e+00
3.31659859600000e+02 0.00000000000000e+00
3.31737186900000e+02 0.00000000000000e+00
3.31814500900000e+02 0.00000000000000e+00
3.31891801500000e+02 0.00000000000000e+00
3.31969088700000e+02 0.00000000000000e+00
3.32046362700000e+02 0.00000000000000e+00
3.32123623200000e+02 0.00000000000000e+00
3.32200870400000e+02 0.00000000000000e+00
3.32278104200000e+02 0.00000000000000e+00
3.32355324700000e+02 0.00000000000000e+00
3.32432531800000e+02 0.00000000000000e+00
3.32509725500000e+02 0.00000000000000e+00
3.32586905800000e+02 0.00000000000000e+00
3.32664072700000e+02 0.00000000000000e+00
3.32741226300000e+02 0.00000000000000e+00
3.32818366400000e+02 0.00000000000000e+00
3.32895493100000e+02 0.00000000000000e+00
3.32972606400000e+02 0.00000000000000e+00
3.33049706300000e+02 0.00000000000000e+00
3.33126792800000e+02 0.00000000000000e+00
3.33203865900000e+02 0.00000000000000e+00
3.33280925500000e+02 0.00000000000000e+00
3.33357971600000e+02 0.00000000000000e+00
3.33435004400000e+02 0.00000000000000e+00
3.33512023700000e+02 0.00000000000000e+00
3.33589029500000e+02 0.00000000000000e+00
3.33666021900000e+02 0.00000000000000e+00
3.33743000800000e+02 0.00000000000000e+00
3.33819966200000e+02 0.00000000000000e+00
3.33896918200000e+02 0.00000000000000e+00
3.33973856700000e+02 0.00000000000000e+00
3.34050781700000e+02 0.00000000000000e+00
3.34127693200000e+02 0.00000000000000e+00
3.34204591200000e+02 0.00000000000000e+00
3.34281475700000e+02 0.00000000000000e+00
3.34358346700000e+02 0.00000000000000e+00
3.34435204200000e+02 0.00000000000000e+00
3.34512048200000e+02 0.00000000000000e+00
3.34588878700000e+02 0.00000000000000e+00
3.34665695600000e+02 0.00000000000000e+00
3.34742499100000e+02 0.00000000000000e+00
3.34819288900000e+02 0.00000000000000e+00
3.34896065300000e+02 0.00000000000000e+00
3.34972828100000e+02 0.00000000000000e+00
3.35049577300000e+02 0.00000000000000e+00
3.35126313000000e+02 0.00000000000000e+00
3.35203035100000e+02 0.00000000000000e+00
3.35279743700000e+02 0.00000000000000e+00
3.35356438700000e+02 0.00000000000000e+00
3.35433120100000e+02 0.00000000000000e+00
3.35509787900000e+02 0.00000000000000e+00
3.35586442100000e+02 0.00000000000000e+00
3.35663082800000e+02 0.00000000000000e+00
3.35739709800000e+02 0.00000000000000e+00
3.35816323300000e+02 0.00000000000000e+00
3.35892923100000e+02 0.00000000000000e+00
3.35969509300000e+02 0.00000000000000e+00
3.36046081900000e+02 0.00000000000000e+00
3.36122640900000e+02 0.00000000000000e+00
3.36199186300000e+02 0.00000000000000e+00
3.36275718000000e+02 0.00000000000000e+00
3.36352236100000e+02 0.00000000000000e+00
3.36428740500000e+02 0.00000000000000e+00
3.36505231300000e+02 0.00000000000000e+00
3.36581708400000e+02 0.00000000000000e+00
3.36658171900000e+02 0.00000000000000e+00
3.36734621700000e+02 0.00000000000000e+00
3.36811057800000e+02 0.00000000000000e+00
3.36887480300000e+02 0.00000000000000e+00
3.36963889100000e+02 0.00000000000000e+00
3.37040284200000e+02 0.00000000000000e+00
3.37116665600000e+02 0.00000000000000e+00
3.37193033300000e+02 0.00000000000000e+00
3.37269387300000e+02 0.00000000000000e+00
3.37345727600000e+02 0.00000000000000e+00
3.37422054200000e+02 0.00000000000000e+00
3.37498367100000e+02 0.00000000000000e+00
3.37574666300000e+02 0.00000000000000e+00
3.37650951700000e+02 0.00000000000000e+00
3.37727223400000e+02 0.00000000000000e+00
3.37803481400000e+02 0.00000000000000e+00
3.37879725600000e+02 0.00000000000000e+00
3.37955956100000e+02 0.00000000000000e+00
3.38032172800000e+02 0.00000000000000e+00
3.38108375700000e+02 0.00000000000000e+00
3.38184565000000e+02 0.00000000000000e+00
3.38260740400000e+02 0.00000000000000e+00
3.38336902000000e+02 0.00000000000000e+00
3.38413049900000e+02 0.00000000000000e+00
3.38489184000000e+02 0.00000000000000e+00
3.38565304300000e+02 0.00000000000000e+00
3.38641410900000e+02 0.00000000000000e+00
3.38717503600000e+02 0.00000000000000e+00
3.38793582500000e+02 0.00000000000000e+00
3.38869647600000e+02 0.00000000000000e+00
3.38945698900000e+02 0.00000000000000e+00
3.39021736400000e+02 0.00000000000000e+00
3.39097760000000e+02 0.00000000000000e+00
3.39173769800000e+02 0.00000000000000e+00
3.39249765800000e+02 0.00000000000000e+00
3.39325748000000e+02 0.00000000000000e+00
3.39401716200000e+02 0.00000000000000e+00
3.39477670700000e+02 0.00000000000000e+00
3.39553611300000e+02 0.00000000000000e+00
3.39629538000000e+02 0.00000000000000e+00
3.39705450900000e+02 0.00000000000000e+00
3.39781349900000e+02 0.00000000000000e+00
3.39857235000000e+02 0.00000000000000e+00
3.39933106200000e+02 0.00000000000000e+00
3.40008963600000e+02 0.00000000000000e+00
3.40084807000000e+02 0.00000000000000e+00
3.40160636600000e+02 0.00000000000000e+00
3.40236452300000e+02 0.00000000000000e+00
3.40312254000000e+02 0.00000000000000e+00
3.40388041900000e+02 0.00000000000000e+00
3.40463815800000e+02 0.00000000000000e+00
3.40539575800000e+02 0.00000000000000e+00
3.40615321900000e+02 0.00000000000000e+00
3.40691054000000e+02 0.00000000000000e+00
3.40766772200000e+02 0.00000000000000e+00
3.40842476500000e+02 0.00000000000000e+00
3.40918166800000e+02 0.00000000000000e+00
3.40993843100000e+02 0.00000000000000e+00
3.41069505500000e+02 0.00000000000000e+00
3.41145154000000e+02 0.00000000000000e+00
3.41220788400000e+02 0.00000000000000e+00
3.41296408900000e+02 0.00000000000000e+00
3.41372015500000e+02 0.00000000000000e+00
3.41447608000000e+02 0.00000000000000e+00
3.41523186500000e+02 0.00000000000000e+00
3.41598751100000e+02 0.00000000000000e+00
3.41674301600000e+02 0.00000000000000e+00
3.41749838100000e+02 0.00000000000000e+00
3.41825360700000e+02 0.00000000000000e+00
3.41900869200000e+02 0.00000000000000e+00
3.41976363700000e+02 0.00000000000000e+00
3.42051844200000e+02 0.00000000000000e+00
3.42127310600000e+02 0.00000000000000e+00
3.42202763000000e+02 0.00000000000000e+00
3.42278201400000e+02 0.00000000000000e+00
3.42353625700000e+02 0.00000000000000e+00
3.42429035900000e+02 0.00000000000000e+00
3.42504432100000e+02 0.00000000000000e+00
3.42579814300000e+02 0.00000000000000e+00
3.42655182400000e+02 0.00000000000000e+00
3.42730536400000e+02 0.00000000000000e+00
3.42805876300000e+02 0.00000000000000e+00
3.42881202100000e+02 0.00000000000000e+00
3.42956513900000e+02 0.00000000000000e+00
3.43031811600000e+02 0.00000000000000e+00
3.43107095100000e+02 0.00000000000000e+00
3.43182364600000e+02 0.00000000000000e+00
3.43257619900000e+02 0.00000000000000e+00
3.43332861200000e+02 0.00000000000000e+00
3.43408088300000e+02 0.00000000000000e+00
3.43483301300000e+02 0.00000000000000e+00
3.43558500200000e+02 0.00000000000000e+00
3.43633684900000e+02 0.00000000000000e+00
3.43708855500000e+02 0.00000000000000e+00
3.43784012000000e+02 0.00000000000000e+00
3.43859154300000e+02 0.00000000000000e+00
3.43934282400000e+02 0.00000000000000e+00
3.44009396400000e+02 0.00000000000000e+00
3.44084496200000e+02 0.00000000000000e+00
3.44159581900000e+02 0.00000000000000e+00
3.44234653400000e+02 0.00000000000000e+00
3.44309710700000e+02 0.00000000000000e+00
3.44384753800000e+02 0.00000000000000e+00
3.44459782700000e+02 0.00000000000000e+00
3.44534797400000e+02 0.00000000000000e+00
3.44609798000000e+02 0.00000000000000e+00
3.44684784300000e+02 0.00000000000000e+00
3.44759756400000e+02 0.00000000000000e+00
3.44834714300000e+02 0.00000000000000e+00
3.44909658000000e+02 0.00000000000000e+00
3.44984587400000e+02 0.00000000000000e+00
3.45059502600000e+02 0.00000000000000e+00
3.45134403600000e+02 0.00000000000000e+00
3.45209290300000e+02 0.00000000000000e+00
3.45284162800000e+02 0.00000000000000e+00
3.45359021000000e+02 0.00000000000000e+00
3.45433865000000e+02 0.00000000000000e+00
3.45508694700000e+02 0.00000000000000e+00
3.45583510200000e+02 0.00000000000000e+00
3.45658311300000e+02 0.00000000000000e+00
3.45733098200000e+02 0.00000000000000e+00
3.45807870800000e+02 0.00000000000000e+00
3.45882629200000e+02 0.00000000000000e+00
3.45957373200000e+02 0.00000000000000e+00
3.46032102900000e+02 0.00000000000000e+00
3.46106818300000e+02 0.00000000000000e+00
3.46181519400000e+02 0.00000000000000e+00
3.46256206200000e+02 0.00000000000000e+00
3.46330878700000e+02 0.00000000000000e+00
3.46405536900000e+02 0.00000000000000e+00
3.46480180700000e+02 0.00000000000000e+00
3.46554810200000e+02 0.00000000000000e+00
3.46629425300000e+02 0.00000000000000e+00
3.46704026100000e+02 0.00000000000000e+00
3.46778612600000e+02 0.00000000000000e+00
3.46853184700000e+02 0.00000000000000e+00
3.46927742400000e+02 0.00000000000000e+00
3.47002285800000e+02 0.00000000000000e+00
3.47076814800000e+02 0.00000000000000e+00
3.47151329400000e+02 0.00000000000000e+00
3.47225829700000e+02 0.00000000000000e+00
3.47300315500000e+02 0.00000000000000e+00
3.47374787000000e+02 0.00000000000000e+00
3.47449244000000e+02 0.00000000000000e+00
3.47523686700000e+02 0.00000000000000e+00
3.47598115000000e+02 0.00000000000000e+00
3.47672528800000e+02 0.00000000000000e+00
3.47746928200000e+02 0.00000000000000e+00
3.47821313200000e+02 0.00000000000000e+00
3.47895683800000e+02 0.00000000000000e+00
3.47970039900000e+02 0.00000000000000e+00
3.48044381600000e+02 0.00000000000000e+00
3.48118708900000e+02 0.00000000000000e+00
3.48193021700000e+02 0.00000000000000e+00
3.48267320100000e+02 0.00000000000000e+00
3.48341604000000e+02 0.00000000000000e+00
3.48415873400000e+02 0.00000000000000e+00
3.48490128400000e+02 0.00000000000000e+00
3.48564368900000e+02 0.00000000000000e+00
3.48638594900000e+02 0.00000000000000e+00
3.48712806400000e+02 0.00000000000000e+00
3.48787003400000e+02 0.00000000000000e+00
3.48861186000000e+02 0.00000000000000e+00
3.48935354000000e+02 0.00000000000000e+00
3.49009507500000e+02 0.00000000000000e+00
3.49083646600000e+02 0.00000000000000e+00
3.49157771100000e+02 0.00000000000000e+00
3.49231881100000e+02 0.00000000000000e+00
3.49305976500000e+02 0.00000000000000e+00
3.49380057500000e+02 0.00000000000000e+00
3.49454123900000e+02 0.00000000000000e+00
3.49528175700000e+02 0.00000000000000e+00
3.49602213000000e+02 0.00000000000000e+00
3.49676235800000e+02 0.00000000000000e+00
3.49750244000000e+02 0.00000000000000e+00
3.49824237600000e+02 0.00000000000000e+00
3.49898216700000e+02 0.00000000000000e+00
3.49972181200000e+02 0.00000000000000e+00
3.50046131100000e+02 0.00000000000000e+00
3.50120066400000e+02 0.00000000000000e+00
3.50193987200000e+02 0.00000000000000e+00
3.50267893300000e+02 0.00000000000000e+00
3.50341784900000e+02 0.00000000000000e+00
3.50415661900000e+02 0.00000000000000e+00
3.50489524200000e+02 0.00000000000000e+00
3.50563371900000e+02 0.00000000000000e+00
3.50637205000000e+02 0.00000000000000e+00
3.50711023500000e+02 0.00000000000000e+00
3.50784827400000e+02 0.00000000000000e+00
3.50858616600000e+02 0.00000000000000e+00
3.50932391200000e+02 0.00000000000000e+00
3.51006151100000e+02 0.00000000000000e+00
3.51079896400000e+02 0.00000000000000e+00
3.51153627100000e+02 0.00000000000000e+00
3.51227343100000e+02 0.00000000000000e+00
3.51301044400000e+02 0.00000000000000e+00
3.51374731000000e+02 0.00000000000000e+00
3.51448403000000e+02 0.00000000000000e+00
3.51522060300000e+02 0.00000000000000e+00
3.51595702900000e+02 0.00000000000000e+00
3.51669330800000e+02 0.00000000000000e+00
3.51742944000000e+02 0.00000000000000e+00
3.51816542500000e+02 0.00000000000000e+00
3.51890126300000e+02 0.00000000000000e+00
3.51963695400000e+02 0.00000000000000e+00
3.52037249800000e+02 0.00000000000000e+00
3.52110789400000e+02 0.00000000000000e+00
3.52184314300000e+02 0.00000000000000e+00
3.52257824500000e+02 0.00000000000000e+00
3.52331320000000e+02 0.00000000000000e+00
3.52404800700000e+02 0.00000000000000e+00
3.52478266700000e+02 0.00000000000000e+00
3.52551717900000e+02 0.00000000000000e+00
3.52625154400000e+02 0.00000000000000e+00
3.52698576000000e+02 0.00000000000000e+00
3.52771983000000e+02 0.00000000000000e+00
3.52845375100000e+02 0.00000000000000e+00
3.52918752500000e+02 0.00000000000000e+00
3.52992115100000e+02 0.00000000000000e+00
3.53065462900000e+02 0.00000000000000e+00
3.53138795900000e+02 0.00000000000000e+00
3.53212114100000e+02 0.00000000000000e+00
3.53285417500000e+02 0.00000000000000e+00
3.53358706100000e+02 0.00000000000000e+00
3.53431979900000e+02 0.00000000000000e+00
3.53505238800000e+02 0.00000000000000e+00
3.53578482900000e+02 0.00000000000000e+00
3.53651712200000e+02 0.00000000000000e+00
3.53724926700000e+02 0.00000000000000e+00
3.53798126300000e+02 0.00000000000000e+00
3.53871311100000e+02 0.00000000000000e+00
3.53944481000000e+02 0.00000000000000e+00
3.54017636100000e+02 0.00000000000000e+00
3.54090776300000e+02 0.00000000000000e+00
3.54163901700000e+02 0.00000000000000e+00
3.54237012100000e+02 0.00000000000000e+00
3.54310107700000e+02 0.00000000000000e+00
3.54383188500000e+02 0.00000000000000e+00
3.54456254300000e+02 0.00000000000000e+00
3.54529305200000e+02 0.00000000000000e+00
3.54602341300000e+02 0.00000000000000e+00
3.54675362400000e+02 0.00000000000000e+00
3.54748368600000e+02 0.00000000000000e+00
3.54821359900000e+02 0.00000000000000e+00
3.54894336300000e+02 0.00000000000000e+00
3.54967297800000e+02 0.00000000000000e+00
3.55040244400000e+02 0.00000000000000e+00
3.55113176000000e+02 0.00000000000000e+00
3.55186092600000e+02 0.00000000000000e+00
3.55258994400000e+02 0.00000000000000e+00
3.55331881200000e+02 0.00000000000000e+00
3.55404753000000e+02 0.00000000000000e+00
3.55477609900000e+02 0.00000000000000e+00
3.55550451800000e+02 0.00000000000000e+00
3.55623278700000e+02 0.00000000000000e+00
3.55696090700000e+02 0.00000000000000e+00
3.55768887600000e+02 0.00000000000000e+00
3.55841669600000e+02 0.00000000000000e+00
3.55914436600000e+02 0.00000000000000e+00
3.55987188600000e+02 0.00000000000000e+00
3.56059925600000e+02 0.00000000000000e+00
3.56132647700000e+02 0.00000000000000e+00
3.56205354600000e+02 0.00000000000000e+00
3.56278046600000e+02 0.00000000000000e+00
3.56350723600000e+02 0.00000000000000e+00
3.56423385500000e+02 0.00000000000000e+00
3.56496032400000e+02 0.00000000000000e+00
3.56568664300000e+02 0.00000000000000e+00
3.56641281100000e+02 0.00000000000000e+00
3.56713882900000e+02 0.00000000000000e+00
3.56786469600000e+02 0.00000000000000e+00
3.56859041200000e+02 0.00000000000000e+00
3.56931597800000e+02 0.00000000000000e+00
3.57004139400000e+02 0.00000000000000e+00
3.57076665800000e+02 0.00000000000000e+00
3.57149177200000e+02 0.00000000000000e+00
3.57221673500000e+02 0.00000000000000e+00
3.57294154700000e+02 0.00000000000000e+00
3.57366620800000e+02 0.00000000000000e+00
3.57439071900000e+02 0.00000000000000e+00
3.57511507800000e+02 0.00000000000000e+00
3.57583928600000e+02 0.00000000000000e+00
3.57656334300000e+02 0.00000000000000e+00
3.57728724900000e+02 0.00000000000000e+00
3.57801100300000e+02 0.00000000000000e+00
3.57873460600000e+02 0.00000000000000e+00
3.57945805800000e+02 0.00000000000000e+00
3.58018135900000e+02 0.00000000000000e+00
3.58090450800000e+02 0.00000000000000e+00
3.58162750500000e+02 0.00000000000000e+00
3.58235035100000e+02 0.00000000000000e+00
3.58307304500000e+02 0.00000000000000e+00
3.58379558800000e+02 0.00000000000000e+00
3.58451797900000e+02 0.00000000000000e+00
3.58524021800000e+02 0.00000000000000e+00
3.58596230600000e+02 0.00000000000000e+00
3.58668424100000e+02 0.00000000000000e+00
3.58740602500000e+02 0.00000000000000e+00
3.58812765700000e+02 0.00000000000000e+00
3.58884913600000e+02 0.00000000000000e+00
3.58957046400000e+02 0.00000000000000e+00
3.59029163900000e+02 0.00000000000000e+00
3.59101266300000e+02 0.00000000000000e+00
3.59173353400000e+02 0.00000000000000e+00
3.59245425300000e+02 0.00000000000000e+00
3.59317481900000e+02 0.00000000000000e+00
3.59389523300000e+02 0.00000000000000e+00
3.59461549500000e+02 0.00000000000000e+00
3.59533560400000e+02 0.00000000000000e+00
3.59605556100000e+02 0.00000000000000e+00
3.59677536500000e+02 0.00000000000000e+00
3.59749501600000e+02 0.00000000000000e+00
3.59821451500000e+02 0.00000000000000e+00
3.59893386100000e+02 0.00000000000000e+00
3.59965305400000e+02 0.00000000000000e+00
3.60037209500000e+02 0.00000000000000e+00
3.60109098200000e+02 0.00000000000000e+00
3.60180971700000e+02 0.00000000000000e+00
3.60252829800000e+02 0.00000000000000e+00
3.60324672700000e+02 0.00000000000000e+00
3.60396500200000e+02 0.00000000000000e+00
3.60468312500000e+02 0.00000000000000e+00
3.60540109400000e+02 0.00000000000000e+00
3.60611890900000e+02 0.00000000000000e+00
3.60683657200000e+02 0.00000000000000e+00
3.60755408100000e+02 0.00000000000000e+00
3.60827143700000e+02 0.00000000000000e+00
3.60898863900000e+02 0.00000000000000e+00
3.60970568800000e+02 0.00000000000000e+00
3.61042258300000e+02 0.00000000000000e+00
3.61113932500000e+02 0.00000000000000e+00
3.61185591300000e+02 0.00000000000000e+00
3.61257234700000e+02 0.00000000000000e+00
3.61328862700000e+02 0.00000000000000e+00
3.61400475400000e+02 0.00000000000000e+00
3.61472072600000e+02 0.00000000000000e+00
3.61543654500000e+02 0.00000000000000e+00
3.61615221000000e+02 0.00000000000000e+00
3.61686772100000e+02 0.00000000000000e+00
3.61758307800000e+02 0.00000000000000e+00
3.61829828000000e+02 0.00000000000000e+00
3.61901332900000e+02 0.00000000000000e+00
3.61972822300000e+02 0.00000000000000e+00
3.62044296300000e+02 0.00000000000000e+00
3.62115754800000e+02 0.00000000000000e+00
3.62187197900000e+02 0.00000000000000e+00
3.62258625600000e+02 0.00000000000000e+00
3.62330037800000e+02 0.00000000000000e+00
3.62401434600000e+02 0.00000000000000e+00
3.62472815900000e+02 0.00000000000000e+00
3.62544181800000e+02 0.00000000000000e+00
3.62615532100000e+02 0.00000000000000e+00
3.62686867000000e+02 0.00000000000000e+00
3.62758186500000e+02 0.00000000000000e+00
3.62829490400000e+02 0.00000000000000e+00
3.62900778800000e+02 0.00000000000000e+00
3.62972051800000e+02 0.00000000000000e+00
3.63043309200000e+02 0.00000000000000e+00
3.63114551200000e+02 0.00000000000000e+00
3.63185777600000e+02 0.00000000000000e+00
3.63256988500000e+02 0.00000000000000e+00
3.63328183900000e+02 0.00000000000000e+00
3.63399363800000e+02 0.00000000000000e+00
3.63470528100000e+02 0.00000000000000e+00
3.63541676900000e+02 0.00000000000000e+00
3.63612810200000e+02 0.00000000000000e+00
3.63683927900000e+02 0.00000000000000e+00
3.63755030000000e+02 0.00000000000000e+00
3.63826116600000e+02 0.00000000000000e+00
3.63897187700000e+02 0.00000000000000e+00
3.63968243100000e+02 0.00000000000000e+00
3.64039283000000e+02 0.00000000000000e+00
3.64110307300000e+02 0.00000000000000e+00
3.64181316100000e+02 0.00000000000000e+00
3.64252309200000e+02 0.00000000000000e+00
3.64323286800000e+02 0.00000000000000e+00
3.64394248700000e+02 0.00000000000000e+00
3.64465195100000e+02 0.00000000000000e+00
3.64536125800000e+02 0.00000000000000e+00
3.64607040900000e+02 0.00000000000000e+00
3.64677940400000e+02 0.00000000000000e+00
3.64748824300000e+02 0.00000000000000e+00
3.64819692600000e+02 0.00000000000000e+00
3.64890545200000e+02 0.00000000000000e+00
3.64961382200000e+02 0.00000000000000e+00
3.65032203500000e+02 0.00000000000000e+00
3.65103009200000e+02 0.00000000000000e+00
3.65173799200000e+02 0.00000000000000e+00
3.65244573600000e+02 0.00000000000000e+00
3.65315332300000e+02 0.00000000000000e+00
3.65386075300000e+02 0.00000000000000e+00
3.65456802700000e+02 0.00000000000000e+00
3.65527514300000e+02 0.00000000000000e+00
3.65598210300000e+02 0.00000000000000e+00
3.65668890600000e+02 0.00000000000000e+00
3.65739555200000e+02 0.00000000000000e+00
3.65810204100000e+02 0.00000000000000e+00
3.65880837300000e+02 0.00000000000000e+00
3.65951454800000e+02 0.00000000000000e+00
3.66022056500000e+02 0.00000000000000e+00
3.66092642600000e+02 0.00000000000000e+00
3.66163212900000e+02 0.00000000000000e+00
3.66233767400000e+02 0.00000000000000e+00
3.66304306300000e+02 0.00000000000000e+00
3.66374829400000e+02 0.00000000000000e+00
3.66445336700000e+02 0.00000000000000e+00
3.66515828300000e+02 0.00000000000000e+00
3.66586304100000e+02 0.00000000000000e+00
3.66656764200000e+02 0.00000000000000e+00
3.66727208500000e+02 0.00000000000000e+00
3.66797637000000e+02 0.00000000000000e+00
3.66868049800000e+02 0.00000000000000e+00
3.66938446700000e+02 0.00000000000000e+00
3.67008827900000e+02 0.00000000000000e+00
3.67079193300000e+02 0.00000000000000e+00
3.67149542900000e+02 0.00000000000000e+00
3.67219876600000e+02 0.00000000000000e+00
3.67290194600000e+02 0.00000000000000e+00
3.67360496700000e+02 0.00000000000000e+00
3.67430783100000e+02 0.00000000000000e+00
3.67501053600000e+02 0.00000000000000e+00
3.67571308200000e+02 0.00000000000000e+00
3.67641547100000e+02 0.00000000000000e+00
3.67711770100000e+02 0.00000000000000e+00
3.67781977200000e+02 0.00000000000000e+00
3.67852168500000e+02 0.00000000000000e+00
3.67922344000000e+02 0.00000000000000e+00
3.67992503500000e+02 0.00000000000000e+00
3.68062647200000e+02 0.00000000000000e+00
3.68132775100000e+02 0.00000000000000e+00
3.68202887000000e+02 0.00000000000000e+00
3.68272983100000e+02 0.00000000000000e+00
3.68343063300000e+02 0.00000000000000e+00
3.68413127600000e+02 0.00000000000000e+00
3.68483176000000e+02 0.00000000000000e+00
3.68553208500000e+02 0.00000000000000e+00
3.68623225100000e+02 0.00000000000000e+00
3.68693225800000e+02 0.00000000000000e+00
3.68763210500000e+02 0.00000000000000e+00
3.68833179300000e+02 0.00000000000000e+00
3.68903132200000e+02 0.00000000000000e+00
3.68973069200000e+02 0.00000000000000e+00
3.69042990200000e+02 0.00000000000000e+00
3.69112895300000e+02 0.00000000000000e+00
3.69182784500000e+02 0.00000000000000e+00
3.69252657700000e+02 0.00000000000000e+00
3.69322514900000e+02 0.00000000000000e+00
3.69392356100000e+02 0.00000000000000e+00
3.69462181400000e+02 0.00000000000000e+00
3.69531990700000e+02 0.00000000000000e+00
3.69601784100000e+02 0.00000000000000e+00
3.69671561400000e+02 0.00000000000000e+00
3.69741322800000e+02 0.00000000000000e+00
3.69811068100000e+02 0.00000000000000e+00
3.69880797500000e+02 0.00000000000000e+00
3.69950510800000e+02 0.00000000000000e+00
3.70020208200000e+02 0.00000000000000e+00
3.70089889500000e+02 0.00000000000000e+00
3.70159554800000e+02 0.00000000000000e+00
3.70229204100000e+02 0.00000000000000e+00
3.70298837300000e+02 0.00000000000000e+00
3.70368454500000e+02 0.00000000000000e+00
3.70438055700000e+02 0.00000000000000e+00
3.70507640800000e+02 0.00000000000000e+00
3.70577209900000e+02 0.00000000000000e+00
3.70646762900000e+02 0.00000000000000e+00
3.70716299800000e+02 0.00000000000000e+00
3.70785820700000e+02 0.00000000000000e+00
3.70855325500000e+02 0.00000000000000e+00
3.70924814200000e+02 0.00000000000000e+00
3.70994286800000e+02 0.00000000000000e+00
3.71063743400000e+02 0.00000000000000e+00
3.71133183900000e+02 0.00000000000000e+00
3.71202608200000e+02 0.00000000000000e+00
3.71272016500000e+02 0.00000000000000e+00
3.71341408600000e+02 0.00000000000000e+00
3.71410784600000e+02 0.00000000000000e+00
3.71480144500000e+02 0.00000000000000e+00
3.71549488300000e+02 0.00000000000000e+00
3.71618816000000e+02 0.00000000000000e+00
3.71688127500000e+02 0.00000000000000e+00
3.71757422900000e+02 0.00000000000000e+00
3.71826702100000e+02 0.00000000000000e+00
3.71895965200000e+02 0.00000000000000e+00
3.71965212100000e+02 0.00000000000000e+00
3.72034442900000e+02 0.00000000000000e+00
3.72103657500000e+02 0.00000000000000e+00
3.72172855900000e+02 0.00000000000000e+00
3.72242038200000e+02 0.00000000000000e+00
3.72311204200000e+02 0.00000000000000e+00
3.72380354100000e+02 0.00000000000000e+00
3.72449487800000e+02 0.00000000000000e+00
3.72518605300000e+02 0.00000000000000e+00
3.72587706600000e+02 0.00000000000000e+00
3.72656791700000e+02 0.00000000000000e+00
3.72725860600000e+02 0.00000000000000e+00
3.72794913200000e+02 0.00000000000000e+00
3.72863949700000e+02 0.00000000000000e+00
3.72932969900000e+02 0.00000000000000e+00
3.73001973800000e+02 0.00000000000000e+00
3.73070961600000e+02 0.00000000000000e+00
3.73139933100000e+02 0.00000000000000e+00
3.73208888300000e+02 0.00000000000000e+00
3.73277827300000e+02 0.00000000000000e+00
3.73346750000000e+02 0.00000000000000e+00
3.73415656500000e+02 0.00000000000000e+00
3.73484546700000e+02 0.00000000000000e+00
3.73553420600000e+02 0.00000000000000e+00
3.73622278200000e+02 0.00000000000000e+00
3.73691119600000e+02 0.00000000000000e+00
3.73759944700000e+02 0.00000000000000e+00
3.73828753400000e+02 0.00000000000000e+00
3.73897545900000e+02 0.00000000000000e+00
3.73966322100000e+02 0.00000000000000e+00
3.74035081900000e+02 0.00000000000000e+00
3.74103825500000e+02 0.00000000000000e+00
3.74172552700000e+02 0.00000000000000e+00
3.74241263600000e+02 0.00000000000000e+00
3.74309958100000e+02 0.00000000000000e+00
3.74378636400000e+02 0.00000000000000e+00
3.74447298200000e+02 0.00000000000000e+00
3.74515943800000e+02 0.00000000000000e+00
3.74584573000000e+02 0.00000000000000e+00
3.74653185800000e+02 0.00000000000000e+00
3.74721782300000e+02 0.00000000000000e+00
3.74790362400000e+02 0.00000000000000e+00
3.74858926100000e+02 0.00000000000000e+00
3.74927473400000e+02 0.00000000000000e+00
3.74996004400000e+02 0.00000000000000e+00
3.75064519000000e+02 0.00000000000000e+00
3.75133017200000e+02 0.00000000000000e+00
3.75201498900000e+02 0.00000000000000e+00
3.75269964300000e+02 0.00000000000000e+00
3.75338413300000e+02 0.00000000000000e+00
3.75406845900000e+02 0.00000000000000e+00
3.75475262000000e+02 0.00000000000000e+00
3.75543661700000e+02 0.00000000000000e+00
3.75612045000000e+02 0.00000000000000e+00
3.75680411900000e+02 0.00000000000000e+00
3.75748762300000e+02 0.00000000000000e+00
3.75817096200000e+02 0.00000000000000e+00
3.75885413800000e+02 0.00000000000000e+00
3.75953714800000e+02 0.00000000000000e+00
3.76021999400000e+02 0.00000000000000e+00
3.76090267600000e+02 0.00000000000000e+00
3.76158519300000e+02 0.00000000000000e+00
3.76226754400000e+02 0.00000000000000e+00
3.76294973200000e+02 0.00000000000000e+00
3.76363175400000e+02 0.00000000000000e+00
3.76431361100000e+02 0.00000000000000e+00
3.76499530400000e+02 0.00000000000000e+00
3.76567683100000e+02 0.00000000000000e+00
3.76635819300000e+02 0.00000000000000e+00
3.76703939100000e+02 0.00000000000000e+00
3.76772042300000e+02 0.00000000000000e+00
3.76840128900000e+02 0.00000000000000e+00
3.76908199100000e+02 0.00000000000000e+00
3.76976252700000e+02 0.00000000000000e+00
3.77044289800000e+02 0.00000000000000e+00
3.77112310400000e+02 0.00000000000000e+00
3.77180314300000e+02 0.00000000000000e+00
3.77248301800000e+02 0.00000000000000e+00
3.77316272700000e+02 0.00000000000000e+00
3.77384227000000e+02 0.00000000000000e+00
3.77452164700000e+02 0.00000000000000e+00
3.77520085900000e+02 0.00000000000000e+00
3.77587990500000e+02 0.00000000000000e+00
3.77655878500000e+02 0.00000000000000e+00
3.77723750000000e+02 0.00000000000000e+00
3.77791604800000e+02 0.00000000000000e+00
3.77859443000000e+02 0.00000000000000e+00
3.77927264700000e+02 0.00000000000000e+00
3.77995069700000e+02 0.00000000000000e+00
3.78062858100000e+02 0.00000000000000e+00
3.78130629900000e+02 0.00000000000000e+00
3.78198385000000e+02 0.00000000000000e+00
3.78266123600000e+02 0.00000000000000e+00
3.78333845400000e+02 0.00000000000000e+00
3.78401550700000e+02 0.00000000000000e+00
3.78469239300000e+02 0.00000000000000e+00
3.78536911300000e+02 0.00000000000000e+00
3.78604566600000e+02 0.00000000000000e+00
3.78672205200000e+02 0.00000000000000e+00
3.78739827200000e+02 0.00000000000000e+00
3.78807432500000e+02 0.00000000000000e+00
3.78875021100000e+02 0.00000000000000e+00
3.78942593000000e+02 0.00000000000000e+00
3.79010148300000e+02 0.00000000000000e+00
3.79077686900000e+02 0.00000000000000e+00
3.79145208700000e+02 0.00000000000000e+00
3.79212713900000e+02 0.00000000000000e+00
3.79280202300000e+02 0.00000000000000e+00
3.79347674100000e+02 0.00000000000000e+00
3.79415129100000e+02 0.00000000000000e+00
3.79482567400000e+02 0.00000000000000e+00
3.79549989000000e+02 0.00000000000000e+00
3.79617393800000e+02 0.00000000000000e+00
3.79684781900000e+02 0.00000000000000e+00
3.79752153300000e+02 0.00000000000000e+00
3.79819507900000e+02 0.00000000000000e+00
3.79886845700000e+02 0.00000000000000e+00
3.79954166800000e+02 0.00000000000000e+00
3.80021471200000e+02 0.00000000000000e+00
3.80088758700000e+02 0.00000000000000e+00
3.80156029500000e+02 0.00000000000000e+00
3.80223283500000e+02 0.00000000000000e+00
3.80290520700000e+02 0.00000000000000e+00
3.80357741200000e+02 0.00000000000000e+00
3.80424944800000e+02 0.00000000000000e+00
3.80492131600000e+02 0.00000000000000e+00
3.80559301700000e+02 0.00000000000000e+00
3.80626454900000e+02 0.00000000000000e+00
3.80693591300000e+02 0.00000000000000e+00
3.80760710900000e+02 0.00000000000000e+00
3.80827813600000e+02 0.00000000000000e+00
3.80894899600000e+02 0.00000000000000e+00
3.80961968600000e+02 0.00000000000000e+00
3.81029020900000e+02 0.00000000000000e+00
3.81096056300000e+02 0.00000000000000e+00
3.81163074800000e+02 0.00000000000000e+00
3.81230076500000e+02 0.00000000000000e+00
3.81297061300000e+02 0.00000000000000e+00
3.81364029300000e+02 0.00000000000000e+00
3.81430980400000e+02 0.00000000000000e+00
3.81497914600000e+02 0.00000000000000e+00
3.81564831900000e+02 0.00000000000000e+00
3.81631732400000e+02 0.00000000000000e+00
3.81698615900000e+02 0.00000000000000e+00
3.81765482600000e+02 0.00000000000000e+00
3.81832332300000e+02 0.00000000000000e+00
3.81899165100000e+02 0.00000000000000e+00
3.81965981000000e+02 0.00000000000000e+00
3.82032780000000e+02 0.00000000000000e+00
3.82099562100000e+02 0.00000000000000e+00
3.82166327300000e+02 0.00000000000000e+00
3.82233075500000e+02 0.00000000000000e+00
3.82299806800000e+02 0.00000000000000e+00
3.82366521100000e+02 0.00000000000000e+00
3.82433218500000e+02 0.00000000000000e+00
3.82499898900000e+02 0.00000000000000e+00
3.82566562300000e+02 0.00000000000000e+00
3.82633208800000e+02 0.00000000000000e+00
3.82699838400000e+02 0.00000000000000e+00
3.82766450900000e+02 0.00000000000000e+00
3.82833046500000e+02 0.00000000000000e+00
3.82899625100000e+02 0.00000000000000e+00
3.82966186600000e+02 0.00000000000000e+00
3.83032731200000e+02 0.00000000000000e+00
3.83099258800000e+02 0.00000000000000e+00
3.83165769400000e+02 0.00000000000000e+00
3.83232263000000e+02 0.00000000000000e+00
3.83298739500000e+02 0.00000000000000e+00
3.83365199100000e+02 0.00000000000000e+00
3.83431641600000e+02 0.00000000000000e+00
3.83498067100000e+02 0.00000000000000e+00
3.83564475500000e+02 0.00000000000000e+00
3.83630866900000e+02 0.00000000000000e+00
3.83697241200000e+02 0.00000000000000e+00
3.83763598500000e+02 0.00000000000000e+00
3.83829938800000e+02 0.00000000000000e+00
3.83896261900000e+02 0.00000000000000e+00
3.83962568000000e+02 0.00000000000000e+00
3.84028857100000e+02 0.00000000000000e+00
3.84095129000000e+02 0.00000000000000e+00
3.84161383900000e+02 0.00000000000000e+00
3.84227621600000e+02 0.00000000000000e+00
3.84293842300000e+02 0.00000000000000e+00
3.84360045900000e+02 0.00000000000000e+00
3.84426232400000e+02 0.00000000000000e+00
3.84492401700000e+02 0.00000000000000e+00
3.84558554000000e+02 0.00000000000000e+00
3.84624689100000e+02 0.00000000000000e+00
3.84690807100000e+02 0.00000000000000e+00
3.84756908000000e+02 0.00000000000000e+00
3.84822991700000e+02 0.00000000000000e+00
3.84889058300000e+02 0.00000000000000e+00
3.84955107800000e+02 0.00000000000000e+00
3.85021140100000e+02 0.00000000000000e+00
3.85087155200000e+02 0.00000000000000e+00
3.85153153200000e+02 0.00000000000000e+00
3.85219134000000e+02 0.00000000000000e+00
3.85285097700000e+02 0.00000000000000e+00
3.85351044100000e+02 0.00000000000000e+00
3.85416973400000e+02 0.00000000000000e+00
3.85482885500000e+02 0.00000000000000e+00
3.85548780400000e+02 0.00000000000000e+00
3.85614658100000e+02 0.00000000000000e+00
3.85680518600000e+02 0.00000000000000e+00
3.85746361900000e+02 0.00000000000000e+00
3.85812188000000e+02 0.00000000000000e+00
3.85877996900000e+02 0.00000000000000e+00
3.85943788500000e+02 0.00000000000000e+00
3.86009562900000e+02 0.00000000000000e+00
3.86075320100000e+02 0.00000000000000e+00
3.86141060100000e+02 0.00000000000000e+00
3.86206782800000e+02 0.00000000000000e+00
3.86272488200000e+02 0.00000000000000e+00
3.86338176400000e+02 0.00000000000000e+00
3.86403847300000e+02 0.00000000000000e+00
3.86469501000000e+02 0.00000000000000e+00
3.86535137400000e+02 0.00000000000000e+00
3.86600756500000e+02 0.00000000000000e+00
3.86666358400000e+02 0.00000000000000e+00
3.86731942900000e+02 0.00000000000000e+00
3.86797510200000e+02 0.00000000000000e+00
3.86863060200000e+02 0.00000000000000e+00
3.86928592800000e+02 0.00000000000000e+00
3.86994108200000e+02 0.00000000000000e+00
3.87059606200000e+02 0.00000000000000e+00
3.87125087000000e+02 0.00000000000000e+00
3.87190550400000e+02 0.00000000000000e+00
3.87255996500000e+02 0.00000000000000e+00
3.87321425200000e+02 0.00000000000000e+00
3.87386836700000e+02 0.00000000000000e+00
3.87452230700000e+02 0.00000000000000e+00
3.87517607500000e+02 0.00000000000000e+00
3.87582966900000e+02 0.00000000000000e+00
3.87648308900000e+02 0.00000000000000e+00
3.87713633500000e+02 0.00000000000000e+00
3.87778940800000e+02 0.00000000000000e+00
3.87844230700000e+02 0.00000000000000e+00
3.87909503300000e+02 0.00000000000000e+00
3.87974758400000e+02 0.00000000000000e+00
3.88039996200000e+02 0.00000000000000e+00
3.88105216600000e+02 0.00000000000000e+00
3.88170419600000e+02 0.00000000000000e+00
3.88235605100000e+02 0.00000000000000e+00
3.88300773300000e+02 0.00000000000000e+00
3.88365924000000e+02 0.00000000000000e+00
3.88431057400000e+02 0.00000000000000e+00
3.88496173300000e+02 0.00000000000000e+00
3.88561271700000e+02 0.00000000000000e+00
3.88626352800000e+02 0.00000000000000e+00
3.88691416400000e+02 0.00000000000000e+00
3.88756462500000e+02 0.00000000000000e+00
3.88821491200000e+02 0.00000000000000e+00
3.88886502500000e+02 0.00000000000000e+00
3.88951496300000e+02 0.00000000000000e+00
3.89016472600000e+02 0.00000000000000e+00
3.89081431400000e+02 0.00000000000000e+00
3.89146372800000e+02 0.00000000000000e+00
3.89211296700000e+02 0.00000000000000e+00
3.89276203100000e+02 0.00000000000000e+00
3.89341092000000e+02 0.00000000000000e+00
3.89405963500000e+02 0.00000000000000e+00
3.89470817400000e+02 0.00000000000000e+00
3.89535653800000e+02 0.00000000000000e+00
3.89600472700000e+02 0.00000000000000e+00
3.89665274100000e+02 0.00000000000000e+00
3.89730057900000e+02 0.00000000000000e+00
3.89794824200000e+02 0.00000000000000e+00
3.89859573000000e+02 0.00000000000000e+00
3.89924304300000e+02 0.00000000000000e+00
3.89989018000000e+02 0.00000000000000e+00
3.90053714200000e+02 0.00000000000000e+00
3.90118392800000e+02 0.00000000000000e+00
3.90183053800000e+02 0.00000000000000e+00
3.90247697300000e+02 0.00000000000000e+00
3.90312323300000e+02 0.00000000000000e+00
3.90376931600000e+02 0.00000000000000e+00
3.90441522400000e+02 0.00000000000000e+00
3.90506095600000e+02 0.00000000000000e+00
3.90570651100000e+02 0.00000000000000e+00
3.90635189100000e+02 0.00000000000000e+00
3.90699709500000e+02 0.00000000000000e+00
3.90764212300000e+02 0.00000000000000e+00
3.90828697500000e+02 0.00000000000000e+00
3.90893165100000e+02 0.00000000000000e+00
3.90957615000000e+02 0.00000000000000e+00
3.91022047400000e+02 0.00000000000000e+00
3.91086462000000e+02 0.00000000000000e+00
3.91150859100000e+02 0.00000000000000e+00
3.91215238500000e+02 0.00000000000000e+00
3.91279600300000e+02 0.00000000000000e+00
3.91343944400000e+02 0.00000000000000e+00
3.91408270900000e+02 0.00000000000000e+00
3.91472579700000e+02 0.00000000000000e+00
3.91536870800000e+02 0.00000000000000e+00
3.91601144200000e+02 0.00000000000000e+00
3.91665400000000e+02 0.00000000000000e+00
3.91729638100000e+02 0.00000000000000e+00
3.91793858500000e+02 0.00000000000000e+00
3.91858061200000e+02 0.00000000000000e+00
3.91922246300000e+02 0.00000000000000e+00
3.91986413600000e+02 0.00000000000000e+00
3.92050563200000e+02 0.00000000000000e+00
3.92114695100000e+02 0.00000000000000e+00
3.92178809300000e+02 0.00000000000000e+00
3.92242905700000e+02 0.00000000000000e+00
3.92306984400000e+02 0.00000000000000e+00
3.92371045400000e+02 0.00000000000000e+00
3.92435088700000e+02 0.00000000000000e+00
3.92499114200000e+02 0.00000000000000e+00
3.92563121900000e+02 0.00000000000000e+00
3.92627111900000e+02 0.00000000000000e+00
3.92691084200000e+02 0.00000000000000e+00
3.92755038700000e+02 0.00000000000000e+00
3.92818975400000e+02 0.00000000000000e+00
3.92882894300000e+02 0.00000000000000e+00
3.92946795500000e+02 0.00000000000000e+00
3.93010678800000e+02 0.00000000000000e+00
3.93074544400000e+02 0.00000000000000e+00
3.93138392200000e+02 0.00000000000000e+00
3.93202222200000e+02 0.00000000000000e+00
3.93266034300000e+02 0.00000000000000e+00
3.93329828700000e+02 0.00000000000000e+00
3.93393605200000e+02 0.00000000000000e+00
3.93457363900000e+02 0.00000000000000e+00
3.93521104800000e+02 0.00000000000000e+00
3.93584827900000e+02 0.00000000000000e+00
3.93648533100000e+02 0.00000000000000e+00
3.93712220500000e+02 0.00000000000000e+00
3.93775890000000e+02 0.00000000000000e+00
3.93839541700000e+02 0.00000000000000e+00
3.93903175600000e+02 0.00000000000000e+00
3.93966791500000e+02 0.00000000000000e+00
3.94030389600000e+02 0.00000000000000e+00
3.94093969800000e+02 0.00000000000000e+00
3.94157532200000e+02 0.00000000000000e+00
3.94221076600000e+02 0.00000000000000e+00
3.94284603200000e+02 0.00000000000000e+00
3.94348111900000e+02 0.00000000000000e+00
3.94411602700000e+02 0.00000000000000e+00
3.94475075500000e+02 0.00000000000000e+00
3.94538530500000e+02 0.00000000000000e+00
3.94601967500000e+02 0.00000000000000e+00
3.94665386700000e+02 0.00000000000000e+00
3.94728787900000e+02 0.00000000000000e+00
3.94792171100000e+02 0.00000000000000e+00
3.94855536500000e+02 0.00000000000000e+00
3.94918883900000e+02 0.00000000000000e+00
3.94982213300000e+02 0.00000000000000e+00
3.95045524800000e+02 0.00000000000000e+00
3.95108818400000e+02 0.00000000000000e+00
3.95172094000000e+02 0.00000000000000e+00
3.95235351600000e+02 0.00000000000000e+00
3.95298591200000e+02 0.00000000000000e+00
3.95361812900000e+02 0.00000000000000e+00
3.95425016600000e+02 0.00000000000000e+00
3.95488202300000e+02 0.00000000000000e+00
3.95551370000000e+02 0.00000000000000e+00
3.95614519700000e+02 0.00000000000000e+00
3.95677651400000e+02 0.00000000000000e+00
3.95740765100000e+02 0.00000000000000e+00
3.95803860800000e+02 0.00000000000000e+00
3.95866938500000e+02 0.00000000000000e+00
3.95929998200000e+02 0.00000000000000e+00
3.95993039800000e+02 0.00000000000000e+00
3.96056063400000e+02 0.00000000000000e+00
3.96119068900000e+02 0.00000000000000e+00
3.96182056400000e+02 0.00000000000000e+00
3.96245025900000e+02 0.00000000000000e+00
3.96307977300000e+02 0.00000000000000e+00
3.96370910600000e+02 0.00000000000000e+00
3.96433825900000e+02 0.00000000000000e+00
3.96496723100000e+02 0.00000000000000e+00
3.96559602300000e+02 0.00000000000000e+00
3.96622463300000e+02 0.00000000000000e+00
3.96685306300000e+02 0.00000000000000e+00
3.96748131200000e+02 0.00000000000000e+00
3.96810938000000e+02 0.00000000000000e+00
3.96873726700000e+02 0.00000000000000e+00
3.96936497200000e+02 0.00000000000000e+00
3.96999249700000e+02 0.00000000000000e+00
3.97061984100000e+02 0.00000000000000e+00
3.97124700300000e+02 0.00000000000000e+00
3.97187398400000e+02 0.00000000000000e+00
3.97250078400000e+02 0.00000000000000e+00
3.97312740200000e+02 0.00000000000000e+00
3.97375383900000e+02 0.00000000000000e+00
3.97438009500000e+02 0.00000000000000e+00
3.97500616900000e+02 0.00000000000000e+00
3.97563206100000e+02 0.00000000000000e+00
3.97625777200000e+02 0.00000000000000e+00
3.97688330100000e+02 0.00000000000000e+00
3.97750864900000e+02 0.00000000000000e+00
3.97813381500000e+02 0.00000000000000e+00
3.97875879800000e+02 0.00000000000000e+00
3.97938360000000e+02 0.00000000000000e+00
3.98000822000000e+02 0.00000000000000e+00
3.98063265800000e+02 0.00000000000000e+00
3.98125691400000e+02 0.00000000000000e+00
3.98188098800000e+02 0.00000000000000e+00
3.98250488000000e+02 0.00000000000000e+00
3.98312859000000e+02 0.00000000000000e+00
3.98375211700000e+02 0.00000000000000e+00
3.98437546200000e+02 0.00000000000000e+00
3.98499862500000e+02 0.00000000000000e+00
3.98562160500000e+02 0.00000000000000e+00
3.98624440300000e+02 0.00000000000000e+00
3.98686701800000e+02 0.00000000000000e+00
3.98748945100000e+02 0.00000000000000e+00
3.98811170100000e+02 0.00000000000000e+00
3.98873376900000e+02 0.00000000000000e+00
3.98935565400000e+02 0.00000000000000e+00
3.98997735600000e+02 0.00000000000000e+00
3.99059887500000e+02 0.00000000000000e+00
3.99122021200000e+02 0.00000000000000e+00
3.99184136500000e+02 0.00000000000000e+00
3.99246233600000e+02 0.00000000000000e+00
3.99308312300000e+02 0.00000000000000e+00
3.99370372800000e+02 0.00000000000000e+00
3.99432414900000e+02 0.00000000000000e+00
3.99494438800000e+02 0.00000000000000e+00
3.99556444300000e+02 0.00000000000000e+00
3.99618431400000e+02 0.00000000000000e+00
3.99680400300000e+02 0.00000000000000e+00
3.99742350800000e+02 0.00000000000000e+00
3.99804282900000e+02 0.00000000000000e+00
3.99866196700000e+02 0.00000000000000e+00
3.99928092200000e+02 0.00000000000000e+00
3.99989969300000e+02 0.00000000000000e+00
4.00051828000000e+02 0.00000000000000e+00
4.00113668400000e+02 0.00000000000000e+00
4.00175490400000e+02 0.00000000000000e+00
4.00237294000000e+02 0.00000000000000e+00
4.00299079200000e+02 0.00000000000000e+00
4.00360846100000e+02 0.00000000000000e+00
4.00422594500000e+02 0.00000000000000e+00
4.00484324600000e+02 0.00000000000000e+00
4.00546036200000e+02 0.00000000000000e+00
4.00607729500000e+02 0.00000000000000e+00
4.00669404300000e+02 0.00000000000000e+00
4.00731060700000e+02 0.00000000000000e+00
4.00792698700000e+02 0.00000000000000e+00
4.00854318200000e+02 0.00000000000000e+00
4.00915919300000e+02 0.00000000000000e+00
4.00977502000000e+02 0.00000000000000e+00
4.01039066200000e+02 0.00000000000000e+00
4.01100612000000e+02 0.00000000000000e+00
4.01162139300000e+02 0.00000000000000e+00
4.01223648100000e+02 0.00000000000000e+00
4.01285138500000e+02 0.00000000000000e+00
4.01346610400000e+02 0.00000000000000e+00
4.01408063900000e+02 0.00000000000000e+00
4.01469498800000e+02 0.00000000000000e+00
4.01530915300000e+02 0.00000000000000e+00
4.01592313300000e+02 0.00000000000000e+00
4.01653692800000e+02 0.00000000000000e+00
4.01715053700000e+02 0.00000000000000e+00
4.01776396200000e+02 0.00000000000000e+00
4.01837720200000e+02 0.00000000000000e+00
4.01899025600000e+02 0.00000000000000e+00
4.01960312500000e+02 0.00000000000000e+00
4.02021580900000e+02 0.00000000000000e+00
4.02082830800000e+02 0.00000000000000e+00
4.02144062100000e+02 0.00000000000000e+00
4.02205274900000e+02 0.00000000000000e+00
4.02266469100000e+02 0.00000000000000e+00
4.02327644800000e+02 0.00000000000000e+00
4.02388801900000e+02 0.00000000000000e+00
4.02449940400000e+02 0.00000000000000e+00
4.02511060400000e+02 0.00000000000000e+00
4.02572161800000e+02 0.00000000000000e+00
4.02633244600000e+02 0.00000000000000e+00
4.02694308800000e+02 0.00000000000000e+00
4.02755354500000e+02 0.00000000000000e+00
4.02816381500000e+02 0.00000000000000e+00
4.02877390000000e+02 0.00000000000000e+00
4.02938379800000e+02 0.00000000000000e+00
4.02999351100000e+02 0.00000000000000e+00
4.03060303700000e+02 0.00000000000000e+00
4.03121237700000e+02 0.00000000000000e+00
4.03182153000000e+02 0.00000000000000e+00
4.03243049800000e+02 0.00000000000000e+00
4.03303927900000e+02 0.00000000000000e+00
4.03364787300000e+02 0.00000000000000e+00
4.03425628200000e+02 0.00000000000000e+00
4.03486450300000e+02 0.00000000000000e+00
4.03547253800000e+02 0.00000000000000e+00
4.03608038700000e+02 0.00000000000000e+00
4.03668804800000e+02 0.00000000000000e+00
4.03729552300000e+02 0.00000000000000e+00
4.03790281200000e+02 0.00000000000000e+00
4.03850991300000e+02 0.00000000000000e+00
4.03911682800000e+02 0.00000000000000e+00
4.03972355500000e+02 0.00000000000000e+00
4.04033009600000e+02 0.00000000000000e+00
4.04093644900000e+02 0.00000000000000e+00
4.04154261600000e+02 0.00000000000000e+00
4.04214859500000e+02 0.00000000000000e+00
4.04275438700000e+02 0.00000000000000e+00
4.04335999200000e+02 0.00000000000000e+00
4.04396541000000e+02 0.00000000000000e+00
4.04457064000000e+02 0.00000000000000e+00
4.04517568300000e+02 0.00000000000000e+00
4.04578053800000e+02 0.00000000000000e+00
4.04638520600000e+02 0.00000000000000e+00
4.04698968600000e+02 0.00000000000000e+00
4.04759397900000e+02 0.00000000000000e+00
4.04819808400000e+02 0.00000000000000e+00
4.04880200200000e+02 0.00000000000000e+00
4.04940573100000e+02 0.00000000000000e+00
4.05000927300000e+02 0.00000000000000e+00
4.05061262700000e+02 0.00000000000000e+00
4.05121579300000e+02 0.00000000000000e+00
4.05181877100000e+02 0.00000000000000e+00
4.05242156100000e+02 0.00000000000000e+00
4.05302416300000e+02 0.00000000000000e+00
4.05362657700000e+02 0.00000000000000e+00
4.05422880300000e+02 0.00000000000000e+00
4.05483084000000e+02 0.00000000000000e+00
4.05543268900000e+02 0.00000000000000e+00
4.05603435000000e+02 0.00000000000000e+00
4.05663582300000e+02 0.00000000000000e+00
4.05723710700000e+02 0.00000000000000e+00
4.05783820200000e+02 0.00000000000000e+00
4.05843910900000e+02 0.00000000000000e+00
4.05903982800000e+02 0.00000000000000e+00
4.05964035800000e+02 0.00000000000000e+00
4.06024069900000e+02 0.00000000000000e+00
4.06084085100000e+02 0.00000000000000e+00
4.06144081500000e+02 0.00000000000000e+00
4.06204059000000e+02 0.00000000000000e+00
4.06264017600000e+02 0.00000000000000e+00
4.06323957200000e+02 0.00000000000000e+00
4.06383878000000e+02 0.00000000000000e+00
4.06443779900000e+02 0.00000000000000e+00
4.06503662900000e+02 0.00000000000000e+00
4.06563527000000e+02 0.00000000000000e+00
4.06623372100000e+02 0.00000000000000e+00
4.06683198300000e+02 0.00000000000000e+00
4.06743005600000e+02 0.00000000000000e+00
4.06802794000000e+02 0.00000000000000e+00
4.06862563400000e+02 0.00000000000000e+00
4.06922313800000e+02 0.00000000000000e+00
4.06982045400000e+02 0.00000000000000e+00
4.07041757900000e+02 0.00000000000000e+00
4.07101451500000e+02 0.00000000000000e+00
4.07161126100000e+02 0.00000000000000e+00
4.07220781800000e+02 0.00000000000000e+00
4.07280418500000e+02 0.00000000000000e+00
4.07340036200000e+02 0.00000000000000e+00
4.07399634900000e+02 0.00000000000000e+00
4.07459214600000e+02 0.00000000000000e+00
4.07518775300000e+02 0.00000000000000e+00
4.07578317000000e+02 0.00000000000000e+00
4.07637839700000e+02 0.00000000000000e+00
4.07697343400000e+02 0.00000000000000e+00
4.07756828100000e+02 0.00000000000000e+00
4.07816293800000e+02 0.00000000000000e+00
4.07875740400000e+02 0.00000000000000e+00
4.07935168000000e+02 0.00000000000000e+00
4.07994576500000e+02 0.00000000000000e+00
4.08053966000000e+02 0.00000000000000e+00
4.08113336500000e+02 0.00000000000000e+00
4.08172687900000e+02 0.00000000000000e+00
4.08232020200000e+02 0.00000000000000e+00
4.08291333500000e+02 0.00000000000000e+00
4.08350627700000e+02 0.00000000000000e+00
4.08409902900000e+02 0.00000000000000e+00
4.08469158900000e+02 0.00000000000000e+00
4.08528395900000e+02 0.00000000000000e+00
4.08587613800000e+02 0.00000000000000e+00
4.08646812500000e+02 0.00000000000000e+00
4.08705992200000e+02 0.00000000000000e+00
4.08765152800000e+02 0.00000000000000e+00
4.08824294300000e+02 0.00000000000000e+00
4.08883416600000e+02 0.00000000000000e+00
4.08942519800000e+02 0.00000000000000e+00
4.09001603900000e+02 0.00000000000000e+00
4.09060668900000e+02 0.00000000000000e+00
4.09119714700000e+02 0.00000000000000e+00
4.09178741400000e+02 0.00000000000000e+00
4.09237749000000e+02 0.00000000000000e+00
4.09296737400000e+02 0.00000000000000e+00
4.09355706600000e+02 0.00000000000000e+00
4.09414656700000e+02 0.00000000000000e+00
4.09473587600000e+02 0.00000000000000e+00
4.09532499300000e+02 0.00000000000000e+00
4.09591391900000e+02 0.00000000000000e+00
4.09650265200000e+02 0.00000000000000e+00
4.09709119400000e+02 0.00000000000000e+00
4.09767954400000e+02 0.00000000000000e+00
4.09826770200000e+02 0.00000000000000e+00
4.09885566800000e+02 0.00000000000000e+00
4.09944344100000e+02 0.00000000000000e+00
4.10003102300000e+02 0.00000000000000e+00
4.10061841200000e+02 0.00000000000000e+00
4.10120560900000e+02 0.00000000000000e+00
4.10179261400000e+02 0.00000000000000e+00
4.10237942700000e+02 0.00000000000000e+00
4.10296604700000e+02 0.00000000000000e+00
4.10355247400000e+02 0.00000000000000e+00
4.10413871000000e+02 0.00000000000000e+00
4.10472475200000e+02 0.00000000000000e+00
4.10531060200000e+02 0.00000000000000e+00
4.10589625900000e+02 0.00000000000000e+00
4.10648172400000e+02 0.00000000000000e+00
4.10706699600000e+02 0.00000000000000e+00
4.10765207500000e+02 0.00000000000000e+00
4.10823696100000e+02 0.00000000000000e+00
4.10882165400000e+02 0.00000000000000e+00
4.10940615500000e+02 0.00000000000000e+00
4.10999046200000e+02 0.00000000000000e+00
4.11057457600000e+02 0.00000000000000e+00
4.11115849700000e+02 0.00000000000000e+00
4.11174222500000e+02 0.00000000000000e+00
4.11232576000000e+02 0.00000000000000e+00
4.11290910100000e+02 0.00000000000000e+00
4.11349224900000e+02 0.00000000000000e+00
4.11407520400000e+02 0.00000000000000e+00
4.11465796500000e+02 0.00000000000000e+00
4.11524053300000e+02 0.00000000000000e+00
4.11582290700000e+02 0.00000000000000e+00
4.11640508800000e+02 0.00000000000000e+00
4.11698707500000e+02 0.00000000000000e+00
4.11756886800000e+02 0.00000000000000e+00
4.11815046800000e+02 0.00000000000000e+00
4.11873187300000e+02 0.00000000000000e+00
4.11931308500000e+02 0.00000000000000e+00
4.11989410300000e+02 0.00000000000000e+00
4.12047492700000e+02 0.00000000000000e+00
4.12105555800000e+02 0.00000000000000e+00
4.12163599400000e+02 0.00000000000000e+00
4.12221623500000e+02 0.00000000000000e+00
4.12279628300000e+02 0.00000000000000e+00
4.12337613700000e+02 0.00000000000000e+00
4.12395579600000e+02 0.00000000000000e+00
4.12453526100000e+02 0.00000000000000e+00
4.12511453200000e+02 0.00000000000000e+00
4.12569360800000e+02 0.00000000000000e+00
4.12627249000000e+02 0.00000000000000e+00
4.12685117700000e+02 0.00000000000000e+00
4.12742967000000e+02 0.00000000000000e+00
4.12800796800000e+02 0.00000000000000e+00
4.12858607100000e+02 0.00000000000000e+00
4.12916398000000e+02 0.00000000000000e+00
4.12974169400000e+02 0.00000000000000e+00
4.13031921300000e+02 0.00000000000000e+00
4.13089653700000e+02 0.00000000000000e+00
4.13147366600000e+02 0.00000000000000e+00
4.13205060100000e+02 0.00000000000000e+00
4.13262734000000e+02 0.00000000000000e+00
4.13320388400000e+02 0.00000000000000e+00
4.13378023300000e+02 0.00000000000000e+00
4.13435638700000e+02 0.00000000000000e+00
4.13493234500000e+02 0.00000000000000e+00
4.13550810900000e+02 0.00000000000000e+00
4.13608367700000e+02 0.00000000000000e+00
4.13665904900000e+02 0.00000000000000e+00
4.13723422700000e+02 0.00000000000000e+00
4.13780920800000e+02 0.00000000000000e+00
4.13838399400000e+02 0.00000000000000e+00
4.13895858500000e+02 0.00000000000000e+00
4.13953298000000e+02 0.00000000000000e+00
4.14010717900000e+02 0.00000000000000e+00
4.14068118200000e+02 0.00000000000000e+00
4.14125499000000e+02 0.00000000000000e+00
4.14182860200000e+02 0.00000000000000e+00
4.14240201700000e+02 0.00000000000000e+00
4.14297523700000e+02 0.00000000000000e+00
4.14354826100000e+02 0.00000000000000e+00
4.14412108900000e+02 0.00000000000000e+00
4.14469372100000e+02 0.00000000000000e+00
4.14526615600000e+02 0.00000000000000e+00
4.14583839500000e+02 0.00000000000000e+00
4.14641043800000e+02 0.00000000000000e+00
4.14698228500000e+02 0.00000000000000e+00
4.14755393500000e+02 0.00000000000000e+00
4.14812538900000e+02 0.00000000000000e+00
4.14869664700000e+02 0.00000000000000e+00
4.14926770800000e+02 0.00000000000000e+00
4.14983857200000e+02 0.00000000000000e+00
4.15040924000000e+02 0.00000000000000e+00
4.15097971100000e+02 0.00000000000000e+00
4.15154998500000e+02 0.00000000000000e+00
4.15212006200000e+02 0.00000000000000e+00
4.15268994300000e+02 0.00000000000000e+00
4.15325962700000e+02 0.00000000000000e+00
4.15382911400000e+02 0.00000000000000e+00
4.15439840400000e+02 0.00000000000000e+00
4.15496749600000e+02 0.00000000000000e+00
4.15553639200000e+02 0.00000000000000e+00
4.15610509100000e+02 0.00000000000000e+00
4.15667359200000e+02 0.00000000000000e+00
4.15724189600000e+02 0.00000000000000e+00
4.15781000300000e+02 0.00000000000000e+00
4.15837791200000e+02 0.00000000000000e+00
4.15894562400000e+02 0.00000000000000e+00
4.15951313900000e+02 0.00000000000000e+00
4.16008045600000e+02 0.00000000000000e+00
4.16064757600000e+02 0.00000000000000e+00
4.16121449800000e+02 0.00000000000000e+00
4.16178122200000e+02 0.00000000000000e+00
4.16234774800000e+02 0.00000000000000e+00
4.16291407700000e+02 0.00000000000000e+00
4.16348020800000e+02 0.00000000000000e+00
4.16404614100000e+02 0.00000000000000e+00
4.16461187600000e+02 0.00000000000000e+00
4.16517741400000e+02 0.00000000000000e+00
4.16574275300000e+02 0.00000000000000e+00
4.16630789400000e+02 0.00000000000000e+00
4.16687283700000e+02 0.00000000000000e+00
4.16743758200000e+02 0.00000000000000e+00
4.16800212800000e+02 0.00000000000000e+00
4.16856647700000e+02 0.00000000000000e+00
4.16913062700000e+02 0.00000000000000e+00
4.16969457800000e+02 0.00000000000000e+00
4.17025833100000e+02 0.00000000000000e+00
4.17082188600000e+02 0.00000000000000e+00
4.17138524200000e+02 0.00000000000000e+00
4.17194840000000e+02 0.00000000000000e+00
4.17251135800000e+02 0.00000000000000e+00
4.17307411900000e+02 0.00000000000000e+00
4.17363668000000e+02 0.00000000000000e+00
4.17419904300000e+02 0.00000000000000e+00
4.17476120700000e+02 0.00000000000000e+00
4.17532317100000e+02 0.00000000000000e+00
4.17588493700000e+02 0.00000000000000e+00
4.17644650400000e+02 0.00000000000000e+00
4.17700787200000e+02 0.00000000000000e+00
4.17756904100000e+02 0.00000000000000e+00
4.17813001100000e+02 0.00000000000000e+00
4.17869078100000e+02 0.00000000000000e+00
4.17925135200000e+02 0.00000000000000e+00
4.17981172400000e+02 0.00000000000000e+00
4.18037189700000e+02 0.00000000000000e+00
4.18093187000000e+02 0.00000000000000e+00
4.18149164300000e+02 0.00000000000000e+00
4.18205121700000e+02 0.00000000000000e+00
4.18261059200000e+02 0.00000000000000e+00
4.18316976700000e+02 0.00000000000000e+00
4.18372874200000e+02 0.00000000000000e+00
4.18428751700000e+02 0.00000000000000e+00
4.18484609300000e+02 0.00000000000000e+00
4.18540446900000e+02 0.00000000000000e+00
4.18596264500000e+02 0.00000000000000e+00
4.18652062100000e+02 0.00000000000000e+00
4.18707839700000e+02 0.00000000000000e+00
4.18763597300000e+02 0.00000000000000e+00
4.18819334900000e+02 0.00000000000000e+00
4.18875052500000e+02 0.00000000000000e+00
4.18930750100000e+02 0.00000000000000e+00
4.18986427600000e+02 0.00000000000000e+00
4.19042085100000e+02 0.00000000000000e+00
4.19097722600000e+02 0.00000000000000e+00
4.19153340000000e+02 0.00000000000000e+00
4.19208937400000e+02 0.00000000000000e+00
4.19264514800000e+02 0.00000000000000e+00
4.19320072100000e+02 0.00000000000000e+00
4.19375609300000e+02 0.00000000000000e+00
4.19431126500000e+02 0.00000000000000e+00
4.19486623500000e+02 0.00000000000000e+00
4.19542100600000e+02 0.00000000000000e+00
4.19597557500000e+02 0.00000000000000e+00
4.19652994400000e+02 0.00000000000000e+00
4.19708411100000e+02 0.00000000000000e+00
4.19763807800000e+02 0.00000000000000e+00
4.19819184300000e+02 0.00000000000000e+00
4.19874540800000e+02 0.00000000000000e+00
4.19929877100000e+02 0.00000000000000e+00
4.19985193400000e+02 0.00000000000000e+00
4.20040489500000e+02 0.00000000000000e+00
4.20095765400000e+02 0.00000000000000e+00
4.20151021300000e+02 0.00000000000000e+00
4.20206257000000e+02 0.00000000000000e+00
4.20261472500000e+02 0.00000000000000e+00
4.20316668000000e+02 0.00000000000000e+00
4.20371843200000e+02 0.00000000000000e+00
4.20426998300000e+02 0.00000000000000e+00
4.20482133300000e+02 0.00000000000000e+00
4.20537248000000e+02 0.00000000000000e+00
4.20592342600000e+02 0.00000000000000e+00
4.20647417100000e+02 0.00000000000000e+00
4.20702471300000e+02 0.00000000000000e+00
4.20757505300000e+02 0.00000000000000e+00
4.20812519200000e+02 0.00000000000000e+00
4.20867512900000e+02 0.00000000000000e+00
4.20922486300000e+02 0.00000000000000e+00
4.20977439500000e+02 0.00000000000000e+00
4.21032372600000e+02 0.00000000000000e+00
4.21087285400000e+02 0.00000000000000e+00
4.21142177900000e+02 0.00000000000000e+00
4.21197050300000e+02 0.00000000000000e+00
4.21251902400000e+02 0.00000000000000e+00
4.21306734300000e+02 0.00000000000000e+00
4.21361545900000e+02 0.00000000000000e+00
4.21416337300000e+02 0.00000000000000e+00
4.21471108400000e+02 0.00000000000000e+00
4.21525859300000e+02 0.00000000000000e+00
4.21580589900000e+02 0.00000000000000e+00
4.21635300200000e+02 0.00000000000000e+00
4.21689990200000e+02 0.00000000000000e+00
4.21744660000000e+02 0.00000000000000e+00
4.21799309500000e+02 0.00000000000000e+00
4.21853938600000e+02 0.00000000000000e+00
4.21908547500000e+02 0.00000000000000e+00
4.21963136100000e+02 0.00000000000000e+00
4.22017704400000e+02 0.00000000000000e+00
4.22072252300000e+02 0.00000000000000e+00
4.22126780000000e+02 0.00000000000000e+00
4.22181287300000e+02 0.00000000000000e+00
4.22235774300000e+02 0.00000000000000e+00
4.22290240900000e+02 0.00000000000000e+00
4.22344687300000e+02 0.00000000000000e+00
4.22399113200000e+02 0.00000000000000e+00
4.22453518900000e+02 0.00000000000000e+00
4.22507904100000e+02 0.00000000000000e+00
4.22562269100000e+02 0.00000000000000e+00
4.22616613600000e+02 0.00000000000000e+00
4.22670937800000e+02 0.00000000000000e+00
4.22725241600000e+02 0.00000000000000e+00
4.22779525000000e+02 0.00000000000000e+00
4.22833788000000e+02 0.00000000000000e+00
4.22888030700000e+02 0.00000000000000e+00
4.22942253000000e+02 0.00000000000000e+00
4.22996454800000e+02 0.00000000000000e+00
4.23050636300000e+02 0.00000000000000e+00
4.23104797300000e+02 0.00000000000000e+00
4.23158937900000e+02 0.00000000000000e+00
4.23213058100000e+02 0.00000000000000e+00
4.23267157900000e+02 0.00000000000000e+00
4.23321237200000e+02 0.00000000000000e+00
4.23375296100000e+02 0.00000000000000e+00
4.23429334600000e+02 0.00000000000000e+00
4.23483352600000e+02 0.00000000000000e+00
4.23537350200000e+02 0.00000000000000e+00
4.23591327300000e+02 0.00000000000000e+00
4.23645283900000e+02 0.00000000000000e+00
4.23699220100000e+02 0.00000000000000e+00
4.23753135800000e+02 0.00000000000000e+00
4.23807031000000e+02 0.00000000000000e+00
4.23860905800000e+02 0.00000000000000e+00
4.23914760000000e+02 0.00000000000000e+00
4.23968593800000e+02 0.00000000000000e+00
4.24022407000000e+02 0.00000000000000e+00
4.24076199800000e+02 0.00000000000000e+00
4.24129972000000e+02 0.00000000000000e+00
4.24183723800000e+02 0.00000000000000e+00
4.24237455000000e+02 0.00000000000000e+00
4.24291165700000e+02 0.00000000000000e+00
