2.78428201100000e+02 0.00000000000000e+00
2.78513749000000e+02 0.00000000000000e+00
2.78599285100000e+02 0.00000000000000e+00
2.78684809300000e+02 0.00000000000000e+00
2.78770321800000e+02 0.00000000000000e+00
2.78855822300000e+02 0.00000000000000e+00
2.78941311100000e+02 0.00000000000000e+00
2.79026788000000e+02 0.00000000000000e+00
2.79112253000000e+02 0.00000000000000e+00
2.79197706200000e+02 0.00000000000000e+00
2.79283147600000e+02 0.00000000000000e+00
2.79368577100000e+02 0.00000000000000e+00
2.79453994700000e+02 0.00000000000000e+00
2.79539400500000e+02 0.00000000000000e+00
2.79624794400000e+02 0.00000000000000e+00
2.79710176400000e+02 0.00000000000000e+00
2.79795546600000e+02 0.00000000000000e+00
2.79880904900000e+02 0.00000000000000e+00
2.79966251300000e+02 0.00000000000000e+00
2.80051585900000e+02 0.00000000000000e+00
2.80136908600000e+02 0.00000000000000e+00
2.80222219300000e+02 0.00000000000000e+00
2.80307518200000e+02 0.00000000000000e+00
2.80392805200000e+02 0.00000000000000e+00
2.80478080400000e+02 0.00000000000000e+00
2.80563343600000e+02 0.00000000000000e+00
2.80648594900000e+02 0.00000000000000e+00
2.80733834300000e+02 0.00000000000000e+00
2.80819061800000e+02 0.00000000000000e+00
2.80904277400000e+02 0.00000000000000e+00
2.80989481100000e+02 0.00000000000000e+00
2.81074672900000e+02 0.00000000000000e+00
2.81159852800000e+02 0.00000000000000e+00
2.81245020700000e+02 0.00000000000000e+00
2.81330176700000e+02 0.00000000000000e+00
2.81415320800000e+02 0.00000000000000e+00
2.81500453000000e+02 0.00000000000000e+00
2.81585573200000e+02 0.00000000000000e+00
2.81670681500000e+02 0.00000000000000e+00
2.81755777900000e+02 0.00000000000000e+00
2.81840862300000e+02 0.00000000000000e+00
2.81925934800000e+02 0.00000000000000e+00
2.82010995400000e+02 0.00000000000000e+00
2.82096043900000e+02 0.00000000000000e+00
2.82181080600000e+02 0.00000000000000e+00
2.82266105300000e+02 0.00000000000000e+00
2.82351118000000e+02 0.00000000000000e+00
2.82436118700000e+02 0.00000000000000e+00
2.82521107500000e+02 0.00000000000000e+00
2.82606084400000e+02 0.00000000000000e+00
2.82691049200000e+02 0.00000000000000e+00
2.82776002100000e+02 0.00000000000000e+00
2.82860943000000e+02 0.00000000000000e+00
2.82945872000000e+02 0.00000000000000e+00
2.83030788900000e+02 0.00000000000000e+00
2.83115693900000e+02 0.00000000000000e+00
2.83200586900000e+02 0.00000000000000e+00
2.83285467900000e+02 0.00000000000000e+00
2.83370336900000e+02 0.00000000000000e+00
2.83455193900000e+02 0.00000000000000e+00
2.83540038900000e+02 0.00000000000000e+00
2.83624871900000e+02 0.00000000000000e+00
2.83709692900000e+02 0.00000000000000e+00
2.83794501900000e+02 0.00000000000000e+00
2.83879298900000e+02 0.00000000000000e+00
2.83964083800000e+02 0.00000000000000e+00
2.84048856800000e+02 0.00000000000000e+00
2.84133617700000e+02 0.00000000000000e+00
2.84218366600000e+02 0.00000000000000e+00
2.84303103500000e+02 0.00000000000000e+00
2.84387828300000e+02 0.00000000000000e+00
2.84472541200000e+02 0.00000000000000e+00
2.84557242000000e+02 0.00000000000000e+00
2.84641930700000e+02 0.00000000000000e+00
2.84726607400000e+02 0.00000000000000e+00
2.84811272100000e+02 0.00000000000000e+00
2.84895924700000e+02 0.00000000000000e+00
2.84980565300000e+02 0.00000000000000e+00
2.85065193800000e+02 0.00000000000000e+00
2.85149810300000e+02 0.00000000000000e+00
2.85234414700000e+02 0.00000000000000e+00
2.85319007000000e+02 0.00000000000000e+00
2.85403587300000e+02 0.00000000000000e+00
2.85488155500000e+02 0.00000000000000e+00
2.85572711700000e+02 0.00000000000000e+00
2.85657255700000e+02 0.00000000000000e+00
2.85741787700000e+02 0.00000000000000e+00
2.85826307700000e+02 0.00000000000000e+00
2.85910815500000e+02 0.00000000000000e+00
2.85995311200000e+02 0.00000000000000e+00
2.86079794900000e+02 0.00000000000000e+00
2.86164266500000e+02 0.00000000000000e+00
2.86248726000000e+02 0.00000000000000e+00
2.86333173400000e+02 0.00000000000000e+00
2.86417608600000e+02 0.00000000000000e+00
2.86502031800000e+02 0.00000000000000e+00
2.86586442900000e+02 0.00000000000000e+00
2.86670841900000e+02 0.00000000000000e+00
2.86755228700000e+02 0.00000000000000e+00
2.86839603500000e+02 0.00000000000000e+00
2.86923966100000e+02 0.00000000000000e+00
2.87008316600000e+02 0.00000000000000e+00
2.87092655000000e+02 0.00000000000000e+00
2.87176981300000e+02 0.00000000000000e+00
2.87261295400000e+02 0.00000000000000e+00
2.87345597400000e+02 0.00000000000000e+00
2.87429887300000e+02 0.00000000000000e+00
2.87514165000000e+02 0.00000000000000e+00
2.87598430600000e+02 0.00000000000000e+00
2.87682684100000e+02 0.00000000000000e+00
2.87766925400000e+02 0.00000000000000e+00
2.87851154500000e+02 0.00000000000000e+00
2.87935371500000e+02 0.00000000000000e+00
2.88019576400000e+02 0.00000000000000e+00
2.88103769000000e+02 0.00000000000000e+00
2.88187949600000e+02 0.00000000000000e+00
2.88272117900000e+02 0.00000000000000e+00
2.88356274100000e+02 0.00000000000000e+00
2.88440418200000e+02 0.00000000000000e+00
2.88524550000000e+02 0.00000000000000e+00
2.88608669700000e+02 0.00000000000000e+00
2.88692777200000e+02 0.00000000000000e+00
2.88776872500000e+02 0.00000000000000e+00
2.88860955600000e+02 0.00000000000000e+00
2.88945026600000e+02 0.00000000000000e+00
2.89029085300000e+02 0.00000000000000e+00
2.89113131900000e+02 0.00000000000000e+00
2.89197166300000e+02 0.00000000000000e+00
2.89281188400000e+02 0.00000000000000e+00
2.89365198400000e+02 0.00000000000000e+00
2.89449196100000e+02 0.00000000000000e+00
2.89533181700000e+02 0.00000000000000e+00
2.89617155000000e+02 0.00000000000000e+00
2.89701116200000e+02 0.00000000000000e+00
2.89785065100000e+02 0.00000000000000e+00
2.89869001800000e+02 0.00000000000000e+00
2.89952926200000e+02 0.00000000000000e+00
2.90036838500000e+02 0.00000000000000e+00
2.90120738500000e+02 0.00000000000000e+00
2.90204626300000e+02 0.00000000000000e+00
2.90288501800000e+02 0.00000000000000e+00
2.90372365100000e+02 0.00000000000000e+00
2.90456216200000e+02 0.00000000000000e+00
2.90540055000000e+02 0.00000000000000e+00
2.90623881600000e+02 0.00000000000000e+00
2.90707695900000e+02 0.00000000000000e+00
2.90791498000000e+02 0.00000000000000e+00
2.90875287800000e+02 0.00000000000000e+00
2.90959065400000e+02 0.00000000000000e+00
2.91042830700000e+02 0.00000000000000e+00
2.91126583700000e+02 0.00000000000000e+00
2.91210324500000e+02 0.00000000000000e+00
2.91294053000000e+02 0.00000000000000e+00
2.91377769200000e+02 0.00000000000000e+00
2.91461473200000e+02 0.00000000000000e+00
2.91545164800000e+02 0.00000000000000e+00
2.91628844200000e+02 0.00000000000000e+00
2.91712511300000e+02 0.00000000000000e+00
2.91796166200000e+02 0.00000000000000e+00
2.91879808700000e+02 0.00000000000000e+00
2.91963438900000e+02 0.00000000000000e+00
2.92047056900000e+02 0.00000000000000e+00
2.92130662500000e+02 0.00000000000000e+00
2.92214255800000e+02 0.00000000000000e+00
2.92297836900000e+02 0.00000000000000e+00
2.92381405600000e+02 0.00000000000000e+00
2.92464962000000e+02 0.00000000000000e+00
2.92548506100000e+02 0.00000000000000e+00
2.92632037900000e+02 0.00000000000000e+00
2.92715557400000e+02 0.00000000000000e+00
2.92799064500000e+02 0.00000000000000e+00
2.92882559300000e+02 0.00000000000000e+00
2.92966041800000e+02 0.00000000000000e+00
2.93049511900000e+02 0.00000000000000e+00
2.93132969800000e+02 0.00000000000000e+00
2.93216415200000e+02 0.00000000000000e+00
2.93299848400000e+02 0.00000000000000e+00
2.93383269200000e+02 0.00000000000000e+00
2.93466677600000e+02 0.00000000000000e+00
2.93550073700000e+02 0.00000000000000e+00
2.93633457500000e+02 0.00000000000000e+00
2.93716828900000e+02 0.00000000000000e+00
2.93800187900000e+02 0.00000000000000e+00
2.93883534600000e+02 0.00000000000000e+00
2.93966868900000e+02 0.00000000000000e+00
2.94050190800000e+02 0.00000000000000e+00
2.94133500400000e+02 0.00000000000000e+00
2.94216797600000e+02 5.62568981432499e+04
2.94300082400000e+02 4.95823512810323e+04
2.94383354900000e+02 4.74022612886588e+04
2.94466614900000e+02 4.68068228550342e+04
2.94549862600000e+02 4.79261724415740e+04
2.94633097900000e+02 4.70426394043942e+04
2.94716320800000e+02 4.56141789383734e+04
2.94799531300000e+02 4.44194426165563e+04
2.94882729400000e+02 4.30895839543766e+04
2.94965915100000e+02 4.16598947562864e+04
2.95049088400000e+02 4.14228492825501e+04
2.95132249300000e+02 4.14615428612966e+04
2.95215397800000e+02 4.13314589237541e+04
2.95298533900000e+02 4.19649034403054e+04
2.95381657600000e+02 4.37569901365577e+04
2.95464768800000e+02 4.53274930547727e+04
2.95547867700000e+02 4.62703566194540e+04
2.95630954100000e+02 4.68604838537075e+04
2.95714028100000e+02 4.71580081637976e+04
2.95797089600000e+02 4.70251368113983e+04
2.95880138800000e+02 4.67813414791985e+04
2.95963175400000e+02 4.65435283581037e+04
2.96046199700000e+02 4.60789760074637e+04
2.96129211500000e+02 4.51622962134842e+04
2.96212210900000e+02 4.37705025757694e+04
2.96295197800000e+02 4.20500804358374e+04
2.96378172300000e+02 4.00303885020517e+04
2.96461134300000e+02 3.79226386732649e+04
2.96544083800000e+02 3.60966866162151e+04
2.96627020900000e+02 3.44449639493276e+04
2.96709945600000e+02 3.29887090728656e+04
2.96792857800000e+02 3.21799536204515e+04
2.96875757500000e+02 3.22474155488133e+04
2.96958644700000e+02 3.27819882088850e+04
2.97041519500000e+02 3.32914372470055e+04
2.97124381800000e+02 3.44573518225565e+04
2.97207231600000e+02 3.68265575200209e+04
2.97290068900000e+02 3.97649512275632e+04
2.97372893800000e+02 4.28614115957983e+04
2.97455706100000e+02 4.64547774409250e+04
2.97538506000000e+02 5.01203756634204e+04
2.97621293400000e+02 5.27985076633002e+04
2.97704068200000e+02 5.40116738028553e+04
2.97786830600000e+02 5.40226908148463e+04
2.97869580500000e+02 5.28152560001043e+04
2.97952317900000e+02 5.04858757321667e+04
2.98035042700000e+02 4.71555320836168e+04
2.98117755100000e+02 4.35450547936491e+04
2.98200454900000e+02 4.05271789485529e+04
2.98283142200000e+02 3.81390863065882e+04
2.98365817000000e+02 3.68775618447255e+04
2.98448479300000e+02 3.67057220479943e+04
2.98531129000000e+02 3.73120056435425e+04
2.98613766300000e+02 3.92293783517499e+04
2.98696390900000e+02 4.23023220689895e+04
2.98779003100000e+02 4.57912026569657e+04
2.98861602700000e+02 4.88011145365718e+04
2.98944189800000e+02 5.09504417164875e+04
2.99026764300000e+02 5.25405639466298e+04
2.99109326300000e+02 5.29099336147419e+04
2.99191875700000e+02 5.20697231751610e+04
2.99274412600000e+02 5.13758942859261e+04
2.99356937000000e+02 5.13987249807117e+04
2.99439448700000e+02 5.19856739988780e+04
2.99521947900000e+02 5.24818895215482e+04
2.99604434600000e+02 5.20080893830024e+04
2.99686908600000e+02 5.09324224752425e+04
2.99769370100000e+02 4.93699773688913e+04
2.99851819100000e+02 4.67633741979558e+04
2.99934255400000e+02 4.34430045355944e+04
3.00016679200000e+02 3.97207734343777e+04
3.00099090400000e+02 3.69754462950939e+04
3.00181489000000e+02 3.65887021587858e+04
3.00263875000000e+02 3.77921906958516e+04
3.00346248500000e+02 3.93083684872941e+04
3.00428609300000e+02 4.04190565360033e+04
3.00510957500000e+02 4.11837602184181e+04
3.00593293200000e+02 4.21073716031859e+04
3.00675616200000e+02 4.28620646033718e+04
3.00757926700000e+02 4.37193306952012e+04
3.00840224500000e+02 4.47094754247414e+04
3.00922509700000e+02 4.55951390087499e+04
3.01004782300000e+02 4.74047146161987e+04
3.01087042300000e+02 4.97660307971869e+04
3.01169289600000e+02 5.17843232353515e+04
3.01251524400000e+02 5.29763505091740e+04
3.01333746500000e+02 5.28076443848673e+04
3.01415956000000e+02 5.19118115705518e+04
3.01498152800000e+02 5.01770911249837e+04
3.01580337000000e+02 4.73875652991656e+04
3.01662508600000e+02 4.40475994927719e+04
3.01744667500000e+02 4.01965287803782e+04
3.01826813800000e+02 3.63977928247953e+04
3.01908947500000e+02 3.38801435753385e+04
3.01991068500000e+02 3.32932085646797e+04
3.02073176800000e+02 3.40267966555455e+04
3.02155272500000e+02 3.50984077587472e+04
3.02237355500000e+02 3.67006920404328e+04
3.02319425900000e+02 3.88582799591317e+04
3.02401483600000e+02 4.19225997617716e+04
3.02483528600000e+02 4.53377034749721e+04
3.02565561000000e+02 4.78016121792056e+04
3.02647580700000e+02 4.93684844181639e+04
3.02729587700000e+02 5.07790538206531e+04
3.02811582000000e+02 5.23620355044238e+04
3.02893563700000e+02 5.41583591778832e+04
3.02975532700000e+02 5.57613558124256e+04
3.03057488900000e+02 5.65032846406962e+04
3.03139432500000e+02 5.67308586215900e+04
3.03221363400000e+02 5.71498001430565e+04
3.03303281600000e+02 5.74771840553005e+04
3.03385187100000e+02 5.71063496308203e+04
3.03467079900000e+02 5.51675141998783e+04
3.03548960000000e+02 5.24023214350935e+04
3.03630827400000e+02 5.02795752271305e+04
3.03712682100000e+02 4.82540989498449e+04
3.03794524000000e+02 4.57754498220003e+04
3.03876353300000e+02 4.34404609589449e+04
3.03958169800000e+02 4.24060723935673e+04
3.04039973600000e+02 4.32012334519463e+04
3.04121764700000e+02 4.44061164625354e+04
3.04203543000000e+02 4.52608937753774e+04
3.04285308600000e+02 4.61726354467818e+04
3.04367061500000e+02 4.69755050616002e+04
3.04448801600000e+02 4.70209262379484e+04
3.04530529000000e+02 4.68442927530179e+04
3.04612243600000e+02 4.70616590585371e+04
3.04693945500000e+02 4.76705592042796e+04
3.04775634700000e+02 4.80432348661288e+04
3.04857311100000e+02 4.87847084614817e+04
3.04938974700000e+02 5.09149824940073e+04
3.05020625600000e+02 5.35704115571045e+04
3.05102263800000e+02 5.50510974293554e+04
3.05183889100000e+02 5.51784294243913e+04
3.05265501700000e+02 5.47602046290876e+04
3.05347101500000e+02 5.38173961229072e+04
3.05428688600000e+02 5.09305328124087e+04
3.05510262800000e+02 4.66000987963984e+04
3.05591824300000e+02 4.28726062178706e+04
3.05673373000000e+02 4.04587381502436e+04
3.05754909000000e+02 3.92670643699524e+04
3.05836432100000e+02 3.89232274859549e+04
3.05917942500000e+02 3.92717198857462e+04
3.05999440000000e+02 4.04838757323413e+04
3.06080924800000e+02 4.18529597080833e+04
3.06162396700000e+02 4.29749904432657e+04
3.06243855900000e+02 4.39290415159672e+04
3.06325302200000e+02 4.38778829093059e+04
3.06406735800000e+02 4.26064033878782e+04
3.06488156500000e+02 4.11764905396349e+04
3.06569564400000e+02 4.07020767427633e+04
3.06650959500000e+02 4.15729759103993e+04
3.06732341800000e+02 4.30980737858926e+04
3.06813711200000e+02 4.45933915228986e+04
3.06895067800000e+02 4.62168047776814e+04
3.06976411600000e+02 4.80383595543772e+04
3.07057742600000e+02 4.98926726773626e+04
3.07139060700000e+02 5.10928602364434e+04
3.07220366000000e+02 5.11745557741575e+04
3.07301658400000e+02 5.05824791601866e+04
3.07382938000000e+02 5.04455173591524e+04
3.07464204800000e+02 5.06477124501788e+04
3.07545458700000e+02 5.04563142287796e+04
3.07626699800000e+02 5.02266410431122e+04
3.07707928000000e+02 5.02625339562408e+04
3.07789143300000e+02 5.03073359152871e+04
3.07870345800000e+02 4.97956435505821e+04
3.07951535400000e+02 4.84959598158991e+04
3.08032712100000e+02 4.76510690183220e+04
3.08113876000000e+02 4.76201443239431e+04
3.08195027000000e+02 4.80627416537632e+04
3.08276165100000e+02 4.84889192818363e+04
3.08357290400000e+02 4.87804396283864e+04
3.08438402700000e+02 4.90311839407463e+04
3.08519502200000e+02 4.90917500759824e+04
3.08600588800000e+02 4.90489960082165e+04
3.08681662500000e+02 4.82528768563317e+04
3.08762723300000e+02 4.62201456300276e+04
3.08843771200000e+02 4.36040464649952e+04
3.08924806200000e+02 4.11287879097325e+04
3.09005828300000e+02 3.90341258130533e+04
3.09086837500000e+02 3.75549354763728e+04
3.09167833800000e+02 3.69734618400488e+04
3.09248817200000e+02 3.70981126058705e+04
3.09329787600000e+02 3.72421670935933e+04
3.09410745200000e+02 3.71428056426136e+04
3.09491689800000e+02 3.75468728695451e+04
3.09572621500000e+02 3.86084131930305e+04
3.09653540300000e+02 3.88063242148253e+04
3.09734446100000e+02 3.73688280565120e+04
3.09815339000000e+02 3.53782278991543e+04
3.09896219000000e+02 3.42337429303101e+04
3.09977086000000e+02 3.45551015847849e+04
3.10057940100000e+02 3.58112059800178e+04
3.10138781300000e+02 3.75384781776962e+04
3.10219609500000e+02 3.99881093903551e+04
3.10300424800000e+02 4.32283998750809e+04
3.10381227100000e+02 4.69886269215786e+04
3.10462016400000e+02 5.08204005743758e+04
3.10542792800000e+02 5.40427011053406e+04
3.10623556200000e+02 5.61578886254950e+04
3.10704306700000e+02 5.72984358348259e+04
3.10785044200000e+02 5.78666257612062e+04
3.10865768700000e+02 5.84282540592432e+04
3.10946480200000e+02 5.88115717141764e+04
3.11027178800000e+02 5.88175306375789e+04
3.11107864400000e+02 5.80477734740047e+04
3.11188537000000e+02 5.70233505183100e+04
3.11269196600000e+02 5.65201627910336e+04
3.11349843300000e+02 5.58441266072509e+04
3.11430476900000e+02 5.44949256297532e+04
3.11511097600000e+02 5.28870046289485e+04
3.11591705200000e+02 5.11602901044133e+04
3.11672299900000e+02 4.96723805085531e+04
3.11752881500000e+02 4.82127113477936e+04
3.11833450200000e+02 4.67812520599853e+04
3.11914005800000e+02 4.59201405542798e+04
3.11994548400000e+02 4.58969377424707e+04
3.12075078000000e+02 4.65394340516323e+04
3.12155594600000e+02 4.75244593012721e+04
3.12236098200000e+02 4.81293596953022e+04
3.12316588800000e+02 4.85720878852366e+04
3.12397066300000e+02 4.93009705780064e+04
3.12477530800000e+02 5.01984671739883e+04
3.12557982200000e+02 5.06636586858976e+04
3.12638420600000e+02 5.05272951240602e+04
3.12718846000000e+02 5.03758680171316e+04
3.12799258400000e+02 5.04178454525557e+04
3.12879657700000e+02 5.05014828714326e+04
3.12960043900000e+02 5.02556505634529e+04
3.13040417100000e+02 4.96610897367208e+04
3.13120777300000e+02 4.89071770005169e+04
3.13201124400000e+02 4.81966735297910e+04
3.13281458400000e+02 4.78196828417906e+04
3.13361779400000e+02 4.78012739108619e+04
3.13442087300000e+02 4.81809195448758e+04
3.13522382100000e+02 4.92672041396897e+04
3.13602663900000e+02 5.07169896561420e+04
3.13682932600000e+02 5.22135048289794e+04
3.13763188200000e+02 5.34463325346852e+04
3.13843430700000e+02 5.44646363126629e+04
3.13923660200000e+02 5.50301344406883e+04
3.14003876500000e+02 5.42246599404966e+04
3.14084079800000e+02 5.17291954396457e+04
3.14164270000000e+02 4.85749739519109e+04
3.14244447100000e+02 4.60572979331027e+04
3.14324611100000e+02 4.43528349158502e+04
3.14404762000000e+02 4.29164356216805e+04
3.14484899800000e+02 4.19997066638778e+04
3.14565024500000e+02 4.25564723734125e+04
3.14645136100000e+02 4.47230594327507e+04
3.14725234500000e+02 4.72028985429663e+04
3.14805319900000e+02 4.92219631920345e+04
3.14885392100000e+02 5.07138314123333e+04
3.14965451200000e+02 5.17471966031402e+04
3.15045497200000e+02 5.23886959424520e+04
3.15125530100000e+02 5.21513188403033e+04
3.15205549800000e+02 5.11808196129190e+04
3.15285556400000e+02 5.01164507704029e+04
3.15365549900000e+02 4.85667475549552e+04
3.15445530200000e+02 4.62065547810239e+04
3.15525497400000e+02 4.35243265001954e+04
3.15605451400000e+02 4.07644469420908e+04
3.15685392300000e+02 3.83996769571086e+04
3.15765320100000e+02 3.65842852724371e+04
3.15845234700000e+02 3.50939651819388e+04
3.15925136100000e+02 3.45954850551783e+04
3.16005024400000e+02 3.54372647402528e+04
3.16084899500000e+02 3.71079685417554e+04
3.16164761400000e+02 3.89403682035174e+04
3.16244610200000e+02 4.07666043047685e+04
3.16324445800000e+02 4.26431972353961e+04
3.16404268200000e+02 4.46176840553055e+04
3.16484077500000e+02 4.64478685930604e+04
3.16563873600000e+02 4.74752407036057e+04
3.16643656500000e+02 4.82538409728213e+04
3.16723426200000e+02 4.96799928291527e+04
3.16803182700000e+02 5.15607105005508e+04
3.16882926000000e+02 5.35203463934427e+04
3.16962656200000e+02 5.52286376861263e+04
3.17042373100000e+02 5.65580879179206e+04
3.17122076800000e+02 5.78926886226050e+04
3.17201767400000e+02 5.87568740771575e+04
3.17281444700000e+02 5.90432824142476e+04
3.17361108800000e+02 5.89666246253981e+04
3.17440759700000e+02 5.82592289829493e+04
3.17520397400000e+02 5.65124824619763e+04
3.17600021900000e+02 5.40035497250865e+04
3.17679633100000e+02 5.12029293290916e+04
3.17759231200000e+02 4.85669154150926e+04
3.17838816000000e+02 4.59780569941790e+04
3.17918387500000e+02 4.32041676963853e+04
3.17997945900000e+02 4.10197193339503e+04
3.18077491000000e+02 3.99239357189972e+04
3.18157022800000e+02 3.98584643082875e+04
3.18236541500000e+02 4.07712407101438e+04
3.18316046900000e+02 4.22680054858219e+04
3.18395539000000e+02 4.40169807335410e+04
3.18475017900000e+02 4.59912391151828e+04
3.18554483500000e+02 4.80146179424866e+04
3.18633935900000e+02 5.02919327365122e+04
3.18713375000000e+02 5.22516835530813e+04
3.18792800800000e+02 5.29435746878901e+04
3.18872213400000e+02 5.24466709702127e+04
3.18951612700000e+02 5.12069013969030e+04
3.19030998800000e+02 4.95873158629799e+04
3.19110371500000e+02 4.80264155743836e+04
3.19189731000000e+02 4.62088673968262e+04
3.19269077200000e+02 4.44946607298848e+04
3.19348410200000e+02 4.36197443361328e+04
3.19427729800000e+02 4.36744222728421e+04
3.19507036200000e+02 4.50541504666444e+04
3.19586329200000e+02 4.72141603222735e+04
3.19665609000000e+02 4.88003403217810e+04
3.19744875500000e+02 4.96591315556556e+04
3.19824128700000e+02 5.05707099883455e+04
3.19903368500000e+02 5.18791740091729e+04
3.19982595100000e+02 5.30207667759683e+04
3.20061808300000e+02 5.39161072943077e+04
3.20141008300000e+02 5.48323976823680e+04
3.20220194900000e+02 5.59235539434812e+04
3.20299368200000e+02 5.72141470951686e+04
3.20378528200000e+02 5.83961864819655e+04
3.20457674900000e+02 5.91587473904426e+04
3.20536808200000e+02 5.94075110345781e+04
3.20615928200000e+02 5.86556262412891e+04
3.20695034900000e+02 5.70496664787622e+04
3.20774128200000e+02 5.49690934697313e+04
3.20853208200000e+02 5.26266780152105e+04
3.20932274900000e+02 4.99533284426897e+04
3.21011328200000e+02 4.74479677621088e+04
3.21090368200000e+02 4.52511682161137e+04
3.21169394800000e+02 4.37155952127872e+04
3.21248408000000e+02 4.31514100398334e+04
3.21327407900000e+02 4.33788098418902e+04
3.21406394500000e+02 4.39430423721856e+04
3.21485367700000e+02 4.50013086155468e+04
3.21564327500000e+02 4.66621685310428e+04
3.21643273900000e+02 4.85319125590420e+04
3.21722207000000e+02 5.00275497796856e+04
3.21801126700000e+02 5.10881905043902e+04
3.21880033000000e+02 5.13913940198642e+04
3.21958926000000e+02 5.11544977562710e+04
3.22037805600000e+02 5.07223243446779e+04
3.22116671700000e+02 5.00943011441848e+04
3.22195524500000e+02 4.92224175831268e+04
3.22274363900000e+02 4.77625126832626e+04
3.22353189900000e+02 4.59113763256176e+04
3.22432002500000e+02 4.45162810604800e+04
3.22510801700000e+02 4.33853726167330e+04
3.22589587500000e+02 4.20745494491418e+04
3.22668359900000e+02 4.05408361341686e+04
3.22747118900000e+02 3.94946027671534e+04
3.22825864500000e+02 3.95185884630093e+04
3.22904596600000e+02 4.02386750031421e+04
3.22983315400000e+02 4.11182114355749e+04
3.23062020700000e+02 4.20352546358426e+04
3.23140712600000e+02 4.27810711439798e+04
3.23219391100000e+02 4.35713977898325e+04
3.23298056100000e+02 4.43711400523711e+04
3.23376707700000e+02 4.46002669903541e+04
3.23455345900000e+02 4.47243737027105e+04
3.23533970600000e+02 4.51812011226571e+04
3.23612581900000e+02 4.56640222553791e+04
3.23691179700000e+02 4.65349794067728e+04
3.23769764100000e+02 4.80533516358802e+04
3.23848335100000e+02 4.95139598388845e+04
3.23926892600000e+02 5.07580212380052e+04
3.24005436600000e+02 5.16715838240734e+04
3.24083967200000e+02 5.21151454678104e+04
3.24162484300000e+02 5.27612169804637e+04
3.24240987900000e+02 5.36010933282716e+04
3.24319478100000e+02 5.38663270123674e+04
3.24397954800000e+02 5.36835100740572e+04
3.24476418100000e+02 5.29678716744552e+04
3.24554867800000e+02 5.19694196419815e+04
3.24633304100000e+02 5.12463089058513e+04
3.24711726900000e+02 5.05900358630181e+04
3.24790136200000e+02 4.96992766430157e+04
3.24868532000000e+02 4.88980937953988e+04
3.24946914300000e+02 4.86095024365319e+04
3.25025283200000e+02 4.90868045448354e+04
3.25103638500000e+02 4.99637285937067e+04
3.25181980300000e+02 5.12761606432669e+04
3.25260308700000e+02 5.32560566239016e+04
3.25338623500000e+02 5.54322410314824e+04
3.25416924800000e+02 5.73450662529224e+04
3.25495212600000e+02 5.91253023306742e+04
3.25573486900000e+02 6.11104409601386e+04
3.25651747700000e+02 6.33545313441498e+04
3.25729994900000e+02 6.51873000392161e+04
3.25808228600000e+02 6.61794726620786e+04
3.25886448800000e+02 6.66713506193380e+04
3.25964655500000e+02 6.71349487155282e+04
3.26042848600000e+02 6.74510673651803e+04
3.26121028200000e+02 6.70144997853034e+04
3.26199194300000e+02 6.59999805419761e+04
3.26277346800000e+02 6.51570844768710e+04
3.26355485700000e+02 6.50143742859800e+04
3.26433611200000e+02 6.52151115646499e+04
3.26511723000000e+02 6.53108674267209e+04
3.26589821400000e+02 6.54304752656493e+04
3.26667906100000e+02 6.56816030974855e+04
3.26745977300000e+02 6.59936364897697e+04
3.26824035000000e+02 6.57890764586211e+04
3.26902079000000e+02 6.49478580880239e+04
3.26980109500000e+02 6.42507213317539e+04
3.27058126500000e+02 6.37584084441406e+04
3.27136129800000e+02 6.30981802928304e+04
3.27214119600000e+02 6.27819628354704e+04
3.27292095800000e+02 6.27463068719307e+04
3.27370058400000e+02 6.26607183024878e+04
3.27448007500000e+02 6.26326015295712e+04
3.27525942900000e+02 6.23924915493874e+04
3.27603864700000e+02 6.16865123523338e+04
3.27681773000000e+02 6.08489308730618e+04
3.27759667700000e+02 5.99724303580482e+04
3.27837548700000e+02 5.92344459296527e+04
3.27915416200000e+02 5.88116863517128e+04
3.27993270000000e+02 5.84180002708439e+04
3.28071110300000e+02 5.82396836669391e+04
3.28148936900000e+02 5.84317535958271e+04
3.28226749900000e+02 5.84889494011754e+04
3.28304549300000e+02 5.81098400540541e+04
3.28382335100000e+02 5.71585682106336e+04
3.28460107200000e+02 5.63485842393063e+04
3.28537865700000e+02 5.62462195327758e+04
3.28615610600000e+02 5.65428765381131e+04
3.28693341900000e+02 5.73895086394596e+04
3.28771059500000e+02 5.87319041977809e+04
3.28848763500000e+02 6.02836197243953e+04
3.28926453800000e+02 6.23319175080125e+04
3.29004130500000e+02 6.47962626996638e+04
3.29081793500000e+02 6.72264842091233e+04
3.29159442900000e+02 6.92458935461277e+04
3.29237078700000e+02 7.02288795141935e+04
3.29314700700000e+02 7.07691125288525e+04
3.29392309200000e+02 7.14721733028491e+04
3.29469903900000e+02 7.21617881216878e+04
3.29547485000000e+02 7.25483063300311e+04
3.29625052400000e+02 7.26730939216744e+04
3.29702606200000e+02 7.30897116263182e+04
3.29780146300000e+02 7.39044764976579e+04
3.29857672700000e+02 7.41881408280983e+04
3.29935185400000e+02 7.33767886063553e+04
3.30012684400000e+02 7.20796949263245e+04
3.30090169800000e+02 7.09761333024311e+04
3.30167641500000e+02 6.97080191305212e+04
3.30245099400000e+02 6.75572452282701e+04
3.30322543700000e+02 6.44288336358430e+04
3.30399974300000e+02 6.15885404728343e+04
3.30477391200000e+02 6.01073477747325e+04
3.30554794300000e+02 5.96516668379475e+04
3.30632183800000e+02 5.94672773454307e+04
3.30709559600000e+02 5.94113052158025e+04
3.30786921600000e+02 5.96923210477530e+04
3.30864269900000e+02 6.05685450205188e+04
3.30941604600000e+02 6.14582623095905e+04
3.31018925400000e+02 6.17670814081563e+04
3.31096232600000e+02 6.15688003517603e+04
3.31173526000000e+02 6.08748820817134e+04
3.31250805700000e+02 6.01786358801257e+04
3.31328071700000e+02 5.99937185581527e+04
3.31405324000000e+02 6.00413291860452e+04
3.31482562500000e+02 6.04312166487341e+04
3.31559787200000e+02 6.11315218009474e+04
3.31636998200000e+02 6.18624163752355e+04
3.31714195500000e+02 6.26855216121478e+04
3.31791379000000e+02 6.32787904447912e+04
3.31868548800000e+02 6.34005331716103e+04
3.31945704800000e+02 6.27192088432530e+04
3.32022847000000e+02 6.14604428704545e+04
3.32099975500000e+02 6.03318240552805e+04
3.32177090200000e+02 5.97474629645050e+04
3.32254191100000e+02 5.98517035475044e+04
3.32331278300000e+02 6.02673474725767e+04
3.32408351700000e+02 6.02713187790974e+04
3.32485411300000e+02 6.05156411960934e+04
3.32562457200000e+02 6.11456145041736e+04
3.32639489200000e+02 6.13358543487021e+04
3.32716507500000e+02 6.11192399897193e+04
3.32793512000000e+02 6.08569740376742e+04
3.32870502700000e+02 6.05147858015863e+04
3.32947479600000e+02 6.02188095461522e+04
3.33024442700000e+02 6.02185146786926e+04
3.33101391900000e+02 6.01604943303251e+04
3.33178327400000e+02 5.99625334409491e+04
3.33255249100000e+02 5.94014649726245e+04
3.33332157000000e+02 5.80214392017256e+04
3.33409051100000e+02 5.64176060836211e+04
3.33485931300000e+02 5.54223000330557e+04
3.33562797700000e+02 5.46866804315186e+04
3.33639650300000e+02 5.41771772407488e+04
3.33716489100000e+02 5.40647255846611e+04
3.33793314100000e+02 5.45429470749531e+04
3.33870125200000e+02 5.56672823124810e+04
3.33946922500000e+02 5.67714285336731e+04
3.34023705900000e+02 5.79135641734046e+04
3.34100475500000e+02 5.91412771115206e+04
3.34177231300000e+02 6.01828748457097e+04
3.34253973200000e+02 6.12107932954464e+04
3.34330701300000e+02 6.21296116421521e+04
3.34407415500000e+02 6.27687675869373e+04
3.34484115900000e+02 6.33242932585707e+04
3.34560802400000e+02 6.31180325688821e+04
3.34637475100000e+02 6.16289242861692e+04
3.34714133900000e+02 6.01137871802927e+04
3.34790778800000e+02 5.94652580068404e+04
3.34867409900000e+02 5.92805753802645e+04
3.34944027100000e+02 5.93591939165590e+04
3.35020630400000e+02 5.96506416203005e+04
3.35097219800000e+02 6.03609791724728e+04
3.35173795300000e+02 6.19378081275954e+04
3.35250357000000e+02 6.41012245187888e+04
3.35326904800000e+02 6.55314764661399e+04
3.35403438700000e+02 6.59744384117261e+04
3.35479958700000e+02 6.55847619484304e+04
3.35556464800000e+02 6.39365529171372e+04
3.35632957000000e+02 6.12240720833833e+04
3.35709435300000e+02 5.77927899920619e+04
3.35785899700000e+02 5.38520034662071e+04
3.35862350200000e+02 4.99132775907666e+04
3.35938786800000e+02 4.69565741163607e+04
3.36015209500000e+02 4.53851885941460e+04
3.36091618200000e+02 4.52718652768562e+04
3.36168013100000e+02 4.66630790132447e+04
3.36244394000000e+02 4.90974851708222e+04
3.36320761000000e+02 5.16851312615241e+04
3.36397114100000e+02 5.39129039173074e+04
3.36473453200000e+02 5.51529198270967e+04
3.36549778400000e+02 5.50645043699831e+04
3.36626089600000e+02 5.38670635064717e+04
3.36702387000000e+02 5.19483559838947e+04
3.36778670400000e+02 4.97817059096938e+04
3.36854939800000e+02 4.78302215298397e+04
3.36931195300000e+02 4.62199606638735e+04
3.37007436800000e+02 4.53490156817280e+04
3.37083664400000e+02 4.55657975134030e+04
3.37159878000000e+02 4.66326311460895e+04
3.37236077700000e+02 4.86383362925252e+04
3.37312263400000e+02 5.11092941344922e+04
3.37388435100000e+02 5.36486559078914e+04
3.37464592900000e+02 5.61299946819446e+04
3.37540736700000e+02 5.80674756479619e+04
3.37616866500000e+02 5.87759975008314e+04
3.37692982400000e+02 5.84958204236407e+04
3.37769084200000e+02 5.72497110086137e+04
3.37845172100000e+02 5.58419976501876e+04
3.37921246000000e+02 5.49819120893777e+04
3.37997305900000e+02 5.41435338043299e+04
3.38073351800000e+02 5.34533316690425e+04
3.38149383700000e+02 5.36529254917710e+04
3.38225401600000e+02 5.49182936779388e+04
3.38301405600000e+02 5.69744432605022e+04
3.38377395500000e+02 5.90310422075289e+04
3.38453371400000e+02 6.00069865496564e+04
3.38529333300000e+02 6.02169107066768e+04
3.38605281200000e+02 6.07187573572581e+04
3.38681215000000e+02 6.16357152090935e+04
3.38757134900000e+02 6.19881547977688e+04
3.38833040700000e+02 6.14350508255131e+04
3.38908932500000e+02 6.00828776894383e+04
3.38984810300000e+02 5.83749747853650e+04
3.39060674000000e+02 5.71760719433970e+04
3.39136523700000e+02 5.64070122086899e+04
3.39212359400000e+02 5.57000560177728e+04
3.39288181000000e+02 5.52539929676715e+04
3.39363988600000e+02 5.55507623144503e+04
3.39439782200000e+02 5.66455352875811e+04
3.39515561700000e+02 5.85956652430367e+04
3.39591327100000e+02 6.10184372994643e+04
3.39667078500000e+02 6.33372118392737e+04
3.39742815800000e+02 6.56485016120000e+04
3.39818539100000e+02 6.73952526588539e+04
3.39894248300000e+02 6.82324437559034e+04
3.39969943400000e+02 6.84537934113719e+04
3.40045624500000e+02 6.83188112001054e+04
3.40121291500000e+02 6.78957533879437e+04
3.40196944400000e+02 6.70040965352938e+04
3.40272583300000e+02 6.56877383258222e+04
3.40348208100000e+02 6.42576845558509e+04
3.40423818800000e+02 6.27922723709152e+04
3.40499415400000e+02 6.14746001470138e+04
3.40574997900000e+02 6.05469223388625e+04
3.40650566300000e+02 5.97494405635963e+04
3.40726120600000e+02 5.92881671317230e+04
3.40801660800000e+02 5.92696317764955e+04
3.40877186900000e+02 5.92620595920875e+04
3.40952699000000e+02 5.92296072462985e+04
3.41028196900000e+02 5.87750334685990e+04
3.41103680700000e+02 5.76705612478478e+04
3.41179150400000e+02 5.64562824316078e+04
3.41254605900000e+02 5.56213888441381e+04
3.41330047400000e+02 5.51949620447217e+04
3.41405474700000e+02 5.48265838897702e+04
3.41480887900000e+02 5.46302645896699e+04
3.41556287000000e+02 5.53136615335387e+04
3.41631671900000e+02 5.71163565025151e+04
3.41707042700000e+02 5.96419872569753e+04
3.41782399400000e+02 6.19972332923242e+04
3.41857742000000e+02 6.34290235131872e+04
3.41933070400000e+02 6.40370886107801e+04
3.42008384600000e+02 6.39767857597018e+04
3.42083684700000e+02 6.34376068238285e+04
3.42158970600000e+02 6.27206871990060e+04
3.42234242400000e+02 6.20236966293166e+04
3.42309500100000e+02 6.14243472501278e+04
3.42384743500000e+02 6.05267932652350e+04
3.42459972900000e+02 5.99064060380037e+04
3.42535188000000e+02 6.01910436330977e+04
3.42610389000000e+02 6.13660288357742e+04
3.42685575800000e+02 6.30760071861742e+04
3.42760748400000e+02 6.44014428063966e+04
3.42835906900000e+02 6.49857123984526e+04
3.42911051100000e+02 6.52326556027782e+04
3.42986181200000e+02 6.52875513692558e+04
3.43061297100000e+02 6.47795807204187e+04
3.43136398800000e+02 6.43447816694675e+04
3.43211486400000e+02 6.41061423782766e+04
3.43286559700000e+02 6.34821319516180e+04
3.43361618800000e+02 6.25213393422496e+04
3.43436663700000e+02 6.14827751632068e+04
3.43511694400000e+02 6.06618802567086e+04
3.43586711000000e+02 6.02065490344661e+04
3.43661713300000e+02 5.93108830308100e+04
3.43736701300000e+02 5.66313426987092e+04
3.43811675200000e+02 5.28270100810514e+04
3.43886634900000e+02 4.93446592353835e+04
3.43961580300000e+02 4.65716204245487e+04
3.44036511500000e+02 4.43450519257814e+04
3.44111428500000e+02 4.23690139536487e+04
3.44186331200000e+02 4.12572179821348e+04
3.44261219700000e+02 4.14119770031598e+04
3.44336094000000e+02 4.25007866444414e+04
3.44410954000000e+02 4.41922878284273e+04
3.44485799800000e+02 4.63579093816256e+04
3.44560631400000e+02 4.88173703470151e+04
3.44635448700000e+02 5.13354501128634e+04
3.44710251700000e+02 5.38133118202633e+04
3.44785040500000e+02 5.61360382395028e+04
3.44859815100000e+02 5.82294057750902e+04
3.44934575300000e+02 5.96299213477791e+04
3.45009321300000e+02 6.01556652820095e+04
3.45084053100000e+02 6.05783471395695e+04
3.45158770600000e+02 6.15102479678376e+04
3.45233473800000e+02 6.22680142096299e+04
3.45308162700000e+02 6.21471280981332e+04
3.45382837300000e+02 6.15674239967910e+04
3.45457497700000e+02 6.11865912325109e+04
3.45532143800000e+02 6.07940582271104e+04
3.45606775600000e+02 6.01121261415581e+04
3.45681393100000e+02 5.87880714504426e+04
3.45755996300000e+02 5.68673308921680e+04
3.45830585200000e+02 5.49686190028074e+04
3.45905159900000e+02 5.34308765373279e+04
3.45979720200000e+02 5.26719126869281e+04
3.46054266200000e+02 5.29983116136667e+04
3.46128797900000e+02 5.40625014028102e+04
3.46203315300000e+02 5.52220041212209e+04
3.46277818400000e+02 5.60029488604339e+04
3.46352307200000e+02 5.67567233854388e+04
3.46426781600000e+02 5.80876436755796e+04
3.46501241700000e+02 5.96169547854394e+04
3.46575687500000e+02 6.06160127629547e+04
3.46650119000000e+02 6.10254541471836e+04
3.46724536200000e+02 6.14715256435024e+04
3.46798939000000e+02 6.23698293054512e+04
3.46873327400000e+02 6.32264717693405e+04
3.46947701600000e+02 6.32481124662349e+04
3.47022061300000e+02 6.25924819036686e+04
3.47096406800000e+02 6.13760202629884e+04
3.47170737900000e+02 5.97534534713136e+04
3.47245054600000e+02 5.74459422157389e+04
3.47319357000000e+02 5.46892437190012e+04
3.47393645000000e+02 5.23513545061277e+04
3.47467918700000e+02 5.12625215675195e+04
3.47542178000000e+02 5.11985692326557e+04
3.47616423000000e+02 5.17038888595701e+04
3.47690653500000e+02 5.26743611667017e+04
3.47764869700000e+02 5.40594099302275e+04
3.47839071600000e+02 5.58070569401806e+04
3.47913259000000e+02 5.75370748270981e+04
3.47987432100000e+02 5.86905206654005e+04
3.48061590700000e+02 5.88269370942887e+04
3.48135735000000e+02 5.85091207907413e+04
3.48209864900000e+02 5.80725990968851e+04
3.48283980400000e+02 5.77307580350529e+04
3.48358081600000e+02 5.78754310065253e+04
3.48432168300000e+02 5.84923869691947e+04
3.48506240600000e+02 5.90325199682105e+04
3.48580298500000e+02 5.91993559410751e+04
3.48654342000000e+02 5.88478904601764e+04
3.48728371100000e+02 5.80546935611448e+04
3.48802385800000e+02 5.70879324268592e+04
3.48876386000000e+02 5.61758838353125e+04
3.48950371900000e+02 5.48357450773369e+04
3.49024343300000e+02 5.29798368266781e+04
3.49098300300000e+02 5.19412995725553e+04
3.49172242800000e+02 5.20696606173639e+04
3.49246171000000e+02 5.24769895479083e+04
3.49320084700000e+02 5.27749813669522e+04
3.49393983900000e+02 5.28055973065131e+04
3.49467868800000e+02 5.26267737812044e+04
3.49541739100000e+02 5.32583520483126e+04
3.49615595100000e+02 5.48546660493666e+04
3.49689436600000e+02 5.64896154797326e+04
3.49763263600000e+02 5.79567764934751e+04
3.49837076200000e+02 5.98830991935438e+04
3.49910874300000e+02 6.22577195987255e+04
3.49984658000000e+02 6.49080602168417e+04
3.50058427200000e+02 6.77603631542724e+04
3.50132181900000e+02 6.98078353422398e+04
3.50205922200000e+02 7.02348349070846e+04
3.50279647900000e+02 7.00299089583351e+04
3.50353359300000e+02 6.96556613718323e+04
3.50427056100000e+02 6.92282820534729e+04
3.50500738400000e+02 6.90370578496572e+04
3.50574406300000e+02 6.85521071881256e+04
3.50648059700000e+02 6.74086970631992e+04
3.50721698600000e+02 6.59306549993949e+04
3.50795323000000e+02 6.47001285269405e+04
3.50868932900000e+02 6.39012628946472e+04
3.50942528300000e+02 6.30731154362685e+04
3.51016109200000e+02 6.16194328275069e+04
3.51089675600000e+02 5.96987291407935e+04
3.51163227500000e+02 5.78066384978428e+04
3.51236764900000e+02 5.66683573413731e+04
3.51310287700000e+02 5.68353249197354e+04
3.51383796100000e+02 5.75903340152344e+04
3.51457289900000e+02 5.87444137444157e+04
3.51530769200000e+02 6.03518367911665e+04
3.51604234000000e+02 6.20046419758244e+04
3.51677684300000e+02 6.35527786274143e+04
3.51751120000000e+02 6.46996310905931e+04
3.51824541200000e+02 6.49648861092517e+04
3.51897947800000e+02 6.42988886071632e+04
3.51971339900000e+02 6.30345867669548e+04
3.52044717500000e+02 6.09616736272065e+04
3.52118080500000e+02 5.81450138054387e+04
3.52191429000000e+02 5.52556649566841e+04
3.52264762900000e+02 5.29173973359112e+04
3.52338082300000e+02 5.09431257320543e+04
3.52411387100000e+02 4.97481363205750e+04
3.52484677300000e+02 4.95844811143921e+04
3.52557953000000e+02 5.02519832922135e+04
3.52631214100000e+02 5.17266797366814e+04
3.52704460700000e+02 5.36636754530481e+04
3.52777692700000e+02 5.57081940800159e+04
3.52850910100000e+02 5.79196349377568e+04
3.52924112900000e+02 5.98996465485640e+04
3.52997301100000e+02 6.10226377879593e+04
3.53070474800000e+02 6.17472442736771e+04
3.53143633900000e+02 6.25029827583735e+04
3.53216778300000e+02 6.31543028559887e+04
3.53289908200000e+02 6.35270224354527e+04
3.53363023500000e+02 6.37021386209226e+04
3.53436124200000e+02 6.40444955448682e+04
3.53509210300000e+02 6.48178858444998e+04
3.53582281800000e+02 6.59126952890323e+04
3.53655338700000e+02 6.69503592958480e+04
3.53728380900000e+02 6.73738619276719e+04
3.53801408600000e+02 6.71632509744375e+04
3.53874421600000e+02 6.68164487175146e+04
3.53947420000000e+02 6.66853292830609e+04
3.54020403800000e+02 6.70350773996253e+04
3.54093373000000e+02 6.75727318380110e+04
3.54166327500000e+02 6.77139215155082e+04
3.54239267400000e+02 6.74469366181742e+04
3.54312192700000e+02 6.74628085014859e+04
3.54385103300000e+02 6.80766183666393e+04
3.54457999300000e+02 6.86120026292065e+04
3.54530880700000e+02 6.87480212773676e+04
3.54603747400000e+02 6.88863679063185e+04
3.54676599400000e+02 6.90994454469923e+04
3.54749436900000e+02 6.91132547278821e+04
3.54822259600000e+02 6.89736000014625e+04
3.54895067700000e+02 6.85052127858449e+04
3.54967861100000e+02 6.77918835217966e+04
3.55040639900000e+02 6.70683638607857e+04
3.55113404000000e+02 6.60554866369864e+04
3.55186153400000e+02 6.45179994670933e+04
3.55258888200000e+02 6.32634559539496e+04
3.55331608300000e+02 6.25664771183410e+04
3.55404313700000e+02 6.18311983396027e+04
3.55477004400000e+02 6.12430894314040e+04
3.55549680400000e+02 6.07196743302950e+04
3.55622341800000e+02 6.04730030260069e+04
3.55694988500000e+02 6.09187642898946e+04
3.55767620400000e+02 6.15462429838273e+04
3.55840237700000e+02 6.17798031363880e+04
3.55912840300000e+02 6.20598895592852e+04
3.55985428100000e+02 6.27056381552163e+04
3.56058001300000e+02 6.32921570723178e+04
3.56130559800000e+02 6.34500626340408e+04
3.56203103500000e+02 6.23339875159373e+04
3.56275632500000e+02 6.01483141789165e+04
3.56348146900000e+02 5.78983042669673e+04
3.56420646500000e+02 5.60452832741509e+04
3.56493131300000e+02 5.42502650664958e+04
3.56565601500000e+02 5.19317608816880e+04
3.56638056900000e+02 4.90507635484930e+04
3.56710497600000e+02 4.64144813407327e+04
3.56782923500000e+02 4.51799418064509e+04
3.56855334800000e+02 4.52922355466091e+04
3.56927731200000e+02 4.56431177656998e+04
3.57000113000000e+02 4.59125655856157e+04
3.57072480000000e+02 4.61411290115469e+04
3.57144832200000e+02 4.66674154213328e+04
3.57217169700000e+02 4.79972878185874e+04
3.57289492400000e+02 4.99624099004257e+04
3.57361800400000e+02 5.17799984407336e+04
3.57434093600000e+02 5.32758215942625e+04
3.57506372000000e+02 5.39778100735621e+04
3.57578635700000e+02 5.35036268411673e+04
3.57650884600000e+02 5.25764896094552e+04
3.57723118800000e+02 5.12241582822430e+04
3.57795338100000e+02 4.89547840346861e+04
3.57867542700000e+02 4.60884531532839e+04
3.57939732500000e+02 4.34137572287747e+04
3.58011907500000e+02 4.13307659641862e+04
3.58084067800000e+02 3.99125193238477e+04
3.58156213200000e+02 3.86966174273567e+04
3.58228343800000e+02 3.71379909598782e+04
3.58300459700000e+02 3.60832275145051e+04
3.58372560700000e+02 3.61124607025244e+04
3.58444647000000e+02 3.65987302724616e+04
3.58516718400000e+02 3.71857619428072e+04
3.58588775100000e+02 3.78286820223869e+04
3.58660816900000e+02 3.86269304924521e+04
3.58732843900000e+02 4.02297535649173e+04
3.58804856100000e+02 4.30728789469016e+04
3.58876853500000e+02 4.64517043947568e+04
3.58948836000000e+02 4.97174788266379e+04
3.59020803800000e+02 5.24040479514215e+04
3.59092756700000e+02 5.44980196138810e+04
3.59164694700000e+02 5.66091067879308e+04
3.59236618000000e+02 5.87857030392803e+04
3.59308526300000e+02 6.06224185251535e+04
3.59380419900000e+02 6.20011012548425e+04
3.59452298600000e+02 6.29207889875481e+04
3.59524162500000e+02 6.37842685793922e+04
3.59596011500000e+02 6.49118040642372e+04
3.59667845600000e+02 6.61350436951036e+04
3.59739665000000e+02 6.72660292199665e+04
3.59811469400000e+02 6.81291387882400e+04
3.59883259000000e+02 6.79930863689888e+04
3.59955033700000e+02 6.68016243777001e+04
3.60026793600000e+02 6.52922277036051e+04
3.60098538600000e+02 6.37461370386094e+04
3.60170268700000e+02 6.20963948715610e+04
3.60241983900000e+02 6.00269527630246e+04
3.60313684300000e+02 5.77001573396423e+04
3.60385369700000e+02 5.56418426540241e+04
3.60457040300000e+02 5.42135636379863e+04
3.60528696000000e+02 5.28334995940239e+04
3.60600336900000e+02 5.10452803723721e+04
3.60671962800000e+02 4.95288231638368e+04
3.60743573800000e+02 4.86460552580504e+04
3.60815169900000e+02 4.85461744701031e+04
3.60886751100000e+02 4.88463179963374e+04
3.60958317500000e+02 4.90763424559920e+04
3.61029868900000e+02 4.91183179856940e+04
3.61101405400000e+02 4.98263219798555e+04
3.61172927000000e+02 5.14199555388783e+04
3.61244433600000e+02 5.33591098959318e+04
3.61315925400000e+02 5.50000104305703e+04
3.61387402200000e+02 5.57127344273639e+04
3.61458864100000e+02 5.52090129990319e+04
3.61530311100000e+02 5.37738327188122e+04
3.61601743100000e+02 5.18848067351972e+04
3.61673160200000e+02 5.01478291405359e+04
3.61744562400000e+02 4.88614122271957e+04
3.61815949600000e+02 4.78256320990453e+04
3.61887321900000e+02 4.70506729211232e+04
3.61958679200000e+02 4.71435588001502e+04
3.62030021600000e+02 4.81709469189703e+04
3.62101349000000e+02 4.99432080005831e+04
3.62172661500000e+02 5.24353148182846e+04
3.62243959000000e+02 5.53192260020534e+04
3.62315241600000e+02 5.82731635153262e+04
3.62386509200000e+02 6.11191216706319e+04
3.62457761800000e+02 6.33413854592614e+04
3.62528999500000e+02 6.46966767060618e+04
3.62600222200000e+02 6.57412604192063e+04
3.62671429900000e+02 6.65262895099480e+04
3.62742622600000e+02 6.61063283983843e+04
3.62813800400000e+02 6.39938110656046e+04
3.62884963100000e+02 6.08298195224044e+04
3.62956110900000e+02 5.78601295788426e+04
3.63027243700000e+02 5.54487486549559e+04
3.63098361500000e+02 5.32925693132596e+04
3.63169464300000e+02 5.11149879738949e+04
3.63240552100000e+02 4.96200620143845e+04
3.63311624900000e+02 4.96796425637082e+04
3.63382682600000e+02 5.09346446736446e+04
3.63453725400000e+02 5.27146017955589e+04
3.63524753200000e+02 5.44077665721938e+04
3.63595765900000e+02 5.61463010295306e+04
3.63666763700000e+02 5.80037051465894e+04
3.63737746400000e+02 5.99318820331152e+04
3.63808714100000e+02 6.14463263407865e+04
3.63879666800000e+02 6.24232858620413e+04
3.63950604400000e+02 6.31038895138195e+04
3.64021527000000e+02 6.32577617307315e+04
3.64092434600000e+02 6.28589394050854e+04
3.64163327100000e+02 6.17887702271985e+04
3.64234204600000e+02 6.01934915636150e+04
3.64305067100000e+02 5.85790662136837e+04
3.64375914500000e+02 5.70685382885340e+04
3.64446746800000e+02 5.52418351698168e+04
3.64517564100000e+02 5.32693991710020e+04
3.64588366400000e+02 5.20212081209684e+04
3.64659153600000e+02 5.13550530339042e+04
3.64729925700000e+02 5.12344299772002e+04
3.64800682700000e+02 5.17684624511084e+04
3.64871424700000e+02 5.24257452116581e+04
3.64942151700000e+02 5.36598595476953e+04
3.65012863500000e+02 5.59405964423078e+04
3.65083560300000e+02 5.83968841992412e+04
3.65154242000000e+02 6.04881048716596e+04
3.65224908600000e+02 6.24707626629965e+04
3.65295560100000e+02 6.42073460616821e+04
3.65366196600000e+02 6.58249786020182e+04
3.65436817900000e+02 6.73665632137284e+04
3.65507424200000e+02 6.82968539286454e+04
3.65578015400000e+02 6.90759267545088e+04
3.65648591400000e+02 6.99899147959557e+04
3.65719152400000e+02 7.06340798706594e+04
3.65789698200000e+02 7.11904642025310e+04
3.65860229000000e+02 7.17921563974812e+04
3.65930744600000e+02 7.19196201143173e+04
3.66001245100000e+02 7.16597402320287e+04
3.66071730500000e+02 7.11106386619040e+04
3.66142200800000e+02 7.01418967730747e+04
3.66212656000000e+02 6.93084273128891e+04
3.66283096000000e+02 6.88850701773072e+04
3.66353520900000e+02 6.81619722801113e+04
3.66423930700000e+02 6.72351415073357e+04
3.66494325300000e+02 6.66593140469444e+04
3.66564704800000e+02 6.61718939079674e+04
3.66635069200000e+02 6.55351553686461e+04
3.66705418400000e+02 6.49418694717272e+04
3.66775752500000e+02 6.44451093458559e+04
3.66846071400000e+02 6.43645962790313e+04
3.66916375200000e+02 6.49281088475822e+04
3.66986663800000e+02 6.55090230671674e+04
3.67056937200000e+02 6.57533501259563e+04
3.67127195500000e+02 6.60920752202645e+04
3.67197438700000e+02 6.69263248784247e+04
3.67267666600000e+02 6.79615000379078e+04
3.67337879400000e+02 6.84890617904161e+04
3.67408077000000e+02 6.80127673071524e+04
3.67478259500000e+02 6.66618365963259e+04
3.67548426700000e+02 6.52755102827126e+04
3.67618578800000e+02 6.41240635069996e+04
3.67688715700000e+02 6.27467017218706e+04
3.67758837400000e+02 6.11234993748258e+04
3.67828943900000e+02 5.98221877772382e+04
3.67899035200000e+02 5.90615301794900e+04
3.67969111400000e+02 5.88218858070010e+04
3.68039172300000e+02 5.91186491860929e+04
3.68109218000000e+02 5.95441402248677e+04
3.68179248500000e+02 5.98441158233265e+04
3.68249263800000e+02 6.00743028846498e+04
3.68319263900000e+02 6.01084360413085e+04
3.68389248800000e+02 5.96796499461482e+04
3.68459218500000e+02 5.87394504971280e+04
3.68529172900000e+02 5.78866550901824e+04
3.68599112100000e+02 5.72797112647910e+04
3.68669036100000e+02 5.69683758563514e+04
3.68738944900000e+02 5.73564911068756e+04
3.68808838400000e+02 5.85783778546277e+04
3.68878716700000e+02 6.02959809249543e+04
3.68948579800000e+02 6.22176388175329e+04
3.69018427600000e+02 6.40253261991120e+04
3.69088260200000e+02 6.52437344146218e+04
3.69158077500000e+02 6.61083379115399e+04
3.69227879600000e+02 6.68525413782513e+04
3.69297666400000e+02 6.71487926372620e+04
3.69367438000000e+02 6.68910776568929e+04
3.69437194300000e+02 6.63779593567365e+04
3.69506935400000e+02 6.60821965610179e+04
3.69576661200000e+02 6.64773002932551e+04
3.69646371700000e+02 6.75644205144332e+04
3.69716066900000e+02 6.88195138613141e+04
3.69785746900000e+02 6.97125940231285e+04
3.69855411600000e+02 7.03143819797920e+04
3.69925061000000e+02 7.06866867612954e+04
3.69994695200000e+02 7.07102260946965e+04
3.70064314000000e+02 6.99217100625126e+04
3.70133917600000e+02 6.81809245469772e+04
3.70203505900000e+02 6.57544871565138e+04
3.70273078800000e+02 6.27853700977377e+04
3.70342636500000e+02 5.99003335707101e+04
3.70412178900000e+02 5.75169556526212e+04
3.70481706000000e+02 5.52119643261461e+04
3.70551217800000e+02 5.32246356613840e+04
3.70620714200000e+02 5.18538924090207e+04
3.70690195400000e+02 5.13982323854913e+04
3.70759661200000e+02 5.20990324167704e+04
3.70829111800000e+02 5.38288193243467e+04
3.70898547000000e+02 5.58974373727113e+04
3.70967966800000e+02 5.81508384171427e+04
3.71037371400000e+02 6.08568992800691e+04
3.71106760600000e+02 6.38604565076657e+04
3.71176134500000e+02 6.68826212639768e+04
3.71245493100000e+02 6.93028838271449e+04
3.71314836300000e+02 7.06921714063854e+04
3.71384164200000e+02 7.14795255916245e+04
3.71453476700000e+02 7.17654782363558e+04
3.71522773900000e+02 7.10081556192828e+04
3.71592055700000e+02 6.88885091929150e+04
3.71661322200000e+02 6.53379496419232e+04
3.71730573300000e+02 6.10330302562105e+04
3.71799809100000e+02 5.70423633086909e+04
3.71869029500000e+02 5.35189298431271e+04
3.71938234600000e+02 5.02873887368822e+04
3.72007424200000e+02 4.78426015496037e+04
3.72076598500000e+02 4.67464467656868e+04
3.72145757500000e+02 4.69769600417230e+04
3.72214901000000e+02 4.85750611836058e+04
3.72284029200000e+02 5.12564669030862e+04
3.72353142000000e+02 5.39819457283098e+04
3.72422239400000e+02 5.59826424194482e+04
3.72491321400000e+02 5.74685202243427e+04
3.72560388100000e+02 5.89189211748553e+04
3.72629439300000e+02 6.02172257135403e+04
3.72698475100000e+02 6.09537232956963e+04
3.72767495600000e+02 6.06708495927056e+04
3.72836500600000e+02 5.95773691936133e+04
3.72905490200000e+02 5.83136675760146e+04
3.72974464500000e+02 5.71402773472315e+04
3.73043423300000e+02 5.55481082465719e+04
3.73112366700000e+02 5.29741412857331e+04
3.73181294700000e+02 4.94557891533997e+04
3.73250207200000e+02 4.58257086465252e+04
3.73319104300000e+02 4.28121839355620e+04
3.73387986100000e+02 4.01531433920599e+04
3.73456852300000e+02 3.79746239058838e+04
3.73525703200000e+02 3.72476793975356e+04
3.73594538600000e+02 3.80985532334135e+04
3.73663358600000e+02 4.00091851250856e+04
3.73732163100000e+02 4.28838889821839e+04
3.73800952200000e+02 4.62974534593553e+04
3.73869725800000e+02 4.94182533055777e+04
3.73938484000000e+02 5.21318831456089e+04
3.74007226700000e+02 5.40655940127145e+04
3.74075954000000e+02 5.46739730279773e+04
3.74144665900000e+02 5.44472481317438e+04
3.74213362200000e+02 5.35214466876879e+04
3.74282043100000e+02 5.14417833531152e+04
3.74350708500000e+02 4.88160259195034e+04
3.74419358500000e+02 4.64469615931203e+04
3.74487993000000e+02 4.41833407002634e+04
3.74556612000000e+02 4.18892726288034e+04
3.74625215500000e+02 3.98877448447860e+04
3.74693803600000e+02 3.83690562314343e+04
3.74762376100000e+02 3.79750727656699e+04
3.74830933200000e+02 3.90861455527765e+04
3.74899474800000e+02 4.10011865788211e+04
3.74968000900000e+02 4.30702903276612e+04
3.75036511500000e+02 4.55337729622740e+04
3.75105006600000e+02 4.89262527456960e+04
3.75173486100000e+02 5.30792979788846e+04
3.75241950200000e+02 5.73329776043221e+04
3.75310398800000e+02 6.08031384668416e+04
3.75378831900000e+02 6.28631603550276e+04
3.75447249400000e+02 6.31515536739714e+04
3.75515651400000e+02 6.19854727400589e+04
3.75584037900000e+02 6.02788007436219e+04
3.75652408900000e+02 5.85942643440802e+04
3.75720764400000e+02 5.70320024582333e+04
3.75789104300000e+02 5.54671149254975e+04
3.75857428700000e+02 5.38111127670454e+04
3.75925737600000e+02 5.25500514521432e+04
3.75994030900000e+02 5.21716633257195e+04
3.76062308700000e+02 5.24024409816674e+04
3.76130570900000e+02 5.29942497322443e+04
3.76198817600000e+02 5.39404687838988e+04
3.76267048700000e+02 5.46238722101060e+04
3.76335264300000e+02 5.46502770521783e+04
3.76403464400000e+02 5.40984764980437e+04
3.76471648800000e+02 5.33784136463706e+04
3.76539817700000e+02 5.31106569279431e+04
3.76607971100000e+02 5.36886620915250e+04
3.76676108900000e+02 5.43740093243687e+04
3.76744231100000e+02 5.43688314283718e+04
3.76812337700000e+02 5.42152603913146e+04
3.76880428800000e+02 5.47518622479887e+04
3.76948504200000e+02 5.61232134008447e+04
3.77016564100000e+02 5.79458971071868e+04
3.77084608400000e+02 5.95184573604139e+04
3.77152637200000e+02 6.07167507389386e+04
3.77220650300000e+02 6.18875856884346e+04
3.77288647800000e+02 6.32421378111176e+04
3.77356629800000e+02 6.46747079723528e+04
3.77424596100000e+02 6.59107813164828e+04
3.77492546800000e+02 6.67514827546981e+04
3.77560482000000e+02 6.71915194987797e+04
3.77628401500000e+02 6.76163704695352e+04
3.77696305400000e+02 6.83285225627603e+04
3.77764193700000e+02 6.92860146206542e+04
3.77832066400000e+02 7.02303642875157e+04
3.77899923400000e+02 7.10023002088735e+04
3.77967764800000e+02 7.16493807964394e+04
3.78035590600000e+02 7.23405562705182e+04
3.78103400800000e+02 7.31371923805011e+04
3.78171195400000e+02 7.38570278327555e+04
3.78238974300000e+02 7.38416470192199e+04
3.78306737500000e+02 7.25814237819060e+04
3.78374485200000e+02 7.07870429728522e+04
3.78442217100000e+02 6.90351379255448e+04
3.78509933500000e+02 6.71738509627419e+04
3.78577634200000e+02 6.51261528774751e+04
3.78645319200000e+02 6.28705940441810e+04
3.78712988600000e+02 6.03474448930796e+04
3.78780642300000e+02 5.83312350123609e+04
3.78848280300000e+02 5.75202088234588e+04
3.78915902700000e+02 5.73287590805699e+04
3.78983509500000e+02 5.69913402119730e+04
3.79051100500000e+02 5.65292501947213e+04
3.79118675900000e+02 5.60537119932109e+04
3.79186235600000e+02 5.54499324436896e+04
3.79253779600000e+02 5.48950327520764e+04
3.79321307900000e+02 5.43378604067396e+04
3.79388820600000e+02 5.33621552617679e+04
3.79456317600000e+02 5.18099961902244e+04
3.79523798800000e+02 5.01450315536414e+04
3.79591264400000e+02 4.88250622938160e+04
3.79658714300000e+02 4.80510164522859e+04
3.79726148500000e+02 4.81365421190414e+04
3.79793567000000e+02 4.90472160233205e+04
3.79860969700000e+02 4.99905957457022e+04
3.79928356800000e+02 5.10761482543698e+04
3.79995728100000e+02 5.29608141431883e+04
3.80063083800000e+02 5.55003987133215e+04
3.80130423700000e+02 5.81079704074585e+04
3.80197747900000e+02 6.04068816745011e+04
3.80265056400000e+02 6.21072534298465e+04
3.80332349100000e+02 6.29450004396910e+04
3.80399626100000e+02 6.31297178790264e+04
3.80466887400000e+02 6.31027567650958e+04
3.80534133000000e+02 6.30349153141367e+04
3.80601362800000e+02 6.30086063573092e+04
3.80668576800000e+02 6.30445389912658e+04
3.80735775200000e+02 6.32764626532607e+04
3.80802957700000e+02 6.34773857492951e+04
3.80870124600000e+02 6.36453700792909e+04
3.80937275600000e+02 6.38706394424733e+04
3.81004411000000e+02 6.36927675279873e+04
3.81071530500000e+02 6.27290769371447e+04
3.81138634300000e+02 6.12086225859922e+04
3.81205722400000e+02 5.92133172644715e+04
3.81272794600000e+02 5.65811757377472e+04
3.81339851100000e+02 5.38226414503613e+04
3.81406891800000e+02 5.17287988366943e+04
3.81473916800000e+02 5.03062670494231e+04
3.81540925900000e+02 4.93477751146475e+04
3.81607919300000e+02 4.86149771100240e+04
3.81674896900000e+02 4.75258371467802e+04
3.81741858700000e+02 4.61386831043574e+04
3.81808804700000e+02 4.52438402899333e+04
3.81875734900000e+02 4.51058897163366e+04
3.81942649400000e+02 4.51004942936079e+04
3.82009548000000e+02 4.47689097752803e+04
3.82076430800000e+02 4.39159020052844e+04
3.82143297800000e+02 4.25062051297069e+04
3.82210149000000e+02 4.12303214485979e+04
3.82276984400000e+02 4.03944087570394e+04
3.82343804000000e+02 3.97686071114816e+04
3.82410607700000e+02 3.90143843507102e+04
3.82477395700000e+02 3.78577938574405e+04
3.82544167800000e+02 3.63583552962821e+04
3.82610924100000e+02 3.50533401481528e+04
3.82677664500000e+02 3.43140717066833e+04
3.82744389100000e+02 3.42241677151630e+04
3.82811097900000e+02 3.45036585457486e+04
3.82877790900000e+02 3.47020272609609e+04
3.82944468000000e+02 3.44318673425875e+04
3.83011129300000e+02 3.40461195347491e+04
3.83077774700000e+02 3.37393099838367e+04
3.83144404200000e+02 3.33533413883530e+04
3.83211017900000e+02 3.30718942544786e+04
3.83277615800000e+02 3.28850297558252e+04
3.83344197800000e+02 3.26698800894459e+04
3.83410763900000e+02 3.25988640716758e+04
3.83477314200000e+02 3.26223834394064e+04
3.83543848600000e+02 3.25092171772848e+04
3.83610367100000e+02 3.24376661602934e+04
3.83676869800000e+02 3.26563538673314e+04
3.83743356600000e+02 3.28748180387435e+04
3.83809827500000e+02 3.29953363821076e+04
3.83876282500000e+02 3.35404364234186e+04
3.83942721600000e+02 3.48238319677824e+04
3.84009144800000e+02 3.66207953029048e+04
3.84075552200000e+02 3.87989738838348e+04
3.84141943600000e+02 4.12819969690630e+04
3.84208319200000e+02 4.37918983763185e+04
3.84274678900000e+02 4.62005399084161e+04
3.84341022600000e+02 4.85252228650708e+04
3.84407350500000e+02 5.04828408177782e+04
3.84473662400000e+02 5.19114772926295e+04
3.84539958400000e+02 5.28640217569536e+04
3.84606238500000e+02 5.33809914914661e+04
3.84672502700000e+02 5.32073181398238e+04
3.84738751000000e+02 5.25909876323489e+04
3.84804983300000e+02 5.22127650306148e+04
3.84871199800000e+02 5.23863867714897e+04
3.84937400300000e+02 5.26459119812948e+04
3.85003584800000e+02 5.25265666729404e+04
3.85069753400000e+02 5.19619582862282e+04
3.85135906100000e+02 5.13060285473781e+04
3.85202042900000e+02 5.09394942848566e+04
3.85268163700000e+02 5.08014760982967e+04
3.85334268500000e+02 5.03425598684545e+04
3.85400357400000e+02 4.95264607663638e+04
3.85466430300000e+02 4.85247509172796e+04
3.85532487300000e+02 4.71823926127436e+04
3.85598528400000e+02 4.54468844800230e+04
3.85664553400000e+02 4.36065742219963e+04
3.85730562500000e+02 4.19539541518140e+04
3.85796555700000e+02 4.08712477635791e+04
3.85862532800000e+02 4.07377599393018e+04
3.85928494000000e+02 4.14704569035810e+04
3.85994439200000e+02 4.25412368296422e+04
3.86060368500000e+02 4.38297468577768e+04
3.86126281700000e+02 4.54891764768611e+04
3.86192179000000e+02 4.74758479423804e+04
3.86258060200000e+02 4.94139762851347e+04
3.86323925500000e+02 5.12109936834776e+04
3.86389774800000e+02 5.26572430897512e+04
3.86455608100000e+02 5.33514330717476e+04
3.86521425400000e+02 5.31400206296335e+04
3.86587226700000e+02 5.25181547078830e+04
3.86653012000000e+02 5.15567105995379e+04
3.86718781200000e+02 5.02651075713777e+04
3.86784534500000e+02 4.87976682488784e+04
3.86850271700000e+02 4.73103875098708e+04
3.86915992900000e+02 4.57830298280043e+04
3.86981698100000e+02 4.44996889172511e+04
3.87047387300000e+02 4.37739768392542e+04
3.87113060500000e+02 4.36806409474858e+04
3.87178717600000e+02 4.42288485876159e+04
3.87244358700000e+02 4.52719382593130e+04
3.87309983700000e+02 4.65734812288759e+04
3.87375592700000e+02 4.79553845699338e+04
3.87441185700000e+02 4.91304284163180e+04
3.87506762600000e+02 4.97108004531614e+04
3.87572323500000e+02 4.97530167096003e+04
3.87637868400000e+02 4.96111610213151e+04
3.87703397100000e+02 4.92698522058254e+04
3.87768909800000e+02 4.84875172772224e+04
3.87834406500000e+02 4.73653103831953e+04
3.87899887100000e+02 4.60831143219140e+04
3.87965351600000e+02 4.48698091635941e+04
3.88030800100000e+02 4.44365828287375e+04
3.88096232500000e+02 4.51539904963612e+04
3.88161648800000e+02 4.60389340878092e+04
3.88227049000000e+02 4.62232800679077e+04
3.88292433200000e+02 4.57308461971737e+04
3.88357801300000e+02 4.49449156073428e+04
3.88423153300000e+02 4.44184720731773e+04
3.88488489200000e+02 4.45115128220620e+04
3.88553809000000e+02 4.45476725444705e+04
3.88619112700000e+02 4.40358195407359e+04
3.88684400300000e+02 4.34179131648899e+04
3.88749671800000e+02 4.34503463286796e+04
3.88814927200000e+02 4.42498346959653e+04
3.88880166600000e+02 4.57830961593393e+04
3.88945389800000e+02 4.76530537488449e+04
3.89010596800000e+02 4.93101636894995e+04
3.89075787800000e+02 5.08925661594571e+04
3.89140962700000e+02 5.27524528862080e+04
3.89206121400000e+02 5.44141725213770e+04
3.89271264000000e+02 5.54055570598601e+04
3.89336390500000e+02 5.62341491297156e+04
3.89401500800000e+02 5.71944089380765e+04
3.89466595000000e+02 5.78562488809979e+04
3.89531673100000e+02 5.81026244817347e+04
3.89596735100000e+02 5.83121524812804e+04
3.89661780800000e+02 5.83001678986027e+04
3.89726810500000e+02 5.82863517026191e+04
3.89791824000000e+02 5.87373567752150e+04
3.89856821400000e+02 5.94087717415163e+04
3.89921802600000e+02 5.93157095462195e+04
3.89986767600000e+02 5.84853693708622e+04
3.90051716500000e+02 5.76082947525641e+04
3.90116649200000e+02 5.69833182000897e+04
3.90181565800000e+02 5.63882907698298e+04
3.90246466200000e+02 5.55849670203560e+04
3.90311350400000e+02 5.45729854603025e+04
3.90376218400000e+02 5.37319161509065e+04
3.90441070300000e+02 5.34861055140949e+04
3.90505906000000e+02 5.39287083692690e+04
3.90570725500000e+02 5.48675984073673e+04
3.90635528800000e+02 5.58860945663890e+04
3.90700315900000e+02 5.68560576868690e+04
3.90765086800000e+02 5.81101052735989e+04
3.90829841600000e+02 5.99138133922181e+04
3.90894580100000e+02 6.18062300128431e+04
3.90959302500000e+02 6.33536593374708e+04
3.91024008600000e+02 6.43407921772425e+04
3.91088698500000e+02 6.48335498435817e+04
3.91153372300000e+02 6.50418255297215e+04
3.91218029800000e+02 6.53025357230791e+04
3.91282671100000e+02 6.54862255450947e+04
3.91347296100000e+02 6.53806962508629e+04
3.91411905000000e+02 6.49842304546044e+04
3.91476497600000e+02 6.44620636791318e+04
3.91541074000000e+02 6.36585255826837e+04
3.91605634200000e+02 6.26876037572098e+04
3.91670178100000e+02 6.16333701509759e+04
3.91734705800000e+02 6.01774334465412e+04
3.91799217300000e+02 5.83893903811830e+04
3.91863712500000e+02 5.68851902190231e+04
3.91928191500000e+02 5.57284159539620e+04
3.91992654200000e+02 5.44783140779724e+04
3.92057100700000e+02 5.33901184938345e+04
3.92121530900000e+02 5.27389258558678e+04
3.92185944900000e+02 5.22252543667020e+04
3.92250342600000e+02 5.15601061219299e+04
3.92314724000000e+02 5.09924729761380e+04
3.92379089200000e+02 5.03671776786206e+04
3.92443438100000e+02 4.92790111059338e+04
3.92507770800000e+02 4.75931310973725e+04
3.92572087100000e+02 4.55274112608403e+04
3.92636387200000e+02 4.29956585899332e+04
3.92700671000000e+02 4.00447274658169e+04
3.92764938500000e+02 3.69503725839957e+04
3.92829189800000e+02 3.39228672062191e+04
3.92893424700000e+02 3.09110784279896e+04
3.92957643400000e+02 2.79099960780416e+04
3.93021845700000e+02 2.51710198094599e+04
3.93086031800000e+02 2.28452540307883e+04
3.93150201600000e+02 2.08968088363017e+04
3.93214355000000e+02 1.94437593646165e+04
3.93278492200000e+02 1.85897348321234e+04
3.93342613000000e+02 1.83287537962130e+04
3.93406717500000e+02 1.86438789872627e+04
3.93470805700000e+02 1.95722806753227e+04
3.93534877600000e+02 2.11126391249311e+04
3.93598933200000e+02 2.32650194080551e+04
3.93662972500000e+02 2.58983715157508e+04
3.93726995400000e+02 2.87438329900525e+04
3.93791002000000e+02 3.15165432965835e+04
3.93854992200000e+02 3.41050431128864e+04
3.93918966200000e+02 3.65065760199536e+04
3.93982923700000e+02 3.86522299342096e+04
3.94046865000000e+02 4.03601270792086e+04
3.94110789900000e+02 4.15925593497937e+04
3.94174698400000e+02 4.26482377284739e+04
3.94238590600000e+02 4.38349831652826e+04
3.94302466500000e+02 4.53498732103995e+04
3.94366325900000e+02 4.69992241946534e+04
3.94430169100000e+02 4.84408375139408e+04
3.94493995800000e+02 4.95967550558776e+04
3.94557806200000e+02 5.08395383691609e+04
3.94621600200000e+02 5.24727678695765e+04
3.94685377900000e+02 5.44758325021417e+04
3.94749139200000e+02 5.63932686500890e+04
3.94812884100000e+02 5.78613426384906e+04
3.94876612600000e+02 5.87418434043867e+04
3.94940324800000e+02 5.91774139187115e+04
3.95004020500000e+02 5.94000961417126e+04
3.95067699900000e+02 5.98961875251118e+04
3.95131362800000e+02 6.06991528523024e+04
3.95195009400000e+02 6.13844192326714e+04
3.95258639600000e+02 6.15093639201463e+04
3.95322253400000e+02 6.11683016588398e+04
3.95385850700000e+02 6.05688620812846e+04
3.95449431700000e+02 6.02478525801179e+04
3.95512996300000e+02 6.03750610654228e+04
3.95576544400000e+02 6.07281265664737e+04
3.95640076100000e+02 6.07299032503270e+04
3.95703591500000e+02 6.01889416350337e+04
3.95767090300000e+02 5.90733058873683e+04
3.95830572800000e+02 5.73983791313966e+04
3.95894038800000e+02 5.54104890073690e+04
3.95957488400000e+02 5.34136983823958e+04
3.96020921600000e+02 5.12985928609823e+04
3.96084338400000e+02 4.89619494955447e+04
3.96147738700000e+02 4.62960173339201e+04
3.96211122500000e+02 4.33040308325547e+04
3.96274489900000e+02 4.01591824398648e+04
3.96337840900000e+02 3.71799318010290e+04
3.96401175400000e+02 3.45403962684060e+04
3.96464493400000e+02 3.20722059806170e+04
3.96527795000000e+02 2.95262155444520e+04
3.96591080200000e+02 2.70321137920187e+04
3.96654348900000e+02 2.48163811059776e+04
3.96717601100000e+02 2.30650045655107e+04
3.96780836800000e+02 2.19385294383245e+04
3.96844056100000e+02 2.15799130274307e+04
3.96907258900000e+02 2.20156753027740e+04
3.96970445200000e+02 2.32003490443577e+04
3.97033615000000e+02 2.50597447844889e+04
3.97096768400000e+02 2.74592569306772e+04
3.97159905200000e+02 3.02622186033391e+04
3.97223025600000e+02 3.33831744028237e+04
3.97286129500000e+02 3.66447783512224e+04
3.97349216900000e+02 3.97640704911647e+04
3.97412287800000e+02 4.27637900676977e+04
3.97475342200000e+02 4.57680935897410e+04
3.97538380100000e+02 4.87506528201547e+04
3.97601401500000e+02 5.16855501805515e+04
3.97664406300000e+02 5.45937759832184e+04
3.97727394700000e+02 5.73561545585338e+04
3.97790366500000e+02 5.97498661896887e+04
3.97853321800000e+02 6.17090197349038e+04
3.97916260600000e+02 6.33113844712435e+04
3.97979182900000e+02 6.45983098947404e+04
3.98042088700000e+02 6.55148381847918e+04
3.98104977900000e+02 6.60842163613888e+04
3.98167850600000e+02 6.64508545420008e+04
3.98230706700000e+02 6.66623576256898e+04
3.98293546300000e+02 6.67290133630793e+04
3.98356369400000e+02 6.65836299686237e+04
3.98419175900000e+02 6.65124687192451e+04
3.98481965900000e+02 6.68940242135098e+04
3.98544739300000e+02 6.76723167509722e+04
3.98607496200000e+02 6.85135712135361e+04
3.98670236500000e+02 6.91936917715419e+04
3.98732960200000e+02 6.97362579426536e+04
3.98795667400000e+02 7.03123870604781e+04
3.98858358000000e+02 7.10186533869004e+04
3.98921032100000e+02 7.19040407145726e+04
3.98983689600000e+02 7.27721672605096e+04
3.99046330500000e+02 7.32874043511498e+04
3.99108954800000e+02 7.33737472772823e+04
3.99171562500000e+02 7.33616753950850e+04
3.99234153700000e+02 7.33726652120103e+04
3.99296728300000e+02 7.33355472857673e+04
3.99359286300000e+02 7.30654098498256e+04
3.99421827700000e+02 7.25609488952777e+04
3.99484352500000e+02 7.19109101518909e+04
3.99546860700000e+02 7.13443694865623e+04
3.99609352300000e+02 7.11655133373607e+04
3.99671827300000e+02 7.14877384687348e+04
3.99734285600000e+02 7.19922030137516e+04
3.99796727400000e+02 7.24178030494120e+04
3.99859152600000e+02 7.28243424047354e+04
3.99921561100000e+02 7.35160043350066e+04
3.99983953100000e+02 7.45305225381743e+04
4.00046328400000e+02 7.56201632032858e+04
4.00108687100000e+02 7.62732373416933e+04
4.00171029100000e+02 7.59962357829739e+04
4.00233354500000e+02 7.47157082625547e+04
4.00295663300000e+02 7.33521409510067e+04
4.00357955500000e+02 7.24036774387104e+04
4.00420231000000e+02 7.18118726675292e+04
4.00482489900000e+02 7.14017047876477e+04
4.00544732100000e+02 7.11482577232198e+04
4.00606957700000e+02 7.08848862612086e+04
4.00669166600000e+02 7.07926667246786e+04
4.00731358900000e+02 7.13275458971551e+04
4.00793534500000e+02 7.25534482992364e+04
4.00855693400000e+02 7.39508660300970e+04
4.00917835700000e+02 7.51460794054713e+04
4.00979961400000e+02 7.61696562977638e+04
4.01042070300000e+02 7.68448421483606e+04
4.01104162600000e+02 7.71200136135049e+04
4.01166238200000e+02 7.72673164194581e+04
4.01228297200000e+02 7.75319051571509e+04
4.01290339400000e+02 7.78066020214702e+04
4.01352365000000e+02 7.78865899675974e+04
4.01414373900000e+02 7.76641460092249e+04
4.01476366000000e+02 7.72662949667183e+04
4.01538341500000e+02 7.69743971201829e+04
4.01600300400000e+02 7.70243514450100e+04
4.01662242500000e+02 7.73630177543387e+04
4.01724167900000e+02 7.75264796694401e+04
4.01786076600000e+02 7.74483432234659e+04
4.01847968600000e+02 7.73547807030605e+04
4.01909843800000e+02 7.73813250267844e+04
4.01971702400000e+02 7.77079598538362e+04
4.02033544300000e+02 7.82302789951584e+04
4.02095369400000e+02 7.85130852781662e+04
4.02157177800000e+02 7.82769603770850e+04
4.02218969500000e+02 7.78960054063569e+04
4.02280744500000e+02 7.77891274850578e+04
4.02342502700000e+02 7.79161821432435e+04
4.02404244200000e+02 7.81086521104720e+04
4.02465968900000e+02 7.83876544718313e+04
4.02527677000000e+02 7.86011894704283e+04
4.02589368200000e+02 7.86633554259833e+04
4.02651042800000e+02 7.85907264636300e+04
4.02712700500000e+02 7.81715892787087e+04
4.02774341600000e+02 7.72061415055276e+04
4.02835965800000e+02 7.60106203197985e+04
4.02897573400000e+02 7.48277296692595e+04
4.02959164100000e+02 7.34840915651340e+04
4.03020738100000e+02 7.18846586313637e+04
4.03082295400000e+02 7.04083345407918e+04
4.03143835800000e+02 6.91300339485294e+04
4.03205359500000e+02 6.82524430197175e+04
4.03266866400000e+02 6.80890148401609e+04
4.03328356500000e+02 6.88239074892961e+04
4.03389829900000e+02 7.00305246002592e+04
4.03451286500000e+02 7.14440767136356e+04
4.03512726300000e+02 7.31160215537728e+04
4.03574149200000e+02 7.48314366313150e+04
4.03635555400000e+02 7.63256601588223e+04
4.03696944900000e+02 7.74880255611407e+04
4.03758317500000e+02 7.83803972595078e+04
4.03819673300000e+02 7.89134021638788e+04
4.03881012300000e+02 7.92487853417180e+04
4.03942334500000e+02 7.93986969951497e+04
4.04003639800000e+02 7.92068772372650e+04
4.04064928400000e+02 7.83529890744224e+04
4.04126200200000e+02 7.67741904112927e+04
4.04187455100000e+02 7.46726744276347e+04
4.04248693200000e+02 7.21481714923204e+04
4.04309914500000e+02 6.97079970078525e+04
4.04371119000000e+02 6.79884208631937e+04
4.04432306600000e+02 6.70659328199061e+04
4.04493477400000e+02 6.64955773784841e+04
4.04554631300000e+02 6.60981843791974e+04
4.04615768500000e+02 6.60938615615012e+04
4.04676888700000e+02 6.67909673830103e+04
4.04737992200000e+02 6.83347714561987e+04
4.04799078700000e+02 7.06214633033505e+04
4.04860148500000e+02 7.31091317668526e+04
4.04921201400000e+02 7.49170526029453e+04
4.04982237400000e+02 7.57969348146751e+04
4.05043256500000e+02 7.61323575491973e+04
4.05104258800000e+02 7.61575351682528e+04
4.05165244300000e+02 7.58447031696509e+04
4.05226212800000e+02 7.51679191101154e+04
4.05287164500000e+02 7.43502022446033e+04
4.05348099300000e+02 7.35472193676710e+04
4.05409017200000e+02 7.27074837260492e+04
4.05469918300000e+02 7.17731086233292e+04
4.05530802500000e+02 7.09859183543413e+04
4.05591669700000e+02 7.03746667755148e+04
4.05652520100000e+02 7.00940197913963e+04
4.05713353600000e+02 7.02370069853540e+04
4.05774170200000e+02 7.06570107331056e+04
4.05834969900000e+02 7.08870091845280e+04
4.05895752700000e+02 7.06993782685829e+04
4.05956518600000e+02 7.02329525103721e+04
4.06017267600000e+02 6.95185489659483e+04
4.06077999700000e+02 6.85334313871363e+04
4.06138714900000e+02 6.76900331997980e+04
4.06199413100000e+02 6.72617407967404e+04
4.06260094500000e+02 6.69468383618664e+04
4.06320758900000e+02 6.63897530280779e+04
4.06381406400000e+02 6.56952966456524e+04
4.06442036900000e+02 6.52704022089017e+04
4.06502650500000e+02 6.55173536085816e+04
4.06563247200000e+02 6.67008311079453e+04
4.06623827000000e+02 6.85463789157468e+04
4.06684389800000e+02 7.02832378795433e+04
4.06744935700000e+02 7.11969656462277e+04
4.06805464600000e+02 7.12833678964481e+04
4.06865976600000e+02 7.08137726243504e+04
4.06926471600000e+02 7.04464243502695e+04
4.06986949700000e+02 7.06078700872346e+04
4.07047410800000e+02 7.10318791431683e+04
4.07107854900000e+02 7.12249605277228e+04
4.07168282100000e+02 7.09661909308021e+04
4.07228692300000e+02 7.04729297561585e+04
4.07289085600000e+02 6.99302239181689e+04
4.07349461900000e+02 6.94907255395941e+04
4.07409821200000e+02 6.92928940182315e+04
4.07470163500000e+02 6.91491111495510e+04
4.07530488900000e+02 6.88289982270500e+04
4.07590797200000e+02 6.84026835238513e+04
4.07651088600000e+02 6.80981504732992e+04
4.07711363000000e+02 6.80701863089230e+04
4.07771620400000e+02 6.84263803011673e+04
4.07831860800000e+02 6.91765967899975e+04
4.07892084200000e+02 7.02656838528884e+04
4.07952290600000e+02 7.15441806762303e+04
4.08012479900000e+02 7.27603434501091e+04
4.08072652300000e+02 7.37040114014597e+04
4.08132807700000e+02 7.43116580289361e+04
4.08192946100000e+02 7.46454340434890e+04
4.08253067400000e+02 7.48396487363761e+04
4.08313171700000e+02 7.48702650869429e+04
4.08373259000000e+02 7.48536914730413e+04
4.08433329300000e+02 7.49802861414323e+04
4.08493382600000e+02 7.54049342685387e+04
4.08553418800000e+02 7.61047621545398e+04
4.08613438000000e+02 7.69540384443341e+04
4.08673440100000e+02 7.79074511091454e+04
4.08733425200000e+02 7.88051026680334e+04
4.08793393300000e+02 7.95977260546150e+04
4.08853344300000e+02 8.01602771542877e+04
4.08913278300000e+02 8.03565740359807e+04
4.08973195200000e+02 8.01165394895321e+04
4.09033095000000e+02 7.97604656889915e+04
4.09092977800000e+02 7.94170899009055e+04
4.09152843600000e+02 7.89094212019047e+04
4.09212692300000e+02 7.80931264048762e+04
4.09272523900000e+02 7.71265593775111e+04
4.09332338400000e+02 7.60957938382589e+04
4.09392135900000e+02 7.50595659703418e+04
4.09451916300000e+02 7.41743995919355e+04
4.09511679600000e+02 7.33650660493536e+04
4.09571425800000e+02 7.23339995477667e+04
4.09631155000000e+02 7.09977520808959e+04
4.09690867100000e+02 6.94888664234990e+04
4.09750562000000e+02 6.78210343208760e+04
4.09810239900000e+02 6.59345792654458e+04
4.09869900700000e+02 6.39450692431782e+04
4.09929544400000e+02 6.21912000980960e+04
4.09989171000000e+02 6.08991749119492e+04
4.10048780500000e+02 6.01299095047790e+04
4.10108372800000e+02 5.97530346106656e+04
4.10167948100000e+02 5.96544923803687e+04
4.10227506200000e+02 5.99583913434220e+04
4.10287047300000e+02 6.08997003865062e+04
4.10346571200000e+02 6.24305918185019e+04
4.10406078000000e+02 6.44154203267610e+04
4.10465567600000e+02 6.65353884346241e+04
4.10525040200000e+02 6.84531274157437e+04
4.10584495600000e+02 7.00052162291952e+04
4.10643933900000e+02 7.12182097035769e+04
4.10703355000000e+02 7.21544100986255e+04
4.10762759000000e+02 7.28328259995723e+04
4.10822145800000e+02 7.32999963437799e+04
4.10881515500000e+02 7.36588870148412e+04
4.10940868100000e+02 7.40446746032096e+04
4.11000203500000e+02 7.44731505775880e+04
4.11059521800000e+02 7.50817671148687e+04
4.11118822800000e+02 7.57848730238840e+04
4.11178106800000e+02 7.64745593045000e+04
4.11237373500000e+02 7.71920474975703e+04
4.11296623100000e+02 7.80029926706163e+04
4.11355855600000e+02 7.87940475274677e+04
4.11415070800000e+02 7.94666510047586e+04
4.11474268900000e+02 7.99426682897531e+04
4.11533449800000e+02 7.99963139466929e+04
4.11592613500000e+02 7.95787758032762e+04
4.11651760100000e+02 7.90562657033368e+04
4.11710889400000e+02 7.87408120263074e+04
4.11770001600000e+02 7.85864287626128e+04
4.11829096600000e+02 7.82958134203429e+04
4.11888174300000e+02 7.78472826707532e+04
4.11947234900000e+02 7.73538437105832e+04
4.12006278300000e+02 7.69320869065852e+04
4.12065304400000e+02 7.67530132665446e+04
4.12124313400000e+02 7.69905407516909e+04
4.12183305100000e+02 7.74646278158246e+04
4.12242279700000e+02 7.77425420399728e+04
4.12301237000000e+02 7.76577450310072e+04
4.12360177100000e+02 7.74279339707724e+04
4.12419100000000e+02 7.72330883530568e+04
4.12478005600000e+02 7.69230723471254e+04
4.12536894000000e+02 7.66175450968667e+04
4.12595765200000e+02 7.64286184622733e+04
4.12654619200000e+02 7.62446499379892e+04
4.12713455900000e+02 7.58656937110456e+04
4.12772275400000e+02 7.54211062161209e+04
4.12831077600000e+02 7.49684946152948e+04
4.12889862600000e+02 7.42107906780235e+04
4.12948630400000e+02 7.31982063428514e+04
4.13007380800000e+02 7.24404434566585e+04
4.13066114100000e+02 7.20438956251122e+04
4.13124830000000e+02 7.15882119208272e+04
4.13183528800000e+02 7.11431424190399e+04
4.13242210200000e+02 7.11317286652380e+04
4.13300874400000e+02 7.14928613102130e+04
4.13359521300000e+02 7.20061555292051e+04
4.13418150900000e+02 7.27081102711799e+04
4.13476763300000e+02 7.38280628925593e+04
4.13535358400000e+02 7.51838374102337e+04
4.13593936200000e+02 7.65237442018566e+04
4.13652496700000e+02 7.78677805341914e+04
4.13711040000000e+02 7.91118526118198e+04
4.13769565900000e+02 7.99655147265717e+04
4.13828074600000e+02 8.02532734640266e+04
4.13886565900000e+02 8.00291926862204e+04
4.13945040000000e+02 7.93947427566475e+04
4.14003496700000e+02 7.83880471587097e+04
4.14061936200000e+02 7.69303156425005e+04
4.14120358300000e+02 7.53862135480205e+04
4.14178763100000e+02 7.42679880372388e+04
4.14237150700000e+02 7.36036218746207e+04
4.14295520900000e+02 7.30967018946669e+04
4.14353873700000e+02 7.26692990999565e+04
4.14412209300000e+02 7.24579948590831e+04
4.14470527500000e+02 7.25728668756356e+04
4.14528828400000e+02 7.31649585263486e+04
4.14587112000000e+02 7.41147859547559e+04
4.14645378200000e+02 7.50860445215579e+04
4.14703627100000e+02 7.57193767905600e+04
4.14761858700000e+02 7.60496556131261e+04
4.14820072900000e+02 7.63344892913514e+04
4.14878269800000e+02 7.63811801038369e+04
4.14936449300000e+02 7.61354010197616e+04
4.14994611500000e+02 7.58449814214923e+04
4.15052756300000e+02 7.54442479425116e+04
4.15110883700000e+02 7.47267767933212e+04
4.15168993800000e+02 7.39979499879051e+04
4.15227086500000e+02 7.37127926952003e+04
4.15285161900000e+02 7.35685376700063e+04
4.15343219900000e+02 7.31170102837917e+04
4.15401260500000e+02 7.25564464035352e+04
4.15459283800000e+02 7.22724006309427e+04
4.15517289600000e+02 7.22217505584942e+04
4.15575278100000e+02 7.22389717421330e+04
4.15633249200000e+02 7.25931069138059e+04
4.15691202900000e+02 7.33793039676057e+04
4.15749139300000e+02 7.41599156417657e+04
4.15807058200000e+02 7.47255531510961e+04
4.15864959700000e+02 7.53604309968645e+04
4.15922843800000e+02 7.63776521887141e+04
4.15980710600000e+02 7.74840726808327e+04
4.16038559900000e+02 7.83730704249353e+04
4.16096391800000e+02 7.90438740166456e+04
4.16154206300000e+02 7.95800726869024e+04
4.16212003400000e+02 7.99425761372022e+04
4.16269783100000e+02 8.01118981182360e+04
4.16327545400000e+02 8.02584024660720e+04
4.16385290200000e+02 8.01942043470000e+04
4.16443017600000e+02 7.96822971419129e+04
4.16500727600000e+02 7.89139068910612e+04
4.16558420100000e+02 7.83437150292082e+04
4.16616095200000e+02 7.80121537729249e+04
4.16673752900000e+02 7.76912965328531e+04
4.16731393100000e+02 7.72871803726140e+04
4.16789015900000e+02 7.67236775999614e+04
4.16846621300000e+02 7.59035732650747e+04
4.16904209200000e+02 7.48474974747056e+04
4.16961779600000e+02 7.38906859134588e+04
4.17019332600000e+02 7.31605022177500e+04
4.17076868100000e+02 7.24684140590601e+04
4.17134386200000e+02 7.17764046046984e+04
4.17191886800000e+02 7.10931468372518e+04
4.17249370000000e+02 7.04498514055981e+04
4.17306835600000e+02 6.99106016732569e+04
4.17364283800000e+02 6.96064383129586e+04
4.17421714500000e+02 6.95727051203089e+04
4.17479127800000e+02 6.97358763005575e+04
4.17536523500000e+02 7.01978710675434e+04
4.17593901800000e+02 7.08121413305106e+04
4.17651262600000e+02 7.14502576622355e+04
4.17708605900000e+02 7.20508962083236e+04
4.17765931700000e+02 7.25424527288427e+04
4.17823240000000e+02 7.28106118987124e+04
4.17880530800000e+02 7.26831443029703e+04
4.17937804100000e+02 7.25015931155767e+04
4.17995059900000e+02 7.25144431235027e+04
4.18052298200000e+02 7.26766593280065e+04
4.18109519000000e+02 7.27681777182295e+04
4.18166722300000e+02 7.27960599104160e+04
4.18223908000000e+02 7.28619676545595e+04
4.18281076200000e+02 7.28085775838479e+04
4.18338226900000e+02 7.25334388312859e+04
4.18395360100000e+02 7.20352614545667e+04
4.18452475800000e+02 7.14832209166298e+04
4.18509573900000e+02 7.10861439602501e+04
4.18566654500000e+02 7.09393934374694e+04
4.18623717500000e+02 7.10600659773440e+04
4.18680763000000e+02 7.13578913609713e+04
4.18737791000000e+02 7.15941580281527e+04
4.18794801400000e+02 7.16107005906970e+04
4.18851794300000e+02 7.14707367080933e+04
4.18908769600000e+02 7.17060616023459e+04
4.18965727400000e+02 7.26294975328088e+04
4.19022667600000e+02 7.39796106073596e+04
4.19079590200000e+02 7.52263878673705e+04
4.19136495300000e+02 7.60401570144528e+04
4.19193382800000e+02 7.62920735436771e+04
4.19250252700000e+02 7.59843352576093e+04
4.19307105100000e+02 7.54585119533270e+04
4.19363939900000e+02 7.49976611529430e+04
4.19420757100000e+02 7.46559096865165e+04
4.19477556700000e+02 7.40264287792834e+04
4.19534338800000e+02 7.27864803093979e+04
4.19591103200000e+02 7.12576734913308e+04
4.19647850100000e+02 6.99497392428308e+04
4.19704579400000e+02 6.90787840854388e+04
4.19761291100000e+02 6.84751279188580e+04
4.19817985100000e+02 6.80285639113271e+04
4.19874661600000e+02 6.75587836187895e+04
4.19931320500000e+02 6.70929280196002e+04
4.19987961700000e+02 6.69699670971748e+04
4.20044585400000e+02 6.73701691317566e+04
4.20101191400000e+02 6.82332216925011e+04
4.20157779900000e+02 6.91339556621487e+04
4.20214350700000e+02 6.98705675032775e+04
4.20270903800000e+02 7.06452121379595e+04
4.20327439400000e+02 7.15604118831920e+04
4.20383957300000e+02 7.25718490862540e+04
4.20440457600000e+02 7.37139672221921e+04
4.20496940200000e+02 7.49817424404726e+04
4.20553405300000e+02 7.60300626556558e+04
4.20609852600000e+02 7.67488607293107e+04
4.20666282400000e+02 7.72417614017132e+04
4.20722694500000e+02 7.75646253039749e+04
4.20779088900000e+02 7.77746978236628e+04
4.20835465700000e+02 7.79991084611361e+04
4.20891824800000e+02 7.82948185885117e+04
4.20948166300000e+02 7.86429526890478e+04
4.21004490100000e+02 7.88599166825942e+04
4.21060796200000e+02 7.88303165736798e+04
4.21117084700000e+02 7.86752679463106e+04
4.21173355500000e+02 7.84474682476809e+04
4.21229608700000e+02 7.79819489576665e+04
4.21285844100000e+02 7.72953362343261e+04
4.21342061900000e+02 7.66383840832452e+04
4.21398262000000e+02 7.61413848146415e+04
4.21454444400000e+02 7.57127120401348e+04
4.21510609100000e+02 7.53248976706105e+04
4.21566756200000e+02 7.50001604558726e+04
4.21622885500000e+02 7.47677087979275e+04
4.21678997100000e+02 7.46757495509746e+04
4.21735091100000e+02 7.49023562908295e+04
4.21791167300000e+02 7.56484696764200e+04
4.21847225900000e+02 7.66311911772508e+04
4.21903266700000e+02 7.73267170702030e+04
4.21959289800000e+02 7.75623334921732e+04
4.22015295200000e+02 7.74756265725772e+04
4.22071282900000e+02 7.70331741282583e+04
4.22127252900000e+02 7.61643529100643e+04
4.22183205100000e+02 7.49205646061056e+04
4.22239139600000e+02 7.32672206135269e+04
4.22295056400000e+02 7.10398305108299e+04
4.22350955500000e+02 6.82648830348645e+04
4.22406836800000e+02 6.54167775629328e+04
4.22462700400000e+02 6.32055404108993e+04
4.22518546200000e+02 6.19989111390790e+04
4.22574374300000e+02 6.16601818506056e+04
4.22630184700000e+02 6.18591707289757e+04
4.22685977300000e+02 6.23715757043417e+04
4.22741752100000e+02 6.33006113279127e+04
4.22797509200000e+02 6.47202965415876e+04
4.22853248500000e+02 6.66980417134910e+04
4.22908970100000e+02 6.90728242001464e+04
4.22964673900000e+02 7.14163786244900e+04
4.23020360000000e+02 7.31039769680943e+04
4.23076028200000e+02 7.39931268009040e+04
4.23131678700000e+02 7.44631527947042e+04
4.23187311400000e+02 7.46866638813236e+04
4.23242926400000e+02 7.44513040844056e+04
4.23298523600000e+02 7.35790879775567e+04
4.23354102900000e+02 7.24596687651932e+04
4.23409664500000e+02 7.14884684793061e+04
4.23465208300000e+02 7.08163349531595e+04
4.23520734300000e+02 7.04143265207313e+04
4.23576242500000e+02 7.02237640342845e+04
4.23631732900000e+02 7.00626814501113e+04
4.23687205500000e+02 6.97439967475840e+04
4.23742660300000e+02 6.95519882251157e+04
4.23798097300000e+02 6.99129263566237e+04
4.23853516500000e+02 7.08190368651768e+04
4.23908917900000e+02 7.17357687976685e+04
4.23964301400000e+02 7.22670855773619e+04
4.24019667100000e+02 7.25980279013241e+04
4.24075015000000e+02 7.30146865265896e+04
4.24130345100000e+02 7.37543810563635e+04
4.24185657400000e+02 7.46203674346510e+04
4.24240951800000e+02 7.53589276325083e+04
4.24296228400000e+02 7.58301822289942e+04
4.24351487100000e+02 7.58780822103026e+04
4.24406728000000e+02 7.54990736756161e+04
4.24461951100000e+02 7.49120738947566e+04
4.24517156300000e+02 7.44057450232408e+04
4.24572343600000e+02 7.39124099238474e+04
