278.728	0
278.813	0
278.898	0
278.983	0
279.068	0
279.153	0
279.237	0
279.322	0
279.407	0
279.492	0
279.577	0
279.662	0
279.746	0
279.831	0
279.916	0
280.001	0
280.086	0
280.17	0
280.255	0
280.34	0
280.424	0
280.509	0
280.594	0
280.679	0
280.763	0
280.848	0
280.933	0
281.017	0
281.102	0
281.187	0
281.271	0
281.356	0
281.44	0
281.525	0
281.61	0
281.694	0
281.779	0
281.863	0
281.948	0
282.032	0
282.117	0
282.201	0
282.286	0
282.37	0
282.455	0
282.539	0
282.624	0
282.708	0
282.793	0
282.877	0
282.961	0
283.046	0
283.13	0
283.215	0
283.299	0
283.383	0
283.468	0
283.552	0
283.636	0
283.721	0
283.805	0
283.889	0
283.974	0
284.058	0
284.142	0
284.227	0
284.311	0
284.395	0
284.479	0
284.563	0
284.648	0
284.732	0
284.816	0
284.9	0
284.984	0
285.069	0
285.153	0
285.237	0
285.321	0
285.405	0
285.489	0
285.573	0
285.657	0
285.742	0
285.826	0
285.91	0
285.994	0
286.078	0
286.162	0
286.246	0
286.33	0
286.414	0
286.498	0
286.582	0
286.666	0
286.75	0
286.834	0
286.918	0
287.001	0
287.085	0
287.169	0
287.253	0
287.337	0
287.421	0
287.505	0
287.589	0
287.672	0
287.756	0
287.84	0
287.924	0
288.008	0
288.091	0
288.175	0
288.259	0
288.343	0
288.426	0
288.51	0
288.594	0
288.678	0
288.761	0
288.845	0
288.929	0
289.012	0
289.096	0
289.18	0
289.263	0
289.347	0
289.431	0
289.514	0
289.598	0
289.681	0
289.765	0
289.849	0
289.932	0
290.016	0
290.099	0
290.183	0
290.266	0
290.35	0
290.433	0
290.517	0
290.6	0
290.684	0
290.767	0
290.85	0
290.934	0
291.017	0
291.101	0
291.184	0
291.267	0
291.351	0
291.434	0
291.518	0
291.601	0
291.684	0
291.767	0
291.851	0
291.934	0
292.017	0
292.101	0
292.184	0
292.267	0
292.35	0
292.434	0
292.517	0
292.6	0
292.683	0
292.766	0
292.85	0
292.933	0
293.016	0
293.099	0
293.182	0
293.265	0
293.348	0
293.432	0
293.515	0
293.598	0
293.681	0
293.764	0
293.847	0
293.93	0
294.013	0
294.096	0
294.179	0
294.262	0
294.345	0
294.428	0
294.511	0
294.594	0
294.677	0
294.76	0
294.843	0
294.925	0
295.008	0
295.091	0
295.174	0
295.257	0
295.34	0
295.423	0
295.505	0
295.588	0
295.671	0
295.754	0
295.837	0
295.919	0
296.002	0
296.085	0
296.168	0
296.25	0
296.333	0
296.416	0
296.499	0
296.581	1.60294e-18
296.664	2.11649e-18
296.747	2.59123e-18
296.829	2.99023e-18
296.912	3.28361e-18
296.994	3.4402e-18
297.077	3.4597e-18
297.16	3.37726e-18
297.242	3.23671e-18
297.325	3.07679e-18
297.407	2.92389e-18
297.49	2.784e-18
297.573	2.64349e-18
297.655	2.49407e-18
297.738	2.33864e-18
297.82	2.18253e-18
297.903	2.02446e-18
297.985	1.86343e-18
298.068	1.71344e-18
298.15	1.5812e-18
298.233	1.45717e-18
298.315	1.34372e-18
298.397	1.25393e-18
298.48	1.20441e-18
298.562	1.21521e-18
298.645	1.30492e-18
298.727	1.50053e-18
298.809	1.81853e-18
298.892	2.2226e-18
298.974	2.65744e-18
299.057	3.08278e-18
299.139	3.4498e-18
299.221	3.71079e-18
299.304	3.83486e-18
299.386	3.81278e-18
299.468	3.67387e-18
299.55	3.4599e-18
299.633	3.20949e-18
299.715	2.96033e-18
299.797	2.73329e-18
299.879	2.53036e-18
299.962	2.35575e-18
300.044	2.21096e-18
300.126	2.08689e-18
300.208	1.98123e-18
300.29	1.89025e-18
300.373	1.80394e-18
300.455	1.72445e-18
300.537	1.65534e-18
300.619	1.60549e-18
300.701	1.5849e-18
300.783	1.57818e-18
300.865	1.57629e-18
300.947	1.59187e-18
301.03	1.63913e-18
301.112	1.73603e-18
301.194	1.89703e-18
301.276	2.13252e-18
301.358	2.45101e-18
301.44	2.82523e-18
301.522	3.20187e-18
301.604	3.54689e-18
301.686	3.82993e-18
301.768	4.01072e-18
301.85	4.0708e-18
301.932	4.01894e-18
302.014	3.88402e-18
302.096	3.69851e-18
302.177	3.48116e-18
302.259	3.25283e-18
302.341	3.03408e-18
302.423	2.82172e-18
302.505	2.60984e-18
302.587	2.4114e-18
302.669	2.23398e-18
302.751	2.07116e-18
302.832	1.92187e-18
302.914	1.78583e-18
302.996	1.66504e-18
303.078	1.56194e-18
303.16	1.46644e-18
303.241	1.37799e-18
303.323	1.30985e-18
303.405	1.26597e-18
303.487	1.24586e-18
303.568	1.2529e-18
303.65	1.2959e-18
303.732	1.39783e-18
303.813	1.58064e-18
303.895	1.85072e-18
303.977	2.21338e-18
304.058	2.66492e-18
304.14	3.17327e-18
304.222	3.69126e-18
304.303	4.17188e-18
304.385	4.56758e-18
304.467	4.8399e-18
304.548	4.96699e-18
304.63	4.94622e-18
304.711	4.80014e-18
304.793	4.56404e-18
304.874	4.26786e-18
304.956	3.9423e-18
305.037	3.61175e-18
305.119	3.2863e-18
305.2	2.9798e-18
305.282	2.70454e-18
305.363	2.45708e-18
305.445	2.23998e-18
305.526	2.0595e-18
305.608	1.9092e-18
305.689	1.77834e-18
305.77	1.66165e-18
305.852	1.56484e-18
305.933	1.49343e-18
306.015	1.4378e-18
306.096	1.38896e-18
306.177	1.3558e-18
306.259	1.35302e-18
306.34	1.38386e-18
306.421	1.44715e-18
306.503	1.54825e-18
306.584	1.70084e-18
306.665	1.92985e-18
306.747	2.25214e-18
306.828	2.66398e-18
306.909	3.14893e-18
306.99	3.67785e-18
307.071	4.21288e-18
307.153	4.70879e-18
307.234	5.1168e-18
307.315	5.40176e-18
307.396	5.55159e-18
307.477	5.57079e-18
307.559	5.47424e-18
307.64	5.28674e-18
307.721	5.03876e-18
307.802	4.75952e-18
307.883	4.47235e-18
307.964	4.19171e-18
308.045	3.91726e-18
308.126	3.64226e-18
308.207	3.36724e-18
308.288	3.09762e-18
308.369	2.84217e-18
308.45	2.60319e-18
308.531	2.37218e-18
308.612	2.15573e-18
308.693	1.96574e-18
308.774	1.80354e-18
308.855	1.6686e-18
308.936	1.55716e-18
309.017	1.4692e-18
309.098	1.40461e-18
309.179	1.35326e-18
309.26	1.31003e-18
309.341	1.2839e-18
309.422	1.28804e-18
309.503	1.33164e-18
309.584	1.4293e-18
309.664	1.60604e-18
309.745	1.88254e-18
309.826	2.27714e-18
309.907	2.7986e-18
309.988	3.42396e-18
310.068	4.10478e-18
310.149	4.78356e-18
310.23	5.40353e-18
310.311	5.919e-18
310.391	6.29832e-18
310.472	6.52041e-18
310.553	6.58332e-18
310.634	6.51263e-18
310.714	6.34416e-18
310.795	6.10769e-18
310.876	5.83109e-18
310.956	5.53696e-18
311.037	5.23818e-18
311.118	4.94545e-18
311.198	4.66154e-18
311.279	4.37907e-18
311.359	4.0996e-18
311.44	3.83223e-18
311.521	3.57293e-18
311.601	3.31445e-18
311.682	3.05861e-18
311.762	2.81127e-18
311.843	2.5819e-18
311.923	2.37614e-18
312.004	2.18796e-18
312.084	2.01249e-18
312.165	1.85185e-18
312.245	1.70461e-18
312.326	1.56868e-18
312.406	1.44718e-18
312.487	1.34143e-18
312.567	1.25427e-18
312.647	1.19707e-18
312.728	1.18437e-18
312.808	1.22999e-18
312.888	1.35584e-18
312.969	1.59601e-18
313.049	1.98485e-18
313.129	2.54309e-18
313.21	3.25949e-18
313.29	4.08823e-18
313.37	4.96945e-18
313.451	5.8374e-18
313.531	6.62199e-18
313.611	7.25918e-18
313.691	7.70812e-18
313.772	7.95585e-18
313.852	8.01688e-18
313.932	7.93018e-18
314.012	7.73606e-18
314.092	7.46427e-18
314.173	7.14092e-18
314.253	6.78237e-18
314.333	6.4003e-18
314.413	6.00917e-18
314.493	5.62011e-18
314.573	5.23911e-18
314.653	4.87132e-18
314.734	4.52148e-18
314.814	4.18913e-18
314.894	3.87393e-18
314.974	3.57744e-18
315.054	3.30356e-18
315.134	3.06069e-18
315.214	2.85175e-18
315.294	2.67349e-18
315.374	2.52238e-18
315.454	2.39771e-18
315.534	2.29735e-18
315.614	2.20588e-18
315.694	2.10895e-18
315.774	2.00501e-18
315.853	1.89574e-18
315.933	1.78619e-18
316.013	1.68245e-18
316.093	1.58592e-18
316.173	1.4986e-18
316.253	1.42395e-18
316.333	1.36463e-18
316.413	1.33383e-18
316.492	1.36334e-18
316.572	1.52153e-18
316.652	1.94217e-18
316.732	2.73642e-18
316.811	3.85675e-18
316.891	5.14356e-18
316.971	6.45837e-18
317.051	7.71543e-18
317.13	8.82464e-18
317.21	9.64439e-18
317.29	1.00524e-17
317.37	1.00636e-17
317.449	9.79852e-18
317.529	9.37563e-18
317.608	8.88075e-18
317.688	8.36651e-18
317.768	7.85316e-18
317.847	7.34555e-18
317.927	6.84568e-18
318.007	6.35927e-18
318.086	5.89677e-18
318.166	5.46501e-18
318.245	5.06509e-18
318.325	4.69677e-18
318.404	4.35769e-18
318.484	4.04655e-18
318.563	3.76482e-18
318.643	3.51266e-18
318.722	3.28664e-18
318.802	3.07997e-18
318.881	2.88595e-18
318.961	2.70288e-18
319.04	2.53557e-18
319.119	2.39273e-18
319.199	2.27745e-18
319.278	2.18283e-18
319.357	2.10257e-18
319.437	2.03657e-18
319.516	1.9857e-18
319.596	1.94875e-18
319.675	1.92773e-18
319.754	1.9238e-18
319.833	1.93201e-18
319.913	1.95147e-18
319.992	1.98587e-18
320.071	2.03906e-18
320.15	2.11267e-18
320.23	2.20703e-18
320.309	2.3369e-18
320.388	2.53855e-18
320.467	2.86949e-18
320.547	3.41589e-18
320.626	4.2674e-18
320.705	5.42981e-18
320.784	6.77905e-18
320.863	8.14976e-18
320.942	9.42352e-18
321.021	1.05117e-17
321.1	1.13125e-17
321.18	1.17163e-17
321.259	1.16821e-17
321.338	1.12898e-17
321.417	1.06742e-17
321.496	9.94802e-18
321.575	9.19304e-18
321.654	8.45865e-18
321.733	7.76701e-18
321.812	7.12924e-18
321.891	6.5495e-18
321.97	6.02613e-18
322.049	5.55271e-18
322.127	5.11984e-18
322.206	4.72045e-18
322.285	4.35628e-18
322.364	4.03262e-18
322.443	3.75081e-18
322.522	3.50792e-18
322.601	3.29824e-18
322.68	3.12158e-18
322.758	2.97744e-18
322.837	2.85471e-18
322.916	2.73968e-18
322.995	2.62641e-18
323.074	2.51897e-18
323.152	2.42489e-18
323.231	2.34709e-18
323.31	2.28444e-18
323.389	2.23672e-18
323.467	2.20335e-18
323.546	2.18297e-18
323.625	2.17574e-18
323.703	2.18531e-18
323.782	2.2174e-18
323.861	2.27352e-18
323.939	2.35509e-18
324.018	2.46687e-18
324.097	2.61155e-18
324.175	2.79162e-18
324.254	3.01097e-18
324.332	3.27824e-18
324.411	3.61195e-18
324.489	4.03914e-18
324.568	4.58351e-18
324.646	5.25646e-18
324.725	6.0561e-18
324.803	6.96323e-18
324.882	7.93686e-18
324.96	8.91286e-18
325.039	9.8134e-18
325.117	1.05694e-17
325.196	1.11335e-17
325.274	1.14746e-17
325.353	1.15776e-17
325.431	1.14547e-17
325.509	1.1144e-17
325.588	1.06945e-17
325.666	1.01518e-17
325.744	9.55102e-18
325.823	8.92029e-18
325.901	8.28453e-18
325.979	7.66203e-18
326.058	7.06263e-18
326.136	6.4926e-18
326.214	5.95828e-18
326.292	5.46367e-18
326.371	5.00891e-18
326.449	4.59223e-18
326.527	4.20998e-18
326.605	3.86001e-18
326.683	3.54427e-18
326.762	3.26411e-18
326.84	3.01679e-18
326.918	2.79796e-18
326.996	2.60533e-18
327.074	2.43856e-18
327.152	2.29555e-18
327.23	2.16941e-18
327.308	2.05673e-18
327.386	1.95862e-18
327.465	1.87675e-18
327.543	1.8148e-18
327.621	1.77683e-18
327.699	1.7673e-18
327.777	1.78888e-18
327.855	1.83956e-18
327.933	1.91731e-18
328.011	2.02436e-18
328.088	2.16102e-18
328.166	2.32619e-18
328.244	2.52648e-18
328.322	2.77201e-18
328.4	3.07293e-18
328.478	3.43785e-18
328.556	3.87493e-18
328.634	4.39612e-18
328.712	5.00833e-18
328.789	5.70557e-18
328.867	6.47281e-18
328.945	7.28797e-18
329.023	8.12098e-18
329.101	8.93364e-18
329.178	9.68174e-18
329.256	1.03244e-17
329.334	1.08319e-17
329.412	1.1185e-17
329.489	1.13749e-17
329.567	1.14049e-17
329.645	1.12897e-17
329.722	1.10514e-17
329.8	1.07142e-17
329.878	1.03026e-17
329.955	9.84177e-18
330.033	9.3536e-18
330.111	8.85406e-18
330.188	8.35301e-18
330.266	7.85698e-18
330.343	7.3736e-18
330.421	6.90806e-18
330.498	6.46037e-18
330.576	6.02807e-18
330.653	5.61267e-18
330.731	5.22295e-18
330.808	4.86703e-18
330.886	4.54365e-18
330.963	4.24619e-18
331.041	3.97199e-18
331.118	3.72259e-18
331.196	3.49661e-18
331.273	3.28666e-18
331.35	3.08658e-18
331.428	2.8957e-18
331.505	2.71521e-18
331.583	2.54685e-18
331.66	2.39202e-18
331.737	2.25077e-18
331.815	2.12279e-18
331.892	2.00817e-18
331.969	1.90733e-18
332.046	1.8219e-18
332.124	1.75304e-18
332.201	1.69961e-18
332.278	1.66015e-18
332.355	1.63451e-18
332.433	1.62592e-18
332.51	1.64184e-18
332.587	1.69018e-18
332.664	1.7803e-18
332.741	1.92734e-18
332.818	2.15234e-18
332.895	2.48024e-18
332.973	2.93635e-18
333.05	3.54135e-18
333.127	4.30538e-18
333.204	5.21883e-18
333.281	6.24874e-18
333.358	7.34461e-18
333.435	8.44369e-18
333.512	9.47753e-18
333.589	1.0381e-17
333.666	1.11034e-17
333.743	1.16147e-17
333.82	1.19073e-17
333.897	1.19955e-17
333.974	1.19083e-17
334.051	1.16811e-17
334.128	1.13499e-17
334.205	1.0946e-17
334.281	1.04947e-17
334.358	1.00141e-17
334.435	9.51786e-18
334.512	9.01805e-18
334.589	8.52665e-18
334.666	8.05109e-18
334.742	7.5948e-18
334.819	7.161e-18
334.896	6.75202e-18
334.973	6.36801e-18
335.05	6.00831e-18
335.126	5.67256e-18
335.203	5.36e-18
335.28	5.06957e-18
335.356	4.80006e-18
335.433	4.54997e-18
335.51	4.31738e-18
335.586	4.10077e-18
335.663	3.89877e-18
335.74	3.71097e-18
335.816	3.53718e-18
335.893	3.37601e-18
335.97	3.22697e-18
336.046	3.09142e-18
336.123	2.96982e-18
336.199	2.86116e-18
336.276	2.76447e-18
336.352	2.67709e-18
336.429	2.59512e-18
336.505	2.51788e-18
336.582	2.44639e-18
336.658	2.38189e-18
336.735	2.32494e-18
336.811	2.27344e-18
336.887	2.22926e-18
336.964	2.19433e-18
337.04	2.16777e-18
337.117	2.14746e-18
337.193	2.1324e-18
337.269	2.12087e-18
337.346	2.111e-18
337.422	2.10359e-18
337.498	2.10019e-18
337.575	2.10196e-18
337.651	2.11175e-18
337.727	2.13715e-18
337.803	2.19404e-18
337.88	2.31132e-18
337.956	2.54262e-18
338.032	2.99656e-18
338.108	3.88054e-18
338.185	5.30813e-18
338.261	7.07445e-18
338.337	8.88601e-18
338.413	1.06033e-17
338.489	1.21558e-17
338.565	1.3456e-17
338.641	1.43204e-17
338.718	1.45459e-17
338.794	1.41922e-17
338.87	1.35118e-17
338.946	1.26855e-17
339.022	1.1814e-17
339.098	1.09611e-17
339.174	1.01493e-17
339.25	9.38281e-18
339.326	8.66012e-18
339.402	7.98306e-18
339.478	7.35787e-18
339.554	6.78886e-18
339.63	6.27487e-18
339.705	5.81105e-18
339.781	5.39296e-18
339.857	5.0172e-18
339.933	4.68054e-18
340.009	4.37893e-18
340.085	4.10769e-18
340.161	3.86355e-18
340.236	3.64448e-18
340.312	3.4472e-18
340.388	3.2692e-18
340.464	3.10888e-18
340.54	2.96471e-18
340.615	2.83588e-18
340.691	2.72193e-18
340.767	2.62331e-18
340.842	2.53877e-18
340.918	2.4654e-18
340.994	2.40296e-18
341.07	2.35319e-18
341.145	2.31512e-18
341.221	2.28489e-18
341.296	2.26054e-18
341.372	2.24378e-18
341.448	2.23615e-18
341.523	2.23556e-18
341.599	2.23935e-18
341.674	2.24825e-18
341.75	2.26595e-18
341.825	2.29438e-18
341.901	2.3319e-18
341.976	2.37754e-18
342.052	2.43255e-18
342.127	2.49845e-18
342.203	2.57703e-18
342.278	2.66907e-18
342.354	2.77337e-18
342.429	2.88991e-18
342.504	3.021e-18
342.58	3.17027e-18
342.655	3.34079e-18
342.731	3.53285e-18
342.806	3.74707e-18
342.881	3.98852e-18
342.957	4.26209e-18
343.032	4.56882e-18
343.107	4.90827e-18
343.182	5.27993e-18
343.258	5.68397e-18
343.333	6.11788e-18
343.408	6.57148e-18
343.483	7.03024e-18
343.559	7.47977e-18
343.634	7.90325e-18
343.709	8.28256e-18
343.784	8.60036e-18
343.859	8.84072e-18
343.934	8.99363e-18
344.009	9.0557e-18
344.084	9.02694e-18
344.16	8.91174e-18
344.235	8.72032e-18
344.31	8.46623e-18
344.385	8.16277e-18
344.46	7.82233e-18
344.535	7.45554e-18
344.61	7.07272e-18
344.685	6.68465e-18
344.76	6.29923e-18
344.835	5.92006e-18
344.91	5.55084e-18
344.985	5.19634e-18
345.06	4.85877e-18
345.134	4.53859e-18
345.209	4.23578e-18
345.284	3.95147e-18
345.359	3.68791e-18
345.434	3.44501e-18
345.509	3.21979e-18
345.584	3.01087e-18
345.658	2.81853e-18
345.733	2.64281e-18
345.808	2.48206e-18
345.883	2.33377e-18
345.957	2.19729e-18
346.032	2.07178e-18
346.107	1.95575e-18
346.182	1.84986e-18
346.256	1.75613e-18
346.331	1.67548e-18
346.406	1.60702e-18
346.48	1.54863e-18
346.555	1.50106e-18
346.629	1.46769e-18
346.704	1.44796e-18
346.779	1.43763e-18
346.853	1.43447e-18
346.928	1.43801e-18
347.002	1.44766e-18
347.077	1.46276e-18
347.151	1.48271e-18
347.226	1.50894e-18
347.3	1.54432e-18
347.375	1.58994e-18
347.449	1.64662e-18
347.524	1.71811e-18
347.598	1.80936e-18
347.673	1.92439e-18
347.747	2.06601e-18
347.821	2.2374e-18
347.896	2.44244e-18
347.97	2.68471e-18
348.044	2.9658e-18
348.119	3.28602e-18
348.193	3.64324e-18
348.267	4.03103e-18
348.342	4.44011e-18
348.416	4.85925e-18
348.49	5.27581e-18
348.564	5.67491e-18
348.639	6.04122e-18
348.713	6.36183e-18
348.787	6.62723e-18
348.861	6.82999e-18
348.935	6.96503e-18
349.01	7.03307e-18
349.084	7.03984e-18
349.158	6.99257e-18
349.232	6.89777e-18
349.306	6.76207e-18
349.38	6.59422e-18
349.454	6.40368e-18
349.528	6.19644e-18
349.602	5.9754e-18
349.676	5.74541e-18
349.75	5.51279e-18
349.824	5.2819e-18
349.898	5.05455e-18
349.972	4.83084e-18
350.046	4.61206e-18
350.12	4.40124e-18
350.194	4.19906e-18
350.268	4.00381e-18
350.342	3.81562e-18
350.416	3.63655e-18
350.49	3.46749e-18
350.563	3.30854e-18
350.637	3.15949e-18
350.711	3.02016e-18
350.785	2.89075e-18
350.859	2.77058e-18
350.932	2.65838e-18
351.006	2.5535e-18
351.08	2.45621e-18
351.154	2.36605e-18
351.227	2.28242e-18
351.301	2.20515e-18
351.375	2.13431e-18
351.448	2.06913e-18
351.522	2.00793e-18
351.596	1.9505e-18
351.669	1.89762e-18
351.743	1.85003e-18
351.817	1.80795e-18
351.89	1.7714e-18
351.964	1.74083e-18
352.037	1.71663e-18
352.111	1.69782e-18
352.184	1.68271e-18
352.258	1.6701e-18
352.331	1.65891e-18
352.405	1.64803e-18
352.478	1.6366e-18
352.552	1.62495e-18
352.625	1.61423e-18
352.699	1.60525e-18
352.772	1.59759e-18
352.845	1.59015e-18
352.919	1.58274e-18
352.992	1.57689e-18
353.065	1.57368e-18
353.139	1.57243e-18
353.212	1.57264e-18
353.285	1.5746e-18
353.359	1.57915e-18
353.432	1.58703e-18
353.505	1.59894e-18
353.578	1.6154e-18
353.652	1.63709e-18
353.725	1.66501e-18
353.798	1.70002e-18
353.871	1.7447e-18
353.944	1.80327e-18
354.018	1.88021e-18
354.091	1.98172e-18
354.164	2.11877e-18
354.237	2.3086e-18
354.31	2.57418e-18
354.383	2.94239e-18
354.456	3.43122e-18
354.529	4.02664e-18
354.602	4.67661e-18
354.675	5.31693e-18
354.748	5.89642e-18
354.821	6.37669e-18
354.894	6.72387e-18
354.967	6.90379e-18
355.04	6.89621e-18
355.113	6.71802e-18
355.186	6.41869e-18
355.259	6.0518e-18
355.332	5.65775e-18
355.405	5.2618e-18
355.478	4.87837e-18
355.55	4.51473e-18
355.623	4.17273e-18
355.696	3.85256e-18
355.769	3.55433e-18
355.842	3.27863e-18
355.914	3.02642e-18
355.987	2.79729e-18
356.06	2.58887e-18
356.133	2.3993e-18
356.205	2.22743e-18
356.278	2.07268e-18
356.351	1.93424e-18
356.423	1.81032e-18
356.496	1.70003e-18
356.569	1.60303e-18
356.641	1.51745e-18
356.714	1.44181e-18
356.786	1.37618e-18
356.859	1.32107e-18
356.932	1.27605e-18
357.004	1.23877e-18
357.077	1.20621e-18
357.149	1.17875e-18
357.222	1.15871e-18
357.294	1.14569e-18
357.367	1.13665e-18
357.439	1.12941e-18
357.512	1.12568e-18
357.584	1.12857e-18
357.656	1.13729e-18
357.729	1.14788e-18
357.801	1.15852e-18
357.873	1.17085e-18
357.946	1.18715e-18
358.018	1.20639e-18
358.09	1.22453e-18
358.163	1.24016e-18
358.235	1.25578e-18
358.307	1.27367e-18
358.38	1.29346e-18
358.452	1.31361e-18
358.524	1.33389e-18
358.596	1.35685e-18
358.668	1.38543e-18
358.741	1.41875e-18
358.813	1.4547e-18
358.885	1.49326e-18
358.957	1.53489e-18
359.029	1.58025e-18
359.101	1.62978e-18
359.173	1.6828e-18
359.245	1.73938e-18
359.317	1.80057e-18
359.39	1.86569e-18
359.462	1.93383e-18
359.534	2.00571e-18
359.606	2.08046e-18
359.678	2.15624e-18
359.75	2.23169e-18
359.821	2.30597e-18
359.893	2.37887e-18
359.965	2.45044e-18
360.037	2.51916e-18
360.109	2.58323e-18
360.181	2.64185e-18
360.253	2.69406e-18
360.325	2.73801e-18
360.397	2.77186e-18
360.468	2.79561e-18
360.54	2.81067e-18
360.612	2.817e-18
360.684	2.81237e-18
360.755	2.79512e-18
360.827	2.76745e-18
360.899	2.73403e-18
360.971	2.69784e-18
361.042	2.65707e-18
361.114	2.60909e-18
361.186	2.55473e-18
361.257	2.4977e-18
361.329	2.4412e-18
361.4	2.3852e-18
361.472	2.32773e-18
361.544	2.26824e-18
361.615	2.20778e-18
361.687	2.14716e-18
361.758	2.08664e-18
361.83	2.02666e-18
361.901	1.96841e-18
361.973	1.91315e-18
362.044	1.8596e-18
362.116	1.80627e-18
362.187	1.75338e-18
362.259	1.70221e-18
362.33	1.65419e-18
362.401	1.60891e-18
362.473	1.56371e-18
362.544	1.51811e-18
362.616	1.47496e-18
362.687	1.43637e-18
362.758	1.40239e-18
362.829	1.37211e-18
362.901	1.34456e-18
362.972	1.31984e-18
363.043	1.29877e-18
363.115	1.27975e-18
363.186	1.26099e-18
363.257	1.24298e-18
363.328	1.2275e-18
363.399	1.2146e-18
363.471	1.20327e-18
363.542	1.19381e-18
363.613	1.18898e-18
363.684	1.19192e-18
363.755	1.20335e-18
363.826	1.22056e-18
363.897	1.24065e-18
363.968	1.26298e-18
364.039	1.2866e-18
364.11	1.30861e-18
364.181	1.32578e-18
364.252	1.33552e-18
364.323	1.33668e-18
364.394	1.33033e-18
364.465	1.31656e-18
364.536	1.29583e-18
364.607	1.27193e-18
364.678	1.2479e-18
364.749	1.22426e-18
364.82	1.20085e-18
364.891	1.17678e-18
364.961	1.15245e-18
365.032	1.13158e-18
365.103	1.11483e-18
365.174	1.10003e-18
365.245	1.08569e-18
365.315	1.07115e-18
365.386	1.05738e-18
365.457	1.04616e-18
365.528	1.03574e-18
365.598	1.02389e-18
365.669	1.01295e-18
365.74	1.00484e-18
365.81	9.9932e-19
365.881	9.95784e-19
365.951	9.93906e-19
366.022	9.93871e-19
366.093	9.98316e-19
366.163	1.00787e-18
366.234	1.02e-18
366.304	1.03227e-18
366.375	1.04567e-18
366.445	1.06167e-18
366.516	1.08038e-18
366.586	1.10169e-18
366.657	1.12505e-18
366.727	1.15074e-18
366.798	1.1777e-18
366.868	1.20453e-18
366.938	1.23063e-18
367.009	1.25689e-18
367.079	1.28259e-18
367.15	1.3084e-18
367.22	1.33437e-18
367.29	1.35778e-18
367.36	1.37788e-18
367.431	1.39688e-18
367.501	1.41455e-18
367.571	1.42943e-18
367.642	1.44173e-18
367.712	1.45024e-18
367.782	1.45319e-18
367.852	1.45247e-18
367.922	1.44992e-18
367.993	1.44406e-18
368.063	1.43466e-18
368.133	1.42442e-18
368.203	1.41354e-18
368.273	1.39974e-18
368.343	1.38258e-18
368.413	1.3623e-18
368.483	1.33957e-18
368.553	1.31842e-18
368.623	1.30001e-18
368.693	1.2797e-18
368.763	1.2546e-18
368.833	1.22692e-18
368.903	1.19877e-18
368.973	1.17109e-18
369.043	1.14227e-18
369.113	1.10946e-18
369.183	1.07275e-18
369.253	1.0367e-18
369.323	1.00357e-18
369.392	9.72485e-19
369.462	9.43148e-19
369.532	9.17511e-19
369.602	8.96538e-19
369.672	8.78483e-19
369.741	8.60396e-19
369.811	8.40017e-19
369.881	8.18315e-19
369.951	7.99244e-19
370.02	7.84179e-19
370.09	7.69179e-19
370.16	7.50989e-19
370.229	7.30419e-19
370.299	7.10125e-19
370.368	6.92538e-19
370.438	6.77187e-19
370.508	6.60123e-19
370.577	6.40585e-19
370.647	6.22626e-19
370.716	6.08349e-19
370.786	5.96468e-19
370.855	5.86743e-19
370.925	5.78429e-19
370.994	5.72094e-19
371.064	5.6958e-19
371.133	5.69574e-19
371.203	5.67848e-19
371.272	5.62751e-19
371.341	5.55683e-19
371.411	5.48062e-19
371.48	5.39148e-19
371.549	5.26913e-19
371.619	5.11865e-19
371.688	4.99055e-19
371.757	4.898e-19
371.827	4.80817e-19
371.896	4.70866e-19
371.965	4.60906e-19
372.034	4.52375e-19
372.104	4.4658e-19
372.173	4.40346e-19
372.242	4.26735e-19
372.311	4.05856e-19
372.38	3.85029e-19
372.449	3.68653e-19
372.519	3.5503e-19
372.588	3.43004e-19
372.657	3.31696e-19
372.726	3.19919e-19
372.795	3.08962e-19
372.864	3.00442e-19
372.933	2.93512e-19
373.002	2.88027e-19
373.071	2.83454e-19
373.14	2.78738e-19
373.209	2.76175e-19
373.278	2.79444e-19
373.347	2.87183e-19
373.416	2.97283e-19
373.485	3.10073e-19
373.553	3.27084e-19
373.622	3.49376e-19
373.691	3.76834e-19
373.76	4.06791e-19
373.829	4.38595e-19
373.898	4.75464e-19
373.966	5.18257e-19
374.035	5.61132e-19
374.104	5.97319e-19
374.173	6.28835e-19
374.241	6.61108e-19
374.31	6.94521e-19
374.379	7.26496e-19
374.447	7.56003e-19
374.516	7.81043e-19
374.585	8.01956e-19
374.653	8.22366e-19
374.722	8.41043e-19
374.79	8.54682e-19
374.859	8.62801e-19
374.927	8.6443e-19
374.996	8.57018e-19
375.065	8.43031e-19
375.133	8.25702e-19
375.201	8.04804e-19
375.27	7.80494e-19
375.338	7.55333e-19
375.407	7.29882e-19
375.475	7.02782e-19
375.544	6.75054e-19
375.612	6.46546e-19
375.68	6.15021e-19
375.749	5.83075e-19
375.817	5.53485e-19
375.885	5.22653e-19
375.954	4.88173e-19
376.022	4.53478e-19
376.09	4.21557e-19
376.159	3.89943e-19
376.227	3.60338e-19
376.295	3.32896e-19
376.363	3.02523e-19
376.431	2.70013e-19
376.5	2.43438e-19
376.568	2.22628e-19
376.636	2.03385e-19
376.704	1.85522e-19
376.772	1.71862e-19
376.84	1.65597e-19
376.908	1.6933e-19
376.976	1.81499e-19
377.044	1.94552e-19
377.112	2.04554e-19
377.18	2.15173e-19
377.248	2.2935e-19
377.316	2.44409e-19
377.384	2.56553e-19
377.452	2.6305e-19
377.52	2.62691e-19
377.588	2.58759e-19
377.656	2.56018e-19
377.724	2.54919e-19
377.792	2.53987e-19
377.859	2.56472e-19
377.927	2.65941e-19
377.995	2.82649e-19
378.063	3.03628e-19
378.131	3.25774e-19
378.198	3.48757e-19
378.266	3.74157e-19
378.334	4.02305e-19
378.402	4.30096e-19
378.469	4.50203e-19
378.537	4.56386e-19
378.605	4.52937e-19
378.672	4.4842e-19
378.74	4.43422e-19
378.807	4.35473e-19
378.875	4.21799e-19
378.943	3.99077e-19
379.01	3.73323e-19
379.078	3.54943e-19
379.145	3.42552e-19
379.213	3.25718e-19
379.28	3.07998e-19
379.348	2.97624e-19
379.415	2.97747e-19
379.483	3.06463e-19
379.55	3.21181e-19
379.617	3.34495e-19
379.685	3.4122e-19
379.752	3.44028e-19
379.82	3.45603e-19
379.887	3.412e-19
379.954	3.24283e-19
380.021	2.94731e-19
380.089	2.57718e-19
380.156	2.17228e-19
380.223	1.81514e-19
380.291	1.61111e-19
380.358	1.56159e-19
380.425	1.57759e-19
380.492	1.63781e-19
380.559	1.73364e-19
380.626	1.81229e-19
380.694	1.90202e-19
380.761	2.05111e-19
380.828	2.22443e-19
380.895	2.31901e-19
380.962	2.34524e-19
381.029	2.29192e-19
381.096	2.20193e-19
381.163	2.19275e-19
381.23	2.28771e-19
381.297	2.34721e-19
381.364	2.36981e-19
381.431	2.38182e-19
381.498	2.40168e-19
381.565	2.39526e-19
381.632	2.37017e-19
381.699	2.26309e-19
381.765	2.09975e-19
381.832	1.93652e-19
381.899	1.69954e-19
381.966	1.29142e-19
382.033	8.05482e-20
382.1	3.71496e-20
382.166	5.02859e-21
382.233	-1.77937e-20
382.3	-3.81309e-20
382.367	-6.26257e-20
382.433	-8.02025e-20
382.5	-8.12994e-20
382.567	-7.25561e-20
382.633	-6.30426e-20
382.7	-5.02468e-20
382.766	-3.2625e-20
382.833	-1.3174e-20
382.9	4.81817e-21
382.966	1.84255e-20
383.033	2.56065e-20
383.099	3.01136e-20
383.166	0
383.232	0
383.299	0
383.365	0
383.432	0
383.498	0
383.564	0
383.631	0
383.697	0
383.764	0
383.83	0
383.896	0
383.963	0
384.029	0
384.095	0
384.161	0
384.228	0
384.294	0
384.36	0
384.426	0
384.492	0
384.559	0
384.625	0
384.691	0
384.757	0
384.823	0
384.889	0
384.955	0
385.021	0
385.087	0
385.153	0
385.219	0
385.285	0
385.351	0
385.417	0
385.483	0
385.549	0
385.615	0
385.681	0
385.746	0
385.812	0
385.878	0
385.944	0
386.01	0
386.075	0
386.141	0
386.207	0
386.272	0
386.338	0
386.404	0
386.47	0
386.535	0
386.601	0
386.666	0
386.732	0
386.798	0
386.863	0
386.929	0
386.994	0
387.06	0
387.125	0
387.191	0
387.256	0
387.321	0
387.387	0
387.452	0
387.518	0
387.583	0
387.648	0
387.714	0
387.779	0
387.844	0
387.91	0
387.975	0
388.04	0
388.105	0
388.17	0
388.236	0
388.301	0
388.366	0
388.431	0
388.496	0
388.561	0
388.626	0
388.691	0
388.756	0
388.821	0
388.887	0
388.951	0
389.016	0
389.081	0
389.146	0
389.211	0
389.276	0
389.341	0
389.406	0
389.471	0
389.536	0
389.6	0
389.665	0
389.73	0
389.795	0
389.86	0
389.924	0
389.989	0
390.054	0
390.118	0
390.183	0
390.248	0
390.312	0
390.377	0
390.442	0
390.506	0
390.571	0
390.635	0
390.7	0
390.764	0
390.829	0
390.893	0
390.958	0
391.022	0
391.086	0
391.151	0
391.215	0
391.28	0
391.344	0
391.408	0
391.473	0
391.537	0
391.601	0
391.665	0
391.73	0
391.794	0
391.858	0
391.922	0
391.986	0
392.051	0
392.115	0
392.179	0
392.243	0
392.307	0
392.371	0
392.435	0
392.499	0
392.563	0
392.627	0
392.691	0
392.755	0
392.819	0
392.883	0
392.947	0
393.011	0
393.075	0
393.138	0
393.202	0
393.266	0
393.33	0
393.394	0
393.457	0
393.521	0
393.585	0
393.649	0
393.712	0
393.776	0
393.84	0
393.903	0
393.967	0
394.03	0
394.094	0
394.158	0
394.221	0
394.285	0
394.348	0
394.412	0
394.475	0
394.539	0
394.602	0
394.665	0
394.729	0
394.792	0
394.856	0
394.919	0
394.982	0
395.046	0
395.109	0
395.172	0
395.235	0
395.299	0
395.362	0
395.425	0
395.488	0
395.551	0
395.615	0
395.678	0
395.741	0
395.804	0
395.867	0
395.93	0
395.993	0
396.056	0
396.119	0
396.182	0
396.245	0
396.308	0
396.371	0
396.434	0
396.497	0
396.56	0
396.622	0
396.685	0
396.748	0
396.811	0
396.874	0
396.936	0
396.999	0
397.062	0
397.125	0
397.187	0
397.25	0
397.313	0
397.375	0
397.438	0
397.501	0
397.563	0
397.626	0
397.688	0
397.751	0
397.813	0
397.876	0
397.938	0
398.001	0
398.063	0
398.126	0
398.188	0
398.25	0
398.313	0
398.375	0
398.438	0
398.5	0
398.562	0
398.624	0
398.687	0
398.749	0
398.811	0
398.873	0
398.936	0
398.998	0
399.06	0
399.122	0
399.184	0
399.246	0
399.308	0
399.37	0
399.432	0
399.494	0
399.556	0
399.618	0
399.68	0
399.742	0
399.804	0
399.866	0
399.928	0
399.99	0
400.052	0
400.114	0
400.175	0
400.237	0
400.299	0
400.361	0
400.423	0
400.484	0
400.546	0
400.608	0
400.669	0
400.731	0
400.793	0
400.854	0
400.916	0
400.978	0
401.039	0
401.101	0
401.162	0
401.224	0
401.285	0
401.347	0
401.408	0
401.469	0
401.531	0
401.592	0
401.654	0
401.715	0
401.776	0
401.838	0
401.899	0
401.96	0
402.022	0
402.083	0
402.144	0
402.205	0
402.266	0
402.328	0
402.389	0
402.45	0
402.511	0
402.572	0
402.633	0
402.694	0
402.755	0
402.816	0
402.877	0
402.938	0
402.999	0
403.06	0
403.121	0
403.182	0
403.243	0
403.304	0
403.365	0
403.426	0
403.486	0
403.547	0
403.608	0
403.669	0
403.73	0
403.79	0
403.851	0
403.912	0
403.972	0
404.033	0
404.094	0
404.154	0
404.215	0
404.275	0
404.336	0
404.397	0
404.457	0
404.518	0
404.578	0
404.639	0
404.699	0
404.759	0
404.82	0
404.88	0
404.941	0
405.001	0
405.061	0
405.122	0
405.182	0
405.242	0
405.302	0
405.363	0
405.423	0
405.483	0
405.543	0
405.603	0
405.664	0
405.724	0
405.784	0
405.844	0
405.904	0
405.964	0
406.024	0
406.084	0
406.144	0
406.204	0
406.264	0
406.324	0
406.384	0
406.444	0
406.504	0
406.564	0
406.623	0
406.683	0
406.743	0
406.803	0
406.863	0
406.922	0
406.982	0
407.042	0
407.101	0
407.161	0
407.221	0
407.28	0
407.34	0
407.4	0
407.459	0
407.519	0
407.578	0
407.638	0
407.697	0
407.757	0
407.816	0
407.876	0
407.935	0
407.995	0
408.054	0
408.113	0
408.173	0
408.232	0
408.291	0
408.351	0
408.41	0
408.469	0
408.528	0
408.588	0
408.647	0
408.706	0
408.765	0
408.824	0
408.883	0
408.943	0
409.002	0
409.061	0
409.12	0
409.179	0
409.238	0
409.297	0
409.356	0
409.415	0
409.474	0
409.532	0
409.591	0
409.65	0
409.709	0
409.768	0
409.827	0
409.886	0
409.944	0
410.003	0
410.062	0
410.121	0
410.179	0
410.238	0
410.297	0
410.355	0
410.414	0
410.472	0
410.531	0
410.59	0
410.648	0
410.707	0
410.765	0
410.824	0
410.882	0
410.941	0
410.999	0
411.057	0
411.116	0
411.174	0
411.233	0
411.291	0
411.349	0
411.408	0
411.466	0
411.524	0
411.582	0
411.641	0
411.699	0
411.757	0
411.815	0
411.873	0
411.931	0
411.989	0
412.047	0
412.106	0
412.164	0
412.222	0
412.28	0
412.338	0
412.396	0
412.454	0
412.511	0
412.569	0
412.627	0
412.685	0
412.743	0
412.801	0
412.859	0
412.916	0
412.974	0
413.032	0
413.09	0
413.147	0
413.205	0
413.263	0
413.32	0
413.378	0
413.436	0
413.493	0
413.551	0
413.608	0
413.666	0
413.723	0
413.781	0
413.838	0
413.896	0
413.953	0
414.011	0
414.068	0
414.125	0
414.183	0
414.24	0
414.298	0
414.355	0
414.412	0
414.469	0
414.527	0
414.584	0
414.641	0
414.698	0
414.755	0
414.813	0
414.87	0
414.927	0
414.984	0
415.041	0
415.098	0
415.155	0
415.212	0
415.269	0
415.326	0
415.383	0
415.44	0
415.497	0
415.554	0
415.611	0
415.667	0
415.724	0
415.781	0
415.838	0
415.895	0
415.951	0
416.008	0
416.065	0
416.121	0
416.178	0
416.235	0
416.291	0
416.348	0
416.405	0
416.461	0
416.518	0
416.574	0
416.631	0
416.687	0
416.744	0
416.8	0
416.857	0
416.913	0
416.969	0
417.026	0
417.082	0
417.139	0
417.195	0
417.251	0
417.307	0
417.364	0
417.42	0
417.476	0
417.532	0
417.588	0
417.645	0
417.701	0
417.757	0
417.813	0
417.869	0
417.925	0
417.981	0
418.037	0
418.093	0
418.149	0
418.205	0
418.261	0
418.317	0
418.373	0
418.429	0
418.485	0
418.54	0
418.596	0
418.652	0
418.708	0
418.764	0
418.819	0
418.875	0
418.931	0
418.986	0
419.042	0
419.098	0
419.153	0
419.209	0
419.265	0
419.32	0
419.376	0
419.431	0
419.487	0
419.542	0
419.598	0
419.653	0
419.708	0
419.764	0
419.819	0
419.875	0
419.93	0
419.985	0
420.04	0
420.096	0
420.151	0
420.206	0
420.261	0
420.317	0
420.372	0
420.427	0
420.482	0
420.537	0
420.592	0
420.647	0
420.702	0
420.758	0
420.813	0
420.868	0
420.922	0
420.977	0
421.032	0
421.087	0
421.142	0
421.197	0
421.252	0
421.307	0
421.362	0
421.416	0
421.471	0
421.526	0
421.581	0
421.635	0
421.69	0
421.745	0
421.799	0
421.854	0
421.909	0
421.963	0
422.018	0
422.072	0
422.127	0
422.181	0
422.236	0
422.29	0
422.345	0
422.399	0
422.454	0
422.508	0
422.562	0
422.617	0
422.671	0
422.725	0
422.78	0
422.834	0
422.888	0
422.942	0
422.996	0
423.051	0
423.105	0
423.159	0
423.213	0
423.267	0
423.321	0
423.375	0
423.429	0
423.483	0
423.537	0
423.591	0
423.645	0
423.699	0
423.753	0
423.807	0
423.861	0
423.915	0
423.969	0
424.022	0
424.076	0
424.13	0
424.184	0
424.237	0
424.291	0
