2.78428201100000e+02 4.45540283209647e-18
2.78513749000000e+02 4.42852526019223e-18
2.78599285100000e+02 4.40036350200450e-18
2.78684809300000e+02 4.37038272908649e-18
2.78770321800000e+02 4.33851493942679e-18
2.78855822300000e+02 4.30518695429248e-18
2.78941311100000e+02 4.27128065211795e-18
2.79026788000000e+02 4.23764594192470e-18
2.79112253000000e+02 4.20573588463234e-18
2.79197706200000e+02 4.17658639383248e-18
2.79283147600000e+02 4.15091430347196e-18
2.79368577100000e+02 4.12880761382936e-18
2.79453994700000e+02 4.10944163590548e-18
2.79539400500000e+02 4.09173562465138e-18
2.79624794400000e+02 4.07391010175361e-18
2.79710176400000e+02 4.05396440009791e-18
2.79795546600000e+02 4.03034066685223e-18
2.79880904900000e+02 4.00169472282161e-18
2.79966251300000e+02 3.96782565667323e-18
2.80051585900000e+02 3.92938771755658e-18
2.80136908600000e+02 3.88789594854863e-18
2.80222219300000e+02 3.84542074665754e-18
2.80307518200000e+02 3.80374583626064e-18
2.80392805200000e+02 3.76468564839577e-18
2.80478080400000e+02 3.72974066311072e-18
2.80563343600000e+02 3.69976953701325e-18
2.80648594900000e+02 3.67448604026338e-18
2.80733834300000e+02 3.65262865622967e-18
2.80819061800000e+02 3.63252245881341e-18
2.80904277400000e+02 3.61212868795057e-18
2.80989481100000e+02 3.58962566037662e-18
2.81074672900000e+02 3.56331208137464e-18
2.81159852800000e+02 3.53196740010539e-18
2.81245020700000e+02 3.49562959180258e-18
2.81330176700000e+02 3.45537991178406e-18
2.81415320800000e+02 3.41299808221161e-18
2.81500453000000e+02 3.37054721227978e-18
2.81585573200000e+02 3.32986457895504e-18
2.81670681500000e+02 3.29280862145600e-18
2.81755777900000e+02 3.26053204554507e-18
2.81840862300000e+02 3.23308386992848e-18
2.81925934800000e+02 3.21018544220893e-18
2.82010995400000e+02 3.19078820705798e-18
2.82096043900000e+02 3.17336528956355e-18
2.82181080600000e+02 3.15632715674680e-18
2.82266105300000e+02 3.13808670820296e-18
2.82351118000000e+02 3.11803650573068e-18
2.82436118700000e+02 3.09597921286966e-18
2.82521107500000e+02 3.07232008545734e-18
2.82606084400000e+02 3.04813298497493e-18
2.82691049200000e+02 3.02479183229678e-18
2.82776002100000e+02 3.00390372684516e-18
2.82860943000000e+02 2.98661081206208e-18
2.82945872000000e+02 2.97322304898257e-18
2.83030788900000e+02 2.96335116656830e-18
2.83115693900000e+02 2.95559514028706e-18
2.83200586900000e+02 2.94777624351426e-18
2.83285467900000e+02 2.93745522248128e-18
2.83370336900000e+02 2.92273607482139e-18
2.83455193900000e+02 2.90234043985465e-18
2.83540038900000e+02 2.87569192641120e-18
2.83624871900000e+02 2.84302906263549e-18
2.83709692900000e+02 2.80562354844029e-18
2.83794501900000e+02 2.76562620333709e-18
2.83879298900000e+02 2.72552058561874e-18
2.83964083800000e+02 2.68731567273378e-18
2.84048856800000e+02 2.65249998985325e-18
2.84133617700000e+02 2.62177866932666e-18
2.84218366600000e+02 2.59507357422133e-18
2.84303103500000e+02 2.57198858487191e-18
2.84387828300000e+02 2.55147052439827e-18
2.84472541200000e+02 2.53264400708838e-18
2.84557242000000e+02 2.51448003649816e-18
2.84641930700000e+02 2.49586057239341e-18
2.84726607400000e+02 2.47603109751112e-18
2.84811272100000e+02 2.45455154666724e-18
2.84895924700000e+02 2.43131858006509e-18
2.84980565300000e+02 2.40637382046415e-18
2.85065193800000e+02 2.38009960307702e-18
2.85149810300000e+02 2.35333486268533e-18
2.85234414700000e+02 2.32698325435643e-18
2.85319007000000e+02 2.30227276819537e-18
2.85403587300000e+02 2.28021222838371e-18
2.85488155500000e+02 2.26122727029039e-18
2.85572711700000e+02 2.24519010594639e-18
2.85657255700000e+02 2.23140783496663e-18
2.85741787700000e+02 2.21897010819223e-18
2.85826307700000e+02 2.20681017774789e-18
2.85910815500000e+02 2.19383464981343e-18
2.85995311200000e+02 2.17943829070107e-18
2.86079794900000e+02 2.16341834814070e-18
2.86164266500000e+02 2.14572598191536e-18
2.86248726000000e+02 2.12662441788479e-18
2.86333173400000e+02 2.10661859951033e-18
2.86417608600000e+02 2.08615721041742e-18
2.86502031800000e+02 2.06576982640763e-18
2.86586442900000e+02 2.04593486654824e-18
2.86670841900000e+02 2.02694735820375e-18
2.86755228700000e+02 2.00918930986852e-18
2.86839603500000e+02 1.99273817403263e-18
2.86923966100000e+02 1.97729469251495e-18
2.87008316600000e+02 1.96234984053479e-18
2.87092655000000e+02 1.94712621816787e-18
2.87176981300000e+02 1.93080583095834e-18
2.87261295400000e+02 1.91276957484335e-18
2.87345597400000e+02 1.89243860099620e-18
2.87429887300000e+02 1.86980893526733e-18
2.87514165000000e+02 1.84533872293505e-18
2.87598430600000e+02 1.81960745085406e-18
2.87682684100000e+02 1.79346132063932e-18
2.87766925400000e+02 1.76782496834875e-18
2.87851154500000e+02 1.74343488132482e-18
2.87935371500000e+02 1.72072704340175e-18
2.88019576400000e+02 1.69982746934028e-18
2.88103769000000e+02 1.68084539183034e-18
2.88187949600000e+02 1.66368313695806e-18
2.88272117900000e+02 1.64800554128117e-18
2.88356274100000e+02 1.63341603726748e-18
2.88440418200000e+02 1.61959194403029e-18
2.88524550000000e+02 1.60622608424792e-18
2.88608669700000e+02 1.59291665368666e-18
2.88692777200000e+02 1.57935967458528e-18
2.88776872500000e+02 1.56550926358788e-18
2.88860955600000e+02 1.55135456017023e-18
2.88945026600000e+02 1.53688434185993e-18
2.89029085300000e+02 1.52220589505108e-18
2.89113131900000e+02 1.50736400190783e-18
2.89197166300000e+02 1.49236177853412e-18
2.89281188400000e+02 1.47722306696997e-18
2.89365198400000e+02 1.46196148127343e-18
2.89449196100000e+02 1.44671103183037e-18
2.89533181700000e+02 1.43168038836597e-18
2.89617155000000e+02 1.41709863311343e-18
2.89701116200000e+02 1.40315189108688e-18
2.89785065100000e+02 1.38991803638383e-18
2.89869001800000e+02 1.37736850323910e-18
2.89952926200000e+02 1.36535866351088e-18
2.90036838500000e+02 1.35369597117131e-18
2.90120738500000e+02 1.34236892305009e-18
2.90204626300000e+02 1.33130584978017e-18
2.90288501800000e+02 1.32043737041164e-18
2.90372365100000e+02 1.30960545557814e-18
2.90456216200000e+02 1.29871170218909e-18
2.90540055000000e+02 1.28784657414315e-18
2.90623881600000e+02 1.27677095756184e-18
2.90707695900000e+02 1.26520814414318e-18
2.90791498000000e+02 1.25301208892942e-18
2.90875287800000e+02 1.24019272949068e-18
2.90959065400000e+02 1.22682261817202e-18
2.91042830700000e+02 1.21294100532273e-18
2.91126583700000e+02 1.19855883028400e-18
2.91210324500000e+02 1.18371060284536e-18
2.91294053000000e+02 1.16841031006600e-18
2.91377769200000e+02 1.15270490357464e-18
2.91461473200000e+02 1.13683637999888e-18
2.91545164800000e+02 1.12111990537534e-18
2.91628844200000e+02 1.10582222910464e-18
2.91712511300000e+02 1.09133419751129e-18
2.91796166200000e+02 1.07779626218916e-18
2.91879808700000e+02 1.06522876000337e-18
2.91963438900000e+02 1.05361801632966e-18
2.92047056900000e+02 1.04287741164980e-18
2.92130662500000e+02 1.03302491661386e-18
2.92214255800000e+02 1.02408530344297e-18
2.92297836900000e+02 1.01582735241963e-18
2.92381405600000e+02 1.00809680235473e-18
2.92464962000000e+02 1.00079180551078e-18
2.92548506100000e+02 9.93613545473783e-19
2.92632037900000e+02 9.86289688645779e-19
2.92715557400000e+02 9.78448912162865e-19
2.92799064500000e+02 9.69700899154409e-19
2.92882559300000e+02 9.60003664937849e-19
2.92966041800000e+02 9.49408698605839e-19
2.93049511900000e+02 9.38025955366452e-19
2.93132969800000e+02 9.26157841971204e-19
2.93216415200000e+02 9.13955065550203e-19
2.93299848400000e+02 9.01566365122259e-19
2.93383269200000e+02 8.89224520978856e-19
2.93466677600000e+02 8.77048311325029e-19
2.93550073700000e+02 8.65250491061133e-19
2.93633457500000e+02 8.54075188624175e-19
2.93716828900000e+02 8.43666301175307e-19
2.93800187900000e+02 8.34267014830136e-19
2.93883534600000e+02 8.25877493021329e-19
2.93966868900000e+02 8.18335485876363e-19
2.94050190800000e+02 8.11444326704431e-19
2.94133500400000e+02 8.04914325075775e-19
2.94216797600000e+02 7.98571952820931e-19
2.94300082400000e+02 7.92247052081822e-19
2.94383354900000e+02 7.85685156723877e-19
2.94466614900000e+02 7.78776322684699e-19
2.94549862600000e+02 7.71524300801445e-19
2.94633097900000e+02 7.64015968727031e-19
2.94716320800000e+02 7.56270140053005e-19
2.94799531300000e+02 7.48159523889431e-19
2.94882729400000e+02 7.39614799938964e-19
2.94965915100000e+02 7.30592238512563e-19
2.95049088400000e+02 7.21221111019519e-19
2.95132249300000e+02 7.11540005004503e-19
2.95215397800000e+02 7.01615312700523e-19
2.95298533900000e+02 6.91721212971555e-19
2.95381657600000e+02 6.82084669415702e-19
2.95464768800000e+02 6.72966111186741e-19
2.95547867700000e+02 6.64455473586260e-19
2.95630954100000e+02 6.56454857044174e-19
2.95714028100000e+02 6.48891650639950e-19
2.95797089600000e+02 6.41594214775387e-19
2.95880138800000e+02 6.34281756258591e-19
2.95963175400000e+02 6.26793135230689e-19
2.96046199700000e+02 6.19198201129227e-19
2.96129211500000e+02 6.11631351189395e-19
2.96212210900000e+02 6.04306184357507e-19
2.96295197800000e+02 5.97478951243566e-19
2.96378172300000e+02 5.91351500305147e-19
2.96461134300000e+02 5.85988046909485e-19
2.96544083800000e+02 5.81207297841267e-19
2.96627020900000e+02 5.76652942838119e-19
2.96709945600000e+02 5.72037148828400e-19
2.96792857800000e+02 5.67047651405343e-19
2.96875757500000e+02 5.61471869228375e-19
2.96958644700000e+02 5.55331031989804e-19
2.97041519500000e+02 5.48699568205129e-19
2.97124381800000e+02 5.41679864892343e-19
2.97207231600000e+02 5.34457897868750e-19
2.97290068900000e+02 5.27247374679729e-19
2.97372893800000e+02 5.20168962694612e-19
2.97455706100000e+02 5.13226002629043e-19
2.97538506000000e+02 5.06415908864734e-19
2.97621293400000e+02 4.99726544332885e-19
2.97704068200000e+02 4.93264584181710e-19
2.97786830600000e+02 4.87055341521184e-19
2.97869580500000e+02 4.81098344744822e-19
2.97952317900000e+02 4.75510880364076e-19
2.98035042700000e+02 4.70240280222952e-19
2.98117755100000e+02 4.65275007909758e-19
2.98200454900000e+02 4.60613628292801e-19
2.98283142200000e+02 4.56147060720159e-19
2.98365817000000e+02 4.51920667814856e-19
2.98448479300000e+02 4.47916983291128e-19
2.98531129000000e+02 4.44068712635337e-19
2.98613766300000e+02 4.40304285020079e-19
2.98696390900000e+02 4.36492329808163e-19
2.98779003100000e+02 4.32520295465116e-19
2.98861602700000e+02 4.28291095442062e-19
2.98944189800000e+02 4.23684788258365e-19
2.99026764300000e+02 4.18588115533852e-19
2.99109326300000e+02 4.13051136473635e-19
2.99191875700000e+02 4.07186334148856e-19
2.99274412600000e+02 4.01157226715704e-19
2.99356937000000e+02 3.95160880187022e-19
2.99439448700000e+02 3.89320868192878e-19
2.99521947900000e+02 3.83811596419422e-19
2.99604434600000e+02 3.78762909041143e-19
2.99686908600000e+02 3.74222658525078e-19
2.99769370100000e+02 3.70153176614449e-19
2.99851819100000e+02 3.66452922976932e-19
2.99934255400000e+02 3.62994938870341e-19
3.00016679200000e+02 3.59723518658886e-19
3.00099090400000e+02 3.56537504594983e-19
3.00181489000000e+02 3.53353255644701e-19
3.00263875000000e+02 3.50149264396998e-19
3.00346248500000e+02 3.46822677795575e-19
3.00428609300000e+02 3.43397092781747e-19
3.00510957500000e+02 3.39917332302479e-19
3.00593293200000e+02 3.36241064934354e-19
3.00675616200000e+02 3.32282778937219e-19
3.00757926700000e+02 3.27988066370152e-19
3.00840224500000e+02 3.23461350839023e-19
3.00922509700000e+02 3.18829494858630e-19
3.01004782300000e+02 3.14064490955546e-19
3.01087042300000e+02 3.09301192139783e-19
3.01169289600000e+02 3.04752140191400e-19
3.01251524400000e+02 3.00541180718385e-19
3.01333746500000e+02 2.96710468244700e-19
3.01415956000000e+02 2.93249017588119e-19
3.01498152800000e+02 2.90187920895001e-19
3.01580337000000e+02 2.87534790616401e-19
3.01662508600000e+02 2.85172323658486e-19
3.01744667500000e+02 2.82984405732493e-19
3.01826813800000e+02 2.80934227683835e-19
3.01908947500000e+02 2.78895639787318e-19
3.01991068500000e+02 2.76756358909937e-19
3.02073176800000e+02 2.74439505257437e-19
3.02155272500000e+02 2.71871076670952e-19
3.02237355500000e+02 2.69073011035715e-19
3.02319425900000e+02 2.66041752825621e-19
3.02401483600000e+02 2.62728474219480e-19
3.02483528600000e+02 2.59201878087068e-19
3.02565561000000e+02 2.55515099708284e-19
3.02647580700000e+02 2.51721954788997e-19
3.02729587700000e+02 2.47829643830282e-19
3.02811582000000e+02 2.43971725296512e-19
3.02893563700000e+02 2.40292745528328e-19
3.02975532700000e+02 2.36716704219010e-19
3.03057488900000e+02 2.33370481430124e-19
3.03139432500000e+02 2.30353008388799e-19
3.03221363400000e+02 2.27619867042783e-19
3.03303281600000e+02 2.25194186794582e-19
3.03385187100000e+02 2.22975374084075e-19
3.03467079900000e+02 2.21001958346792e-19
3.03548960000000e+02 2.19374485057843e-19
3.03630827400000e+02 2.17930827656208e-19
3.03712682100000e+02 2.16658727718261e-19
3.03794524000000e+02 2.15548774421811e-19
3.03876353300000e+02 2.14461698413782e-19
3.03958169800000e+02 2.13257676717343e-19
3.04039973600000e+02 2.11887728316853e-19
3.04121764700000e+02 2.10342735550434e-19
3.04203543000000e+02 2.08550415005270e-19
3.04285308600000e+02 2.06461032803733e-19
3.04367061500000e+02 2.04104583189474e-19
3.04448801600000e+02 2.01549281660930e-19
3.04530529000000e+02 1.98863296975375e-19
3.04612243600000e+02 1.96000295370958e-19
3.04693945500000e+02 1.93001432829239e-19
3.04775634700000e+02 1.89941659394867e-19
3.04857311100000e+02 1.86818314630082e-19
3.04938974700000e+02 1.83672799327630e-19
3.05020625600000e+02 1.80565460879510e-19
3.05102263800000e+02 1.77586831761550e-19
3.05183889100000e+02 1.74854248632847e-19
3.05265501700000e+02 1.72421116999732e-19
3.05347101500000e+02 1.70323176684439e-19
3.05428688600000e+02 1.68542494806972e-19
3.05510262800000e+02 1.67045165463363e-19
3.05591824300000e+02 1.65817786085657e-19
3.05673373000000e+02 1.64793505164384e-19
3.05754909000000e+02 1.63856160765241e-19
3.05836432100000e+02 1.62939553107244e-19
3.05917942500000e+02 1.62054122626099e-19
3.05999440000000e+02 1.61242561161761e-19
3.06080924800000e+02 1.60444913685554e-19
3.06162396700000e+02 1.59544136419423e-19
3.06243855900000e+02 1.58502298767120e-19
3.06325302200000e+02 1.57300322880444e-19
3.06406735800000e+02 1.55900661374054e-19
3.06488156500000e+02 1.54291923755588e-19
3.06569564400000e+02 1.52453740719764e-19
3.06650959500000e+02 1.50392993656633e-19
3.06732341800000e+02 1.48148558992693e-19
3.06813711200000e+02 1.45780890667599e-19
3.06895067800000e+02 1.43346167317289e-19
3.06976411600000e+02 1.40856142555943e-19
3.07057742600000e+02 1.38325291305787e-19
3.07139060700000e+02 1.35797126604835e-19
3.07220366000000e+02 1.33319036265091e-19
3.07301658400000e+02 1.30983785495429e-19
3.07382938000000e+02 1.28840310987353e-19
3.07464204800000e+02 1.26942870723903e-19
3.07545458700000e+02 1.25359944855993e-19
3.07626699800000e+02 1.24077004313834e-19
3.07707928000000e+02 1.23075034468788e-19
3.07789143300000e+02 1.22310655838482e-19
3.07870345800000e+02 1.21709778560242e-19
3.07951535400000e+02 1.21227587419861e-19
3.08032712100000e+02 1.20723409526144e-19
3.08113876000000e+02 1.20067796798814e-19
3.08195027000000e+02 1.19251786260606e-19
3.08276165100000e+02 1.18316035734352e-19
3.08357290400000e+02 1.17335861677175e-19
3.08438402700000e+02 1.16346983696839e-19
3.08519502200000e+02 1.15365825421206e-19
3.08600588800000e+02 1.14466422297325e-19
3.08681662500000e+02 1.13669962612384e-19
3.08762723300000e+02 1.12916557253158e-19
3.08843771200000e+02 1.12152048743836e-19
3.08924806200000e+02 1.11257734570432e-19
3.09005828300000e+02 1.10129289578053e-19
3.09086837500000e+02 1.08764588221572e-19
3.09167833800000e+02 1.07117433349819e-19
3.09248817200000e+02 1.05184548343505e-19
3.09329787600000e+02 1.03036580634808e-19
3.09410745200000e+02 1.00752238669555e-19
3.09491689800000e+02 9.84727666223181e-20
3.09572621500000e+02 9.63190721256753e-20
3.09653540300000e+02 9.43676009760621e-20
3.09734446100000e+02 9.27252994181878e-20
3.09815339000000e+02 9.14403327124940e-20
3.09896219000000e+02 9.05090520592257e-20
3.09977086000000e+02 8.98798755927458e-20
3.10057940100000e+02 8.94434196470096e-20
3.10138781300000e+02 8.90652142905093e-20
3.10219609500000e+02 8.86201297256605e-20
3.10300424800000e+02 8.80586615788625e-20
3.10381227100000e+02 8.73959982243440e-20
3.10462016400000e+02 8.66442039816418e-20
3.10542792800000e+02 8.58076314050375e-20
3.10623556200000e+02 8.48933562072996e-20
3.10704306700000e+02 8.39719782687450e-20
3.10785044200000e+02 8.31361080670059e-20
3.10865768700000e+02 8.24255617802366e-20
3.10946480200000e+02 8.18448247720742e-20
3.11027178800000e+02 8.13773077099450e-20
3.11107864400000e+02 8.10053737781922e-20
3.11188537000000e+02 8.06941950850687e-20
3.11269196600000e+02 8.03661550305103e-20
3.11349843300000e+02 7.99408605276848e-20
3.11430476900000e+02 7.93612578854473e-20
3.11511097600000e+02 7.85837225711628e-20
3.11591705200000e+02 7.75686142727524e-20
3.11672299900000e+02 7.63230567794478e-20
3.11752881500000e+02 7.49184659984577e-20
3.11833450200000e+02 7.34459814364472e-20
3.11914005800000e+02 7.19902401258258e-20
3.11994548400000e+02 7.06055459263288e-20
3.12075078000000e+02 6.93044174294437e-20
3.12155594600000e+02 6.80912367822462e-20
3.12236098200000e+02 6.69520267192637e-20
3.12316588800000e+02 6.58621776014132e-20
3.12397066300000e+02 6.48292208483992e-20
3.12477530800000e+02 6.38546469085602e-20
3.12557982200000e+02 6.29288626239778e-20
3.12638420600000e+02 6.20780399024322e-20
3.12718846000000e+02 6.13221392978612e-20
3.12799258400000e+02 6.06630835421625e-20
3.12879657700000e+02 6.01164387660613e-20
3.12960043900000e+02 5.96975141533280e-20
3.13040417100000e+02 5.94495083898484e-20
3.13120777300000e+02 5.94080531770119e-20
3.13201124400000e+02 5.95348971597611e-20
3.13281458400000e+02 5.97736281570442e-20
3.13361779400000e+02 6.00552870434019e-20
3.13442087300000e+02 6.02955117580495e-20
3.13522382100000e+02 6.04111224582703e-20
3.13602663900000e+02 6.02991079306567e-20
3.13682932600000e+02 5.98999862788810e-20
3.13763188200000e+02 5.92089491545001e-20
3.13843430700000e+02 5.82425912288429e-20
3.13923660200000e+02 5.70644425633104e-20
3.14003876500000e+02 5.57420627316313e-20
3.14084079800000e+02 5.43223125210051e-20
3.14164270000000e+02 5.28527806797539e-20
3.14244447100000e+02 5.13626175148652e-20
3.14324611100000e+02 4.99018204636700e-20
3.14404762000000e+02 4.85458394504440e-20
3.14484899800000e+02 4.73438895765417e-20
3.14565024500000e+02 4.63337629241159e-20
3.14645136100000e+02 4.55298741712829e-20
3.14725234500000e+02 4.49152418150171e-20
3.14805319900000e+02 4.44634902589733e-20
3.14885392100000e+02 4.41494834258724e-20
3.14965451200000e+02 4.39612655197352e-20
3.15045497200000e+02 4.39113613880059e-20
3.15125530100000e+02 4.40229823241874e-20
3.15205549800000e+02 4.43181387418938e-20
3.15285556400000e+02 4.47709038759095e-20
3.15365549900000e+02 4.52941590064052e-20
3.15445530200000e+02 4.57719342756373e-20
3.15525497400000e+02 4.60959754592669e-20
3.15605451400000e+02 4.61725911960456e-20
3.15685392300000e+02 4.59192531963801e-20
3.15765320100000e+02 4.52998079595245e-20
3.15845234700000e+02 4.43612325150462e-20
3.15925136100000e+02 4.32288023809886e-20
3.16005024400000e+02 4.20398453772825e-20
3.16084899500000e+02 4.08767307929177e-20
3.16164761400000e+02 3.97823029311549e-20
3.16244610200000e+02 3.87768221947174e-20
3.16324445800000e+02 3.78445892745712e-20
3.16404268200000e+02 3.69765043052441e-20
3.16484077500000e+02 3.61655561720529e-20
3.16563873600000e+02 3.54240624584421e-20
3.16643656500000e+02 3.48164704886310e-20
3.16723426200000e+02 3.43961220896751e-20
3.16803182700000e+02 3.41747101604100e-20
3.16882926000000e+02 3.41267119113788e-20
3.16962656200000e+02 3.41905116321922e-20
3.17042373100000e+02 3.43188517460404e-20
3.17122076800000e+02 3.44852051140207e-20
3.17201767400000e+02 3.46716182526155e-20
3.17281444700000e+02 3.48834465650981e-20
3.17361108800000e+02 3.51273582932101e-20
3.17440759700000e+02 3.53553581383553e-20
3.17520397400000e+02 3.55051635431639e-20
3.17600021900000e+02 3.55426521231434e-20
3.17679633100000e+02 3.54473298708986e-20
3.17759231200000e+02 3.52023401219499e-20
3.17838816000000e+02 3.47666340990459e-20
3.17918387500000e+02 3.40949765693846e-20
3.17997945900000e+02 3.32130471506155e-20
3.18077491000000e+02 3.22017737259056e-20
3.18157022800000e+02 3.11391048240785e-20
3.18236541500000e+02 3.00814419347875e-20
3.18316046900000e+02 2.90488592383304e-20
3.18395539000000e+02 2.80380004868338e-20
3.18475017900000e+02 2.70672282983428e-20
3.18554483500000e+02 2.61574437918050e-20
3.18633935900000e+02 2.53227746246471e-20
3.18713375000000e+02 2.45865317982092e-20
3.18792800800000e+02 2.39575152254706e-20
3.18872213400000e+02 2.34439621124952e-20
3.18951612700000e+02 2.30712820245977e-20
3.19030998800000e+02 2.28914261336680e-20
3.19110371500000e+02 2.29655148813916e-20
3.19189731000000e+02 2.33048657535036e-20
3.19269077200000e+02 2.38445406309884e-20
3.19348410200000e+02 2.44834179495576e-20
3.19427729800000e+02 2.51320041507426e-20
3.19507036200000e+02 2.57298783680050e-20
3.19586329200000e+02 2.62358635702780e-20
3.19665609000000e+02 2.66469708591566e-20
3.19744875500000e+02 2.69790470459025e-20
3.19824128700000e+02 2.72079766395644e-20
3.19903368500000e+02 2.72996887683536e-20
3.19982595100000e+02 2.72457877381091e-20
3.20061808300000e+02 2.70487576536358e-20
3.20141008300000e+02 2.66860867485234e-20
3.20220194900000e+02 2.61077975080110e-20
3.20299368200000e+02 2.52973957051312e-20
3.20378528200000e+02 2.43171301372968e-20
3.20457674900000e+02 2.32538047214481e-20
3.20536808200000e+02 2.21728030340289e-20
3.20615928200000e+02 2.11228153922452e-20
3.20695034900000e+02 2.01314500122935e-20
3.20774128200000e+02 1.92017868500775e-20
3.20853208200000e+02 1.83298903340881e-20
3.20932274900000e+02 1.75288051128723e-20
3.21011328200000e+02 1.68312181379906e-20
3.21090368200000e+02 1.62686024481349e-20
3.21169394800000e+02 1.58504376965540e-20
3.21248408000000e+02 1.55644925979120e-20
3.21327407900000e+02 1.53879078937735e-20
3.21406394500000e+02 1.52930543617669e-20
3.21485367700000e+02 1.52675799499233e-20
3.21564327500000e+02 1.53316907032659e-20
3.21643273900000e+02 1.55111837275581e-20
3.21722207000000e+02 1.58424408827005e-20
3.21801126700000e+02 1.63233448569653e-20
3.21880033000000e+02 1.68740170359734e-20
3.21958926000000e+02 1.74155074899004e-20
3.22037805600000e+02 1.78818696053084e-20
3.22116671700000e+02 1.82227073959757e-20
3.22195524500000e+02 1.84200084516155e-20
3.22274363900000e+02 1.84759801804988e-20
3.22353189900000e+02 1.84527752042777e-20
3.22432002500000e+02 1.84126409168094e-20
3.22510801700000e+02 1.83414494908355e-20
3.22589587500000e+02 1.82266375671980e-20
3.22668359900000e+02 1.80595413750129e-20
3.22747118900000e+02 1.78082432684904e-20
3.22825864500000e+02 1.74142643583842e-20
3.22904596600000e+02 1.68051023716704e-20
3.22983315400000e+02 1.59819509121633e-20
3.23062020700000e+02 1.50257631827496e-20
3.23140712600000e+02 1.40216922750544e-20
3.23219391100000e+02 1.30344409469964e-20
3.23298056100000e+02 1.21072586312457e-20
3.23376707700000e+02 1.12588036418671e-20
3.23455345900000e+02 1.04933848402944e-20
3.23533970600000e+02 9.81438945493445e-21
3.23612581900000e+02 9.23010137951135e-21
3.23691179700000e+02 8.75214461657324e-21
3.23769764100000e+02 8.39728809907925e-21
3.23848335100000e+02 8.17992788234136e-21
3.23926892600000e+02 8.09931921426276e-21
3.24005436600000e+02 8.13301441189690e-21
3.24083967200000e+02 8.24736218441447e-21
3.24162484300000e+02 8.41599235662794e-21
3.24240987900000e+02 8.62680931516787e-21
3.24319478100000e+02 8.87915860256538e-21
3.24397954800000e+02 9.18858439161567e-21
3.24476418100000e+02 9.60065234734008e-21
3.24554867800000e+02 1.01577674821810e-20
3.24633304100000e+02 1.08212767823705e-20
3.24711726900000e+02 1.14999070009974e-20
3.24790136200000e+02 1.21205786455061e-20
3.24868532000000e+02 1.26320991511385e-20
3.24946914300000e+02 1.29834454102245e-20
3.25025283200000e+02 1.31187796191612e-20
3.25103638500000e+02 1.30136587529777e-20
3.25181980300000e+02 1.27363882780668e-20
3.25260308700000e+02 1.23992276589473e-20
3.25338623500000e+02 1.20555235205329e-20
3.25416924800000e+02 1.17188223509574e-20
3.25495212600000e+02 1.13938886091043e-20
3.25573486900000e+02 1.10667954862660e-20
3.25651747700000e+02 1.07120542919666e-20
3.25729994900000e+02 1.02932141564220e-20
3.25808228600000e+02 9.78562616275451e-21
3.25886448800000e+02 9.21184752703480e-21
3.25964655500000e+02 8.61351001026072e-21
3.26042848600000e+02 8.02658291280758e-21
3.26121028200000e+02 7.48000850554939e-21
3.26199194300000e+02 6.98828768431164e-21
3.26277346800000e+02 6.55297677501742e-21
3.26355485700000e+02 6.17156570060050e-21
3.26433611200000e+02 5.84042588660200e-21
3.26511723000000e+02 5.56132133562942e-21
3.26589821400000e+02 5.33911163408549e-21
3.26667906100000e+02 5.18416972023834e-21
3.26745977300000e+02 5.11425805170407e-21
3.26824035000000e+02 5.14745345919156e-21
3.26902079000000e+02 5.28286607954733e-21
3.26980109500000e+02 5.49189035245486e-21
3.27058126500000e+02 5.73843056976519e-21
3.27136129800000e+02 5.99301524503842e-21
3.27214119600000e+02 6.23246711793734e-21
3.27292095800000e+02 6.44150107547447e-21
3.27370058400000e+02 6.61953583603973e-21
3.27448007500000e+02 6.79781189028430e-21
3.27525942900000e+02 7.03809253210525e-21
3.27603864700000e+02 7.37951382843719e-21
3.27681773000000e+02 7.81093775729709e-21
3.27759667700000e+02 8.28818604424403e-21
3.27837548700000e+02 8.75478188180752e-21
3.27915416200000e+02 9.15288135535210e-21
3.27993270000000e+02 9.42399873356188e-21
3.28071110300000e+02 9.50943748025577e-21
3.28148936900000e+02 9.37955264499905e-21
3.28226749900000e+02 9.05322949383054e-21
3.28304549300000e+02 8.58212304514680e-21
3.28382335100000e+02 8.02736245833891e-21
3.28460107200000e+02 7.44165602548925e-21
3.28537865700000e+02 6.86140447537959e-21
3.28615610600000e+02 6.30633535376834e-21
3.28693341900000e+02 5.78685332304231e-21
3.28771059500000e+02 5.30761240069993e-21
3.28848763500000e+02 4.86965646899983e-21
3.28926453800000e+02 4.47534165012446e-21
3.29004130500000e+02 4.12677486350557e-21
3.29081793500000e+02 3.82328638986560e-21
3.29159442900000e+02 3.56526454771680e-21
3.29237078700000e+02 3.35333236496551e-21
3.29314700700000e+02 3.18618809883454e-21
3.29392309200000e+02 3.06038561152896e-21
3.29469903900000e+02 2.96910642270150e-21
3.29547485000000e+02 2.90567680778780e-21
3.29625052400000e+02 2.86724385876553e-21
3.29702606200000e+02 2.85490908528916e-21
3.29780146300000e+02 2.87474446161940e-21
3.29857672700000e+02 2.93962746508630e-21
3.29935185400000e+02 3.06936398619220e-21
3.30012684400000e+02 3.28185814052213e-21
3.30090169800000e+02 3.56768567293198e-21
3.30167641500000e+02 3.89210211317381e-21
3.30245099400000e+02 4.22017537103606e-21
3.30322543700000e+02 4.52440628465551e-21
3.30399974300000e+02 4.78163194201136e-21
3.30477391200000e+02 4.97155958212307e-21
3.30554794300000e+02 5.08421976843395e-21
3.30632183800000e+02 5.14122003427301e-21
3.30709559600000e+02 5.19606963316113e-21
3.30786921600000e+02 5.29278703797346e-21
3.30864269900000e+02 5.43109449879508e-21
3.30941604600000e+02 5.58505002925465e-21
3.31018925400000e+02 5.72903793575563e-21
3.31096232600000e+02 5.83880507742540e-21
3.31173526000000e+02 5.88719778951881e-21
3.31250805700000e+02 5.84165339071687e-21
3.31328071700000e+02 5.68106787769596e-21
3.31405324000000e+02 5.42016069340301e-21
3.31482562500000e+02 5.09411478426392e-21
3.31559787200000e+02 4.73620966019163e-21
3.31636998200000e+02 4.37254023477937e-21
3.31714195500000e+02 4.02010534005592e-21
3.31791379000000e+02 3.68837118857497e-21
3.31868548800000e+02 3.38090192107418e-21
3.31945704800000e+02 3.09767271668590e-21
3.32022847000000e+02 2.84025384731558e-21
3.32099975500000e+02 2.60996573151185e-21
3.32177090200000e+02 2.40655970277195e-21
3.32254191100000e+02 2.23062422974968e-21
3.32331278300000e+02 2.08224807385102e-21
3.32408351700000e+02 1.96203290854432e-21
3.32485411300000e+02 1.87180763347698e-21
3.32562457200000e+02 1.81402393453179e-21
3.32639489200000e+02 1.79003608340350e-21
3.32716507500000e+02 1.79736402172898e-21
3.32793512000000e+02 1.82956036511067e-21
3.32870502700000e+02 1.88037962016362e-21
3.32947479600000e+02 1.94488179681537e-21
3.33024442700000e+02 2.01914577419746e-21
3.33101391900000e+02 2.10241418768395e-21
3.33178327400000e+02 2.20092988113660e-21
3.33255249100000e+02 2.33060029821218e-21
3.33332157000000e+02 2.51236766989472e-21
3.33409051100000e+02 2.75061788590791e-21
3.33485931300000e+02 3.02283392672852e-21
3.33562797700000e+02 3.30053400608662e-21
3.33639650300000e+02 3.56043566758689e-21
3.33716489100000e+02 3.77960015170428e-21
3.33793314100000e+02 3.93253084097645e-21
3.33870125200000e+02 3.99297503624446e-21
3.33946922500000e+02 3.94896322442143e-21
3.34023705900000e+02 3.81555786320365e-21
3.34100475500000e+02 3.62076820788978e-21
3.34177231300000e+02 3.39185319958774e-21
3.34253973200000e+02 3.15241068127427e-21
3.34330701300000e+02 2.91978976870551e-21
3.34407415500000e+02 2.70255174487921e-21
3.34484115900000e+02 2.50241825062201e-21
3.34560802400000e+02 2.31907388345487e-21
3.34637475100000e+02 2.15177184042800e-21
3.34714133900000e+02 1.99797095978856e-21
3.34790778800000e+02 1.85535379813088e-21
3.34867409900000e+02 1.72134575584620e-21
3.34944027100000e+02 1.59410573339733e-21
3.35020630400000e+02 1.47478129417814e-21
3.35097219800000e+02 1.36526241331456e-21
3.35173795300000e+02 1.26738273206324e-21
3.35250357000000e+02 1.18277242045540e-21
3.35326904800000e+02 1.11175455125199e-21
3.35403438700000e+02 1.05371633464190e-21
3.35479958700000e+02 1.00726575428907e-21
3.35556464800000e+02 9.70617010607788e-22
3.35632957000000e+02 9.42610660539505e-22
3.35709435300000e+02 9.22673592158891e-22
3.35785899700000e+02 9.11880253571468e-22
3.35862350200000e+02 9.12724782318105e-22
3.35938786800000e+02 9.28868839085908e-22
3.36015209500000e+02 9.64767634037880e-22
3.36091618200000e+02 1.02402266051850e-21
3.36168013100000e+02 1.10588758279043e-21
3.36244394000000e+02 1.20311261176699e-21
3.36320761000000e+02 1.30519541194517e-21
3.36397114100000e+02 1.40325570922969e-21
3.36473453200000e+02 1.49117271441426e-21
3.36549778400000e+02 1.56580745018760e-21
3.36626089600000e+02 1.62770888877245e-21
3.36702387000000e+02 1.68306876710067e-21
3.36778670400000e+02 1.74637825215560e-21
3.36854939800000e+02 1.83716714685917e-21
3.36931195300000e+02 1.96460987376700e-21
3.37007436800000e+02 2.11761587770592e-21
3.37083664400000e+02 2.27709779455942e-21
3.37159878000000e+02 2.42610580787394e-21
3.37236077700000e+02 2.54973501291529e-21
3.37312263400000e+02 2.63365497554280e-21
3.37388435100000e+02 2.66202635091837e-21
3.37464592900000e+02 2.62539489068040e-21
3.37540736700000e+02 2.53145289285034e-21
3.37616866500000e+02 2.39782599798716e-21
3.37692982400000e+02 2.24155141654045e-21
3.37769084200000e+02 2.07642609451115e-21
3.37845172100000e+02 1.91146662088697e-21
3.37921246000000e+02 1.75173977356835e-21
3.37997305900000e+02 1.60026507715010e-21
3.38073351800000e+02 1.45822077548102e-21
3.38149383700000e+02 1.32697936308109e-21
3.38225401600000e+02 1.20778075340332e-21
3.38301405600000e+02 1.10106942666195e-21
3.38377395500000e+02 1.00710045078464e-21
3.38453371400000e+02 9.25772200189535e-22
3.38529333300000e+02 8.56382344560504e-22
3.38605281200000e+02 7.98301113208619e-22
3.38681215000000e+02 7.50537863109562e-22
3.38757134900000e+02 7.11749906126712e-22
3.38833040700000e+02 6.80988584069549e-22
3.38908932500000e+02 6.57783477565921e-22
3.38984810300000e+02 6.42155201259698e-22
3.39060674000000e+02 6.34611263645015e-22
3.39136523700000e+02 6.34971144306911e-22
3.39212359400000e+02 6.41550280058868e-22
3.39288181000000e+02 6.52411306887676e-22
3.39363988600000e+02 6.66229677852917e-22
3.39439782200000e+02 6.82753941804258e-22
3.39515561700000e+02 7.02821102925734e-22
3.39591327100000e+02 7.28572093001575e-22
3.39667078500000e+02 7.64279809477399e-22
3.39742815800000e+02 8.16445855615635e-22
3.39818539100000e+02 8.88598450242151e-22
3.39894248300000e+02 9.76226814819500e-22
3.39969943400000e+02 1.07001703600798e-21
3.40045624500000e+02 1.16099128348745e-21
3.40121291500000e+02 1.24116805959606e-21
3.40196944400000e+02 1.30248161838352e-21
3.40272583300000e+02 1.33619875862305e-21
3.40348208100000e+02 1.33616819465691e-21
3.40423818800000e+02 1.30358878351913e-21
3.40499415400000e+02 1.24612399554088e-21
3.40574997900000e+02 1.17280734856142e-21
3.40650566300000e+02 1.09163657421902e-21
3.40726120600000e+02 1.00842041206260e-21
3.40801660800000e+02 9.26925455099064e-22
3.40877186900000e+02 8.49298509258128e-22
3.40952699000000e+02 7.76597515416691e-22
3.41028196900000e+02 7.09597557374028e-22
3.41103680700000e+02 6.48628923447538e-22
3.41179150400000e+02 5.93640301439772e-22
3.41254605900000e+02 5.44560782367897e-22
3.41330047400000e+02 5.01307817172433e-22
3.41405474700000e+02 4.63536957302069e-22
3.41480887900000e+02 4.30958562209010e-22
3.41556287000000e+02 4.03363506599958e-22
3.41631671900000e+02 3.80537961493101e-22
3.41707042700000e+02 3.62232353070510e-22
3.41782399400000e+02 3.48123182788599e-22
3.41857742000000e+02 3.37365722817291e-22
3.41933070400000e+02 3.28800693060032e-22
3.42008384600000e+02 3.21496611691019e-22
3.42083684700000e+02 3.14654987874771e-22
3.42158970600000e+02 3.07760406084586e-22
3.42234242400000e+02 3.00613540478732e-22
3.42309500100000e+02 2.93284290870687e-22
3.42384743500000e+02 2.86342301784089e-22
3.42459972900000e+02 2.81062012435063e-22
3.42535188000000e+02 2.78970028282306e-22
3.42610389000000e+02 2.81097475461260e-22
3.42685575800000e+02 2.87817528729710e-22
3.42760748400000e+02 2.99259070010488e-22
3.42835906900000e+02 3.15684274969013e-22
3.42911051100000e+02 3.36740865013265e-22
3.42986181200000e+02 3.60509507759150e-22
3.43061297100000e+02 3.84367269625093e-22
3.43136398800000e+02 4.06445014442154e-22
3.43211486400000e+02 4.26384494276963e-22
3.43286559700000e+02 4.45004318021750e-22
3.43361618800000e+02 4.63656200575974e-22
3.43436663700000e+02 4.84775833145351e-22
3.43511694400000e+02 5.13051286160416e-22
3.43586711000000e+02 5.54743960717053e-22
3.43661713300000e+02 6.13143343838093e-22
3.43736701300000e+02 6.84342479745256e-22
3.43811675200000e+02 7.60417124344015e-22
3.43886634900000e+02 8.34114630280865e-22
3.43961580300000e+02 8.99480141254842e-22
3.44036511500000e+02 9.50652977824770e-22
3.44111428500000e+02 9.81041578571886e-22
3.44186331200000e+02 9.85578230524571e-22
3.44261219700000e+02 9.64925241304339e-22
3.44336094000000e+02 9.25097295235337e-22
3.44410954000000e+02 8.73039137098641e-22
3.44485799800000e+02 8.14782280690385e-22
3.44560631400000e+02 7.54857067273509e-22
3.44635448700000e+02 6.96147826788998e-22
3.44710251700000e+02 6.40261701199442e-22
3.44785040500000e+02 5.88012475170427e-22
3.44859815100000e+02 5.39761976797531e-22
3.44934575300000e+02 4.95950430573295e-22
3.45009321300000e+02 4.56929490043495e-22
3.45084053100000e+02 4.22617200188611e-22
3.45158770600000e+02 3.92862440334462e-22
3.45233473800000e+02 3.67567384872510e-22
3.45308162700000e+02 3.46707021287182e-22
3.45382837300000e+02 3.30077796506588e-22
3.45457497700000e+02 3.16913664394686e-22
3.45532143800000e+02 3.06024697582733e-22
3.45606775600000e+02 2.96428704877218e-22
3.45681393100000e+02 2.87385991538971e-22
3.45755996300000e+02 2.78235000592803e-22
3.45830585200000e+02 2.68508231756779e-22
3.45905159900000e+02 2.57976767415847e-22
3.45979720200000e+02 2.46744458239819e-22
3.46054266200000e+02 2.35357219614173e-22
3.46128797900000e+02 2.24403253306101e-22
3.46203315300000e+02 2.14353261806518e-22
3.46277818400000e+02 2.05547495433307e-22
3.46352307200000e+02 1.98069860113799e-22
3.46426781600000e+02 1.91924757400010e-22
3.46501241700000e+02 1.87273163577499e-22
3.46575687500000e+02 1.84428563321905e-22
3.46650119000000e+02 1.83932935048022e-22
3.46724536200000e+02 1.86824487962170e-22
3.46798939000000e+02 1.94454879804428e-22
3.46873327400000e+02 2.07936785020955e-22
3.46947701600000e+02 2.26726764357146e-22
3.47022061300000e+02 2.48452736120949e-22
3.47096406800000e+02 2.70518810785405e-22
3.47170737900000e+02 2.90954068494526e-22
3.47245054600000e+02 3.07944364046023e-22
3.47319357000000e+02 3.19547182551680e-22
3.47393645000000e+02 3.23930343009734e-22
3.47467918700000e+02 3.20299944307485e-22
3.47542178000000e+02 3.09857946319846e-22
3.47616423000000e+02 2.94738305426312e-22
3.47690653500000e+02 2.76889367042242e-22
3.47764869700000e+02 2.57864354404808e-22
3.47839071600000e+02 2.38805179022282e-22
3.47913259000000e+02 2.20412448387867e-22
3.47987432100000e+02 2.03068751983561e-22
3.48061590700000e+02 1.86955689715788e-22
3.48135735000000e+02 1.72259714556694e-22
3.48209864900000e+02 1.59185665993126e-22
3.48283980400000e+02 1.47822077380365e-22
3.48358081600000e+02 1.38154783553280e-22
3.48432168300000e+02 1.30019608293030e-22
3.48506240600000e+02 1.23169680842762e-22
3.48580298500000e+02 1.17290124461060e-22
3.48654342000000e+02 1.12139336698931e-22
3.48728371100000e+02 1.07583952720697e-22
3.48802385800000e+02 1.03474010159986e-22
3.48876386000000e+02 9.96941620748363e-23
3.48950371900000e+02 9.63768876608417e-23
3.49024343300000e+02 9.38713107029343e-23
3.49098300300000e+02 9.26276812995942e-23
3.49172242800000e+02 9.29646298300387e-23
3.49246171000000e+02 9.46281035661217e-23
3.49320084700000e+02 9.70843961858834e-23
3.49393983900000e+02 9.99113298208773e-23
3.49467868800000e+02 1.02689174272843e-22
3.49541739100000e+02 1.05014160426561e-22
3.49615595100000e+02 1.06493548936358e-22
3.49689436600000e+02 1.06785828719123e-22
3.49763263600000e+02 1.05862419419955e-22
3.49837076200000e+02 1.04169173246181e-22
3.49910874300000e+02 1.02247427422574e-22
3.49984658000000e+02 1.00439120526349e-22
3.50058427200000e+02 9.89289458076974e-23
3.50132181900000e+02 9.77612366413505e-23
3.50205922200000e+02 9.69264242404148e-23
3.50279647900000e+02 9.64177463907508e-23
3.50353359300000e+02 9.61341559757470e-23
3.50427056100000e+02 9.59288034354672e-23
3.50500738400000e+02 9.58433580461151e-23
3.50574406300000e+02 9.59943583205604e-23
3.50648059700000e+02 9.66747243527721e-23
3.50721698600000e+02 9.84384702692108e-23
3.50795323000000e+02 1.02028866608210e-22
3.50868932900000e+02 1.08432546995447e-22
3.50942528300000e+02 1.18949525881924e-22
3.51016109200000e+02 1.34611273922171e-22
3.51089675600000e+02 1.55340820101177e-22
3.51163227500000e+02 1.79574946561081e-22
3.51236764900000e+02 2.05007678154717e-22
3.51310287700000e+02 2.29571120685174e-22
3.51383796100000e+02 2.51490553128766e-22
3.51457289900000e+02 2.68956209072220e-22
3.51530769200000e+02 2.80117910215252e-22
3.51604234000000e+02 2.83778805171652e-22
3.51677684300000e+02 2.80207480247034e-22
3.51751120000000e+02 2.71002504834961e-22
3.51824541200000e+02 2.58045794206493e-22
3.51897947800000e+02 2.42987678297337e-22
3.51971339900000e+02 2.27188251534737e-22
3.52044717500000e+02 2.11619934129234e-22
3.52118080500000e+02 1.96997153229265e-22
3.52191429000000e+02 1.83784752437742e-22
3.52264762900000e+02 1.72173748933090e-22
3.52338082300000e+02 1.62121837455577e-22
3.52411387100000e+02 1.53449141877821e-22
3.52484677300000e+02 1.45850918662748e-22
3.52557953000000e+02 1.39002567100941e-22
3.52631214100000e+02 1.32571992939819e-22
3.52704460700000e+02 1.26251463506193e-22
3.52777692700000e+02 1.19826108300593e-22
3.52850910100000e+02 1.13219086401847e-22
3.52924112900000e+02 1.06563329239342e-22
3.52997301100000e+02 1.00095063322380e-22
3.53070474800000e+02 9.40051128849838e-23
3.53143633900000e+02 8.83881498626217e-23
3.53216778300000e+02 8.32336404325863e-23
3.53289908200000e+02 7.85285595581288e-23
3.53363023500000e+02 7.42257185754544e-23
3.53436124200000e+02 7.02168675468938e-23
3.53509210300000e+02 6.64208258001081e-23
3.53582281800000e+02 6.27361895884513e-23
3.53655338700000e+02 5.91266336129912e-23
3.53728380900000e+02 5.56522744568515e-23
3.53801408600000e+02 5.23544791895479e-23
3.53874421600000e+02 4.92705246803879e-23
3.53947420000000e+02 4.65118428782120e-23
3.54020403800000e+02 4.41359644570840e-23
3.54093373000000e+02 4.21479034161951e-23
3.54166327500000e+02 4.05813083590297e-23
3.54239267400000e+02 3.94370257042601e-23
3.54312192700000e+02 3.87328898650679e-23
3.54385103300000e+02 3.85049343800048e-23
3.54457999300000e+02 3.87896802105185e-23
3.54530880700000e+02 3.96322808813611e-23
3.54603747400000e+02 4.10335023423284e-23
3.54676599400000e+02 4.29176295770186e-23
3.54749436900000e+02 4.50894296451832e-23
3.54822259600000e+02 4.73039945896323e-23
3.54895067700000e+02 4.93841275329023e-23
3.54967861100000e+02 5.12014844011858e-23
3.55040639900000e+02 5.25775640174095e-23
3.55113404000000e+02 5.32775319914488e-23
3.55186153400000e+02 5.31666469785266e-23
3.55258888200000e+02 5.23070159492813e-23
3.55331608300000e+02 5.08850390396846e-23
3.55404313700000e+02 4.90795021390780e-23
3.55477004400000e+02 4.70400539016834e-23
3.55549680400000e+02 4.48917278416681e-23
3.55622341800000e+02 4.27562254727533e-23
3.55694988500000e+02 4.07687955599015e-23
3.55767620400000e+02 3.89448936403379e-23
3.55840237700000e+02 3.72323608066717e-23
3.55912840300000e+02 3.56316163396887e-23
3.55985428100000e+02 3.41804555349928e-23
3.56058001300000e+02 3.28901263945155e-23
3.56130559800000e+02 3.17857283658923e-23
3.56203103500000e+02 3.09453457996981e-23
3.56275632500000e+02 3.04634555077865e-23
3.56348146900000e+02 3.04827188722236e-23
3.56420646500000e+02 3.11452350068398e-23
3.56493131300000e+02 3.23895800974947e-23
3.56565601500000e+02 3.40179849066622e-23
3.56638056900000e+02 3.58093986700939e-23
3.56710497600000e+02 3.75468075671916e-23
3.56782923500000e+02 3.90296986072788e-23
3.56855334800000e+02 4.01088657235054e-23
3.56927731200000e+02 4.06412978334879e-23
3.57000113000000e+02 4.05505140922190e-23
3.57072480000000e+02 3.99382933359434e-23
3.57144832200000e+02 3.90295151923718e-23
3.57217169700000e+02 3.80311627106521e-23
3.57289492400000e+02 3.70381937687140e-23
3.57361800400000e+02 3.60843146655433e-23
3.57434093600000e+02 3.51665697693425e-23
3.57506372000000e+02 3.42768561278416e-23
3.57578635700000e+02 3.34214029390556e-23
3.57650884600000e+02 3.25222869224328e-23
3.57723118800000e+02 3.14818454765827e-23
3.57795338100000e+02 3.03069228952514e-23
3.57867542700000e+02 2.90312571017424e-23
3.57939732500000e+02 2.77218444071236e-23
3.58011907500000e+02 2.64256289525574e-23
3.58084067800000e+02 2.51511699680353e-23
3.58156213200000e+02 2.39469150949232e-23
3.58228343800000e+02 2.28596825666223e-23
3.58300459700000e+02 2.18979298027502e-23
3.58372560700000e+02 2.10755173589525e-23
3.58444647000000e+02 2.04380981985116e-23
3.58516718400000e+02 1.99996770306810e-23
3.58588775100000e+02 1.97983049285745e-23
3.58660816900000e+02 1.98696459711579e-23
3.58732843900000e+02 2.02377619952230e-23
3.58804856100000e+02 2.09802999694141e-23
3.58876853500000e+02 2.22027532796175e-23
3.58948836000000e+02 2.40107511939011e-23
3.59020803800000e+02 2.64952512840400e-23
3.59092756700000e+02 2.96944340475994e-23
3.59164694700000e+02 3.35041808698015e-23
3.59236618000000e+02 3.76991911823924e-23
3.59308526300000e+02 4.19881514451030e-23
3.59380419900000e+02 4.60593057941228e-23
3.59452298600000e+02 4.96348890089633e-23
3.59524162500000e+02 5.24735730020350e-23
3.59596011500000e+02 5.43864940422280e-23
3.59667845600000e+02 5.52801504201828e-23
3.59739665000000e+02 5.52253876351659e-23
3.59811469400000e+02 5.44171048763253e-23
3.59883259000000e+02 5.31269858438406e-23
3.59955033700000e+02 5.15795363200572e-23
3.60026793600000e+02 4.99091165343179e-23
3.60098538600000e+02 4.81789530523192e-23
3.60170268700000e+02 4.64085454488103e-23
3.60241983900000e+02 4.46250093518529e-23
3.60313684300000e+02 4.28178798526832e-23
3.60385369700000e+02 4.09473651490255e-23
3.60457040300000e+02 3.89936787026259e-23
3.60528696000000e+02 3.69824416085005e-23
3.60600336900000e+02 3.49655503227823e-23
3.60671962800000e+02 3.30071282195870e-23
3.60743573800000e+02 3.11603465384092e-23
3.60815169900000e+02 2.94304382885281e-23
3.60886751100000e+02 2.78226584002134e-23
3.60958317500000e+02 2.63466622608978e-23
3.61029868900000e+02 2.49735235492635e-23
3.61101405400000e+02 2.36881379544655e-23
3.61172927000000e+02 2.24880506339377e-23
3.61244433600000e+02 2.13390512963102e-23
3.61315925400000e+02 2.02120464386016e-23
3.61387402200000e+02 1.91175296618331e-23
3.61458864100000e+02 1.80514446446063e-23
3.61530311100000e+02 1.70304105747372e-23
3.61601743100000e+02 1.60798042685369e-23
3.61673160200000e+02 1.52011075887355e-23
3.61744562400000e+02 1.43955989762493e-23
3.61815949600000e+02 1.36348368977442e-23
3.61887321900000e+02 1.28932443369061e-23
3.61958679200000e+02 1.22149280016918e-23
3.62030021600000e+02 1.16402316957393e-23
3.62101349000000e+02 1.11497395062719e-23
3.62172661500000e+02 1.07061520320817e-23
3.62243959000000e+02 1.02727873419296e-23
3.62315241600000e+02 9.88346336269830e-24
3.62386509200000e+02 9.58112873874142e-24
3.62457761800000e+02 9.33675115756184e-24
3.62528999500000e+02 9.11685908370533e-24
3.62600222200000e+02 8.90587945036015e-24
3.62671429900000e+02 8.70473924823727e-24
3.62742622600000e+02 8.54179825708747e-24
3.62813800400000e+02 8.42693942869371e-24
3.62884963100000e+02 8.33555728918423e-24
3.62956110900000e+02 8.26737287728811e-24
3.63027243700000e+02 8.24342664185385e-24
3.63098361500000e+02 8.24979864527518e-24
3.63169464300000e+02 8.29124382380090e-24
3.63240552100000e+02 8.37150638865043e-24
3.63311624900000e+02 8.45372539186713e-24
3.63382682600000e+02 8.50809000207369e-24
3.63453725400000e+02 8.54548538068071e-24
3.63524753200000e+02 8.57284473445075e-24
3.63595765900000e+02 8.59087075047331e-24
3.63666763700000e+02 8.59565607412227e-24
3.63737746400000e+02 8.56420190215023e-24
3.63808714100000e+02 8.51106093952790e-24
3.63879666800000e+02 8.46917553262584e-24
3.63950604400000e+02 8.41954732054656e-24
3.64021527000000e+02 8.35791216818283e-24
3.64092434600000e+02 8.33384716613491e-24
3.64163327100000e+02 8.37734499742293e-24
3.64234204600000e+02 8.50404358770021e-24
3.64305067100000e+02 8.73959421851855e-24
3.64375914500000e+02 9.12272862079087e-24
3.64446746800000e+02 9.68418859603161e-24
3.64517564100000e+02 1.03841813631349e-23
3.64588366400000e+02 1.11293064998359e-23
3.64659153600000e+02 1.18476286348412e-23
3.64729925700000e+02 1.25040277876964e-23
3.64800682700000e+02 1.30691025681430e-23
3.64871424700000e+02 1.34822404490591e-23
3.64942151700000e+02 1.36854653073080e-23
3.65012863500000e+02 1.36859763686096e-23
3.65083560300000e+02 1.35576773766687e-23
3.65154242000000e+02 1.33801037370539e-23
3.65224908600000e+02 1.31947777030616e-23
3.65295560100000e+02 1.30013796582167e-23
3.65366196600000e+02 1.28010695371657e-23
3.65436817900000e+02 1.26175974322144e-23
3.65507424200000e+02 1.24412936401480e-23
3.65578015400000e+02 1.22542541134472e-23
3.65648591400000e+02 1.20519479109708e-23
3.65719152400000e+02 1.17986159025652e-23
3.65789698200000e+02 1.14632536191547e-23
3.65860229000000e+02 1.10850750305937e-23
3.65930744600000e+02 1.07010726286206e-23
3.66001245100000e+02 1.03139625293353e-23
3.66071730500000e+02 9.93442084426449e-24
3.66142200800000e+02 9.56491845145597e-24
3.66212656000000e+02 9.19371270165787e-24
3.66283096000000e+02 8.82314819690996e-24
3.66353520900000e+02 8.45960003372297e-24
3.66423930700000e+02 8.09443579524638e-24
3.66494325300000e+02 7.73852489807795e-24
3.66564704800000e+02 7.42053945503302e-24
3.66635069200000e+02 7.13301570892098e-24
3.66705418400000e+02 6.83944006667967e-24
3.66775752500000e+02 6.54301831181174e-24
3.66846071400000e+02 6.28382463975780e-24
3.66916375200000e+02 6.06552321110208e-24
3.66986663800000e+02 5.86950845822845e-24
3.67056937200000e+02 5.67922551807483e-24
3.67127195500000e+02 5.48086622610585e-24
3.67197438700000e+02 5.29327774857530e-24
3.67267666600000e+02 5.15091052270572e-24
3.67337879400000e+02 5.05479284017436e-24
3.67408077000000e+02 4.98539304277986e-24
3.67478259500000e+02 4.93916668697031e-24
3.67548426700000e+02 4.92757203283446e-24
3.67618578800000e+02 4.95784876152570e-24
3.67688715700000e+02 5.02312106021099e-24
3.67758837400000e+02 5.11463381474330e-24
3.67828943900000e+02 5.23654648450991e-24
3.67899035200000e+02 5.41139183572516e-24
3.67969111400000e+02 5.63357047271003e-24
3.68039172300000e+02 5.90913610942828e-24
3.68109218000000e+02 6.24578833281768e-24
3.68179248500000e+02 6.63620038907599e-24
3.68249263800000e+02 7.04663807439301e-24
3.68319263900000e+02 7.46686541110860e-24
3.68389248800000e+02 7.89273630659814e-24
3.68459218500000e+02 8.28798614020634e-24
3.68529172900000e+02 8.61269982881942e-24
3.68599112100000e+02 8.85401659485278e-24
3.68669036100000e+02 8.97748342123167e-24
3.68738944900000e+02 8.98743102793167e-24
3.68808838400000e+02 8.92463207282149e-24
3.68878716700000e+02 8.80417598542705e-24
3.68948579800000e+02 8.60721136396985e-24
3.69018427600000e+02 8.35553107213920e-24
3.69088260200000e+02 8.09464958874251e-24
3.69158077500000e+02 7.83589322520343e-24
3.69227879600000e+02 7.59779229048310e-24
3.69297666400000e+02 7.37862775538753e-24
3.69367438000000e+02 7.14290303819229e-24
3.69437194300000e+02 6.88233923312678e-24
3.69506935400000e+02 6.63766383587149e-24
3.69576661200000e+02 6.41348383774796e-24
3.69646371700000e+02 6.19113031178765e-24
3.69716066900000e+02 5.96768677286777e-24
3.69785746900000e+02 5.74442889990682e-24
3.69855411600000e+02 5.51988279304281e-24
3.69925061000000e+02 5.33538684287799e-24
3.69994695200000e+02 5.19918741165964e-24
3.70064314000000e+02 5.07998440451202e-24
3.70133917600000e+02 4.96450683426119e-24
3.70203505900000e+02 4.85586913894716e-24
3.70273078800000e+02 4.74628996635091e-24
3.70342636500000e+02 4.63663348910490e-24
3.70412178900000e+02 4.51969028401203e-24
3.70481706000000e+02 4.39808594111923e-24
3.70551217800000e+02 4.29744605787922e-24
3.70620714200000e+02 4.20047840977525e-24
3.70690195400000e+02 4.08839934405006e-24
3.70759661200000e+02 3.96502160467595e-24
3.70829111800000e+02 3.82901431462790e-24
3.70898547000000e+02 3.70052443202040e-24
3.70967966800000e+02 3.61432070528134e-24
3.71037371400000e+02 3.53689265372166e-24
3.71106760600000e+02 3.41487771019507e-24
3.71176134500000e+02 3.29160113449250e-24
3.71245493100000e+02 3.19285302563286e-24
3.71314836300000e+02 3.09263851484592e-24
3.71384164200000e+02 2.99847994904205e-24
3.71453476700000e+02 2.93082944104802e-24
3.71522773900000e+02 2.87721772572440e-24
3.71592055700000e+02 2.84601753591239e-24
3.71661322200000e+02 2.83415546193270e-24
3.71730573300000e+02 2.81084199832885e-24
3.71799809100000e+02 2.78542717130329e-24
3.71869029500000e+02 2.78458920157715e-24
3.71938234600000e+02 2.78836708656748e-24
3.72007424200000e+02 2.78222840165129e-24
3.72076598500000e+02 2.76895800547691e-24
3.72145757500000e+02 2.75645765873259e-24
3.72214901000000e+02 2.74438738579160e-24
3.72284029200000e+02 2.73184795790206e-24
3.72353142000000e+02 2.72141426076066e-24
3.72422239400000e+02 2.72068302876195e-24
3.72491321400000e+02 2.72387594347849e-24
3.72560388100000e+02 2.72345002654306e-24
3.72629439300000e+02 2.71121381920595e-24
3.72698475100000e+02 2.68856220548373e-24
3.72767495600000e+02 2.69303575987465e-24
3.72836500600000e+02 2.74894578353689e-24
3.72905490200000e+02 2.83300920545649e-24
3.72974464500000e+02 2.92796477059719e-24
3.73043423300000e+02 3.05813007973921e-24
3.73112366700000e+02 3.22157422026461e-24
3.73181294700000e+02 3.39792382443729e-24
3.73250207200000e+02 3.57649938387731e-24
3.73319104300000e+02 3.74221673736266e-24
3.73387986100000e+02 3.88459056202748e-24
3.73456852300000e+02 4.00752956043090e-24
3.73525703200000e+02 4.11182035552186e-24
3.73594538600000e+02 4.19294258729565e-24
3.73663358600000e+02 4.26614951317199e-24
3.73732163100000e+02 4.34578469084590e-24
3.73800952200000e+02 4.42996880408168e-24
3.73869725800000e+02 4.50393458207813e-24
3.73938484000000e+02 4.56621936755486e-24
3.74007226700000e+02 4.63389820349739e-24
3.74075954000000e+02 4.70609852327602e-24
3.74144665900000e+02 4.76033022390106e-24
3.74213362200000e+02 4.78091186009968e-24
3.74282043100000e+02 4.76586804795590e-24
3.74350708500000e+02 4.73093323854637e-24
3.74419358500000e+02 4.69198644654312e-24
3.74487993000000e+02 4.63162861085932e-24
3.74556612000000e+02 4.53407654135648e-24
3.74625215500000e+02 4.43458624047419e-24
3.74693803600000e+02 4.34625206704734e-24
3.74762376100000e+02 4.24744723740676e-24
3.74830933200000e+02 4.14592374304344e-24
3.74899474800000e+02 4.05149435455598e-24
3.74968000900000e+02 3.95464790694050e-24
3.75036511500000e+02 3.87417021601354e-24
3.75105006600000e+02 3.82267616868099e-24
3.75173486100000e+02 3.76226865097509e-24
3.75241950200000e+02 3.67917856550479e-24
3.75310398800000e+02 3.59745436321060e-24
3.75378831900000e+02 3.53027865050088e-24
3.75447249400000e+02 3.47006596284007e-24
3.75515651400000e+02 3.41802344373234e-24
3.75584037900000e+02 3.35138705479160e-24
3.75652408900000e+02 3.26420572048592e-24
3.75720764400000e+02 3.17296727991939e-24
3.75789104300000e+02 3.10456727145210e-24
3.75857428700000e+02 3.07688149359240e-24
3.75925737600000e+02 3.07434808549533e-24
3.75994030900000e+02 3.06766905841501e-24
3.76062308700000e+02 3.06370741170480e-24
3.76130570900000e+02 3.06268933758161e-24
3.76198817600000e+02 3.04514445292946e-24
3.76267048700000e+02 3.02520294637337e-24
3.76335264300000e+02 3.00788179810998e-24
3.76403464400000e+02 2.95988671141222e-24
3.76471648800000e+02 2.88891032064767e-24
3.76539817700000e+02 2.81188498451253e-24
3.76607971100000e+02 2.73820925155770e-24
3.76676108900000e+02 2.68985175693361e-24
3.76744231100000e+02 2.67485193533403e-24
3.76812337700000e+02 2.67218825822968e-24
3.76880428800000e+02 2.66571516090566e-24
3.76948504200000e+02 2.66975558162540e-24
3.77016564100000e+02 2.68490213930920e-24
3.77084608400000e+02 2.70885417335592e-24
3.77152637200000e+02 2.73315517714418e-24
3.77220650300000e+02 2.74327370994652e-24
3.77288647800000e+02 2.74112301703949e-24
3.77356629800000e+02 2.74255169359520e-24
3.77424596100000e+02 2.75098047033106e-24
3.77492546800000e+02 2.76303361309465e-24
3.77560482000000e+02 2.76759327644662e-24
3.77628401500000e+02 2.77113373681460e-24
3.77696305400000e+02 2.77028649217269e-24
3.77764193700000e+02 2.77258486987851e-24
3.77832066400000e+02 2.77061803151179e-24
3.77899923400000e+02 2.75497078320969e-24
3.77967764800000e+02 2.73543121849863e-24
3.78035590600000e+02 2.73307828590744e-24
3.78103400800000e+02 2.75009842230112e-24
3.78171195400000e+02 2.76148413805884e-24
3.78238974300000e+02 2.76399036410104e-24
3.78306737500000e+02 2.77566231607527e-24
3.78374485200000e+02 2.79940297782903e-24
3.78442217100000e+02 2.83793563030035e-24
3.78509933500000e+02 2.88023864019055e-24
3.78577634200000e+02 2.90098204365374e-24
3.78645319200000e+02 2.90266887330005e-24
3.78712988600000e+02 2.91123795991281e-24
3.78780642300000e+02 2.93567477337495e-24
3.78848280300000e+02 2.94414486506446e-24
3.78915902700000e+02 2.93966397651787e-24
3.78983509500000e+02 2.94218110978752e-24
3.79051100500000e+02 2.94652119028980e-24
3.79118675900000e+02 2.94333938312632e-24
3.79186235600000e+02 2.93476082127613e-24
3.79253779600000e+02 2.91978299396364e-24
3.79321307900000e+02 2.89568682077639e-24
3.79388820600000e+02 2.86758019670987e-24
3.79456317600000e+02 2.84783611553340e-24
3.79523798800000e+02 2.82641654041484e-24
3.79591264400000e+02 2.80348894779473e-24
3.79658714300000e+02 2.79672984960822e-24
3.79726148500000e+02 2.80816729587162e-24
3.79793567000000e+02 2.81889916465575e-24
3.79860969700000e+02 2.83123952787009e-24
3.79928356800000e+02 2.84965740926390e-24
3.79995728100000e+02 2.86268707634849e-24
3.80063083800000e+02 2.86904908657714e-24
3.80130423700000e+02 2.86952660762295e-24
3.80197747900000e+02 2.85577180256316e-24
3.80265056400000e+02 2.83593680929276e-24
3.80332349100000e+02 2.82510016789305e-24
3.80399626100000e+02 2.81745654232721e-24
3.80466887400000e+02 2.81864544198788e-24
3.80534133000000e+02 2.83773453763438e-24
3.80601362800000e+02 2.85753888548444e-24
3.80668576800000e+02 2.86694683567762e-24
3.80735775200000e+02 2.86469517136760e-24
3.80802957700000e+02 2.85511689054368e-24
3.80870124600000e+02 2.84322243504846e-24
3.80937275600000e+02 2.83464962848770e-24
3.81004411000000e+02 2.82711052089382e-24
3.81071530500000e+02 2.80719487626927e-24
3.81138634300000e+02 2.78188264130669e-24
3.81205722400000e+02 2.77898252187828e-24
3.81272794600000e+02 2.80528770030773e-24
3.81339851100000e+02 2.84022914631858e-24
3.81406891800000e+02 2.86832379476485e-24
3.81473916800000e+02 2.89789794227340e-24
3.81540925900000e+02 2.93087099991617e-24
3.81607919300000e+02 2.95688793830915e-24
3.81674896900000e+02 2.97445424556847e-24
3.81741858700000e+02 2.97273344581128e-24
3.81808804700000e+02 2.95490831040412e-24
3.81875734900000e+02 2.93940209270582e-24
3.81942649400000e+02 2.92879217319230e-24
3.82009548000000e+02 2.92562752544350e-24
3.82076430800000e+02 2.92968164816534e-24
3.82143297800000e+02 2.94527705962100e-24
3.82210149000000e+02 2.96997862711809e-24
3.82276984400000e+02 2.99277789209879e-24
3.82343804000000e+02 3.01117318426418e-24
3.82410607700000e+02 3.02189819703759e-24
3.82477395700000e+02 3.02087179746533e-24
3.82544167800000e+02 3.00921241459345e-24
3.82610924100000e+02 2.98747239510862e-24
3.82677664500000e+02 2.96636437591315e-24
3.82744389100000e+02 2.93462463940416e-24
3.82811097900000e+02 2.88142154867468e-24
3.82877790900000e+02 2.82040792964699e-24
3.82944468000000e+02 2.77182205863334e-24
3.83011129300000e+02 2.74311809420061e-24
3.83077774700000e+02 2.72050297640511e-24
3.83144404200000e+02 2.68759990902196e-24
3.83211017900000e+02 2.65307941195424e-24
3.83277615800000e+02 2.62880125387332e-24
3.83344197800000e+02 2.61177174650621e-24
3.83410763900000e+02 2.59495535839462e-24
3.83477314200000e+02 2.57544869522269e-24
3.83543848600000e+02 2.56230681864604e-24
3.83610367100000e+02 2.56691186711031e-24
3.83676869800000e+02 2.59797796131407e-24
3.83743356600000e+02 2.63033043187382e-24
3.83809827500000e+02 2.63692789316160e-24
3.83876282500000e+02 2.62614951963751e-24
3.83942721600000e+02 2.62423542858582e-24
3.84009144800000e+02 2.62480540877166e-24
3.84075552200000e+02 2.62112265677089e-24
3.84141943600000e+02 2.60270902701516e-24
3.84208319200000e+02 2.55841360542445e-24
3.84274678900000e+02 2.50137909823281e-24
3.84341022600000e+02 2.46408126868067e-24
3.84407350500000e+02 2.44877963922495e-24
3.84473662400000e+02 2.43450015948864e-24
3.84539958400000e+02 2.42814230632708e-24
3.84606238500000e+02 2.44716233377411e-24
3.84672502700000e+02 2.47535721531365e-24
3.84738751000000e+02 2.48013528755379e-24
3.84804983300000e+02 2.46540671915484e-24
3.84871199800000e+02 2.43641096827235e-24
3.84937400300000e+02 2.40952165237564e-24
3.85003584800000e+02 2.41085095365844e-24
3.85069753400000e+02 2.43174616831436e-24
3.85135906100000e+02 2.43635043067090e-24
3.85202042900000e+02 2.42368782092836e-24
3.85268163700000e+02 2.42599299633014e-24
3.85334268500000e+02 2.45850126787236e-24
3.85400357400000e+02 2.49933221638405e-24
3.85466430300000e+02 2.53324591702823e-24
3.85532487300000e+02 2.55299708309071e-24
3.85598528400000e+02 2.55236332936087e-24
3.85664553400000e+02 2.53854892152386e-24
3.85730562500000e+02 2.51649564552588e-24
3.85796555700000e+02 2.49135690787219e-24
3.85862532800000e+02 2.46865432788645e-24
3.85928494000000e+02 2.45480673918527e-24
3.85994439200000e+02 2.45981665634988e-24
3.86060368500000e+02 2.47308784954713e-24
3.86126281700000e+02 2.48945494425552e-24
3.86192179000000e+02 2.50657226637759e-24
3.86258060200000e+02 2.52808675161372e-24
3.86323925500000e+02 2.56657709900272e-24
3.86389774800000e+02 2.62141994319594e-24
3.86455608100000e+02 2.67471788800014e-24
3.86521425400000e+02 2.72781790343749e-24
3.86587226700000e+02 2.80035641402286e-24
3.86653012000000e+02 2.89392617750413e-24
3.86718781200000e+02 2.99355029396332e-24
3.86784534500000e+02 3.08566179359450e-24
3.86850271700000e+02 3.16024818111419e-24
3.86915992900000e+02 3.20362144924824e-24
3.86981698100000e+02 3.22360168917205e-24
3.87047387300000e+02 3.23026808545833e-24
3.87113060500000e+02 3.23413760534631e-24
3.87178717600000e+02 3.22022657824705e-24
3.87244358700000e+02 3.17430842363035e-24
3.87309983700000e+02 3.11300805773000e-24
3.87375592700000e+02 3.06750337532483e-24
3.87441185700000e+02 3.03044612634161e-24
3.87506762600000e+02 2.99829865046485e-24
3.87572323500000e+02 2.98277520489484e-24
3.87637868400000e+02 2.97077353184083e-24
3.87703397100000e+02 2.94589921315139e-24
3.87768909800000e+02 2.94173309212673e-24
3.87834406500000e+02 2.96826745357408e-24
3.87899887100000e+02 2.98563912054070e-24
3.87965351600000e+02 2.98622728400664e-24
3.88030800100000e+02 2.98227534259543e-24
3.88096232500000e+02 2.97601078999536e-24
3.88161648800000e+02 2.97356385749250e-24
3.88227049000000e+02 2.98684895650984e-24
3.88292433200000e+02 3.00786681347067e-24
3.88357801300000e+02 3.02031846785184e-24
3.88423153300000e+02 3.01640678055536e-24
3.88488489200000e+02 3.01074925879300e-24
3.88553809000000e+02 3.02074526994822e-24
3.88619112700000e+02 3.05780884163313e-24
3.88684400300000e+02 3.09815817791942e-24
3.88749671800000e+02 3.12109136355080e-24
3.88814927200000e+02 3.13566120995226e-24
3.88880166600000e+02 3.15418876628164e-24
3.88945389800000e+02 3.17185095207123e-24
3.89010596800000e+02 3.19349272052926e-24
3.89075787800000e+02 3.22679909450755e-24
3.89140962700000e+02 3.27059108353435e-24
3.89206121400000e+02 3.31189394699558e-24
3.89271264000000e+02 3.34669532122181e-24
3.89336390500000e+02 3.37750277207655e-24
3.89401500800000e+02 3.39658349258924e-24
3.89466595000000e+02 3.41809052190298e-24
3.89531673100000e+02 3.45406012782079e-24
3.89596735100000e+02 3.48450774755803e-24
3.89661780800000e+02 3.47972804098180e-24
3.89726810500000e+02 3.44496535283393e-24
3.89791824000000e+02 3.39582987908310e-24
3.89856821400000e+02 3.34113197876524e-24
3.89921802600000e+02 3.28838590108957e-24
3.89986767600000e+02 3.24390920362925e-24
3.90051716500000e+02 3.19441968685836e-24
3.90116649200000e+02 3.14711554095779e-24
3.90181565800000e+02 3.11163968757026e-24
3.90246466200000e+02 3.08976316496504e-24
3.90311350400000e+02 3.09686395579922e-24
3.90376218400000e+02 3.14435431595727e-24
3.90441070300000e+02 3.20363233572661e-24
3.90505906000000e+02 3.24813452831576e-24
3.90570725500000e+02 3.28387896005478e-24
3.90635528800000e+02 3.31527361752652e-24
3.90700315900000e+02 3.34131704889441e-24
3.90765086800000e+02 3.37188628039190e-24
3.90829841600000e+02 3.40777667716633e-24
3.90894580100000e+02 3.43507432624218e-24
3.90959302500000e+02 3.45465554743615e-24
3.91024008600000e+02 3.47141754184948e-24
3.91088698500000e+02 3.47817704831176e-24
3.91153372300000e+02 3.46783610761023e-24
3.91218029800000e+02 3.45965909197393e-24
3.91282671100000e+02 3.46669241347306e-24
3.91347296100000e+02 3.48524595605788e-24
3.91411905000000e+02 3.50420985227308e-24
3.91476497600000e+02 3.52798123512841e-24
3.91541074000000e+02 3.55817430730428e-24
3.91605634200000e+02 3.59664660446263e-24
3.91670178100000e+02 3.66117767397321e-24
3.91734705800000e+02 3.75310373435175e-24
3.91799217300000e+02 3.83921735433912e-24
3.91863712500000e+02 3.89806461550472e-24
3.91928191500000e+02 3.94546242508082e-24
3.91992654200000e+02 3.99176443404421e-24
3.92057100700000e+02 4.02383232596245e-24
3.92121530900000e+02 4.04699439543202e-24
3.92185944900000e+02 4.06999059069868e-24
3.92250342600000e+02 4.07672096704037e-24
3.92314724000000e+02 4.05711410103975e-24
3.92379089200000e+02 4.02317034462812e-24
3.92443438100000e+02 3.98200668022915e-24
3.92507770800000e+02 3.93755172881976e-24
3.92572087100000e+02 3.90487572732080e-24
3.92636387200000e+02 3.89637479667568e-24
3.92700671000000e+02 3.89810788674940e-24
3.92764938500000e+02 3.90877976229874e-24
3.92829189800000e+02 3.94420470449460e-24
3.92893424700000e+02 4.01800674404422e-24
3.92957643400000e+02 4.13122663060885e-24
3.93021845700000e+02 4.25461253080184e-24
3.93086031800000e+02 4.35990131215802e-24
3.93150201600000e+02 4.44925120025995e-24
3.93214355000000e+02 4.53436056116440e-24
3.93278492200000e+02 4.61042335168805e-24
3.93342613000000e+02 4.68064477896492e-24
3.93406717500000e+02 4.75646854784956e-24
3.93470805700000e+02 4.81799547050772e-24
3.93534877600000e+02 4.85737382271395e-24
3.93598933200000e+02 4.90260065567691e-24
3.93662972500000e+02 4.96844330397891e-24
3.93726995400000e+02 5.02560022616343e-24
3.93791002000000e+02 5.06498461194167e-24
3.93854992200000e+02 5.10066857572058e-24
3.93918966200000e+02 5.12908312531859e-24
3.93982923700000e+02 5.14598250527311e-24
3.94046865000000e+02 5.17186694680671e-24
3.94110789900000e+02 5.19783376302313e-24
3.94174698400000e+02 5.20963483799936e-24
3.94238590600000e+02 5.22070638847824e-24
3.94302466500000e+02 5.24585444056485e-24
3.94366325900000e+02 5.28439425116579e-24
3.94430169100000e+02 5.33502603429212e-24
3.94493995800000e+02 5.39418454481383e-24
3.94557806200000e+02 5.45179485457914e-24
3.94621600200000e+02 5.49045820861862e-24
3.94685377900000e+02 5.51167825370721e-24
3.94749139200000e+02 5.52480123957949e-24
3.94812884100000e+02 5.54948668281496e-24
3.94876612600000e+02 5.59124788492931e-24
3.94940324800000e+02 5.63294249942759e-24
3.95004020500000e+02 5.66086835871448e-24
3.95067699900000e+02 5.67485751086437e-24
3.95131362800000e+02 5.68557293786086e-24
3.95195009400000e+02 5.70961949354849e-24
3.95258639600000e+02 5.74708123781858e-24
3.95322253400000e+02 5.77612954599316e-24
3.95385850700000e+02 5.77970963095925e-24
3.95449431700000e+02 5.76175004252271e-24
3.95512996300000e+02 5.72951500639016e-24
3.95576544400000e+02 5.68716627556806e-24
3.95640076100000e+02 5.64592771468947e-24
3.95703591500000e+02 5.61768336804319e-24
3.95767090300000e+02 5.59071843788486e-24
3.95830572800000e+02 5.55216810387219e-24
3.95894038800000e+02 5.50997127455763e-24
3.95957488400000e+02 5.47778249197039e-24
3.96020921600000e+02 5.45959335335046e-24
3.96084338400000e+02 5.45296602254341e-24
3.96147738700000e+02 5.44247490028348e-24
3.96211122500000e+02 5.40515256448263e-24
3.96274489900000e+02 5.34095163281858e-24
3.96337840900000e+02 5.28085116604922e-24
3.96401175400000e+02 5.23190920364456e-24
3.96464493400000e+02 5.17482183935049e-24
3.96527795000000e+02 5.09595544585567e-24
3.96591080200000e+02 4.99120747550941e-24
3.96654348900000e+02 4.86520225706502e-24
3.96717601100000e+02 4.74163165645337e-24
3.96780836800000e+02 4.63881791502347e-24
3.96844056100000e+02 4.54784266725200e-24
3.96907258900000e+02 4.45614014433108e-24
3.96970445200000e+02 4.37277333347633e-24
3.97033615000000e+02 4.31333533646340e-24
3.97096768400000e+02 4.27435730864940e-24
3.97159905200000e+02 4.24540494007744e-24
3.97223025600000e+02 4.22141797830704e-24
3.97286129500000e+02 4.19942689256146e-24
3.97349216900000e+02 4.19063453042565e-24
3.97412287800000e+02 4.19391544726243e-24
3.97475342200000e+02 4.18355089336615e-24
3.97538380100000e+02 4.14011141053167e-24
3.97601401500000e+02 4.06716131030711e-24
3.97664406300000e+02 3.97319599110700e-24
3.97727394700000e+02 3.88342374804144e-24
3.97790366500000e+02 3.81557700666300e-24
3.97853321800000e+02 3.75851727922577e-24
3.97916260600000e+02 3.68985788878730e-24
3.97979182900000e+02 3.61334533793049e-24
3.98042088700000e+02 3.54710342397606e-24
3.98104977900000e+02 3.49615868743138e-24
3.98167850600000e+02 3.46793859426936e-24
3.98230706700000e+02 3.46622765838253e-24
3.98293546300000e+02 3.47793589554395e-24
3.98356369400000e+02 3.47989549499827e-24
3.98419175900000e+02 3.46001255422211e-24
3.98481965900000e+02 3.42035301080313e-24
3.98544739300000e+02 3.36733923333522e-24
3.98607496200000e+02 3.30661652114695e-24
3.98670236500000e+02 3.24712783977915e-24
3.98732960200000e+02 3.19665205587862e-24
3.98795667400000e+02 3.15955807269957e-24
3.98858358000000e+02 3.13779143426392e-24
3.98921032100000e+02 3.13535502365321e-24
3.98983689600000e+02 3.15675337231260e-24
3.99046330500000e+02 3.18574782850620e-24
3.99108954800000e+02 3.21770469503438e-24
3.99171562500000e+02 3.27243590927666e-24
3.99234153700000e+02 3.34862009994731e-24
3.99296728300000e+02 3.43730240560087e-24
3.99359286300000e+02 3.51183876636373e-24
3.99421827700000e+02 3.54945206255637e-24
3.99484352500000e+02 3.56863037443026e-24
3.99546860700000e+02 3.59058076485207e-24
3.99609352300000e+02 3.62655631420368e-24
3.99671827300000e+02 3.67261112681921e-24
3.99734285600000e+02 3.71496040725183e-24
3.99796727400000e+02 3.74216115131206e-24
3.99859152600000e+02 3.74590030966720e-24
3.99921561100000e+02 3.74524498582801e-24
3.99983953100000e+02 3.77766057897915e-24
4.00046328400000e+02 3.83013160882349e-24
4.00108687100000e+02 3.89739146122328e-24
4.00171029100000e+02 3.99001155071498e-24
4.00233354500000e+02 4.09295405282283e-24
4.00295663300000e+02 4.17524393585940e-24
4.00357955500000e+02 4.25047071940048e-24
4.00420231000000e+02 4.34856929560098e-24
4.00482489900000e+02 4.44590592540085e-24
4.00544732100000e+02 4.50205464347435e-24
4.00606957700000e+02 4.52335634361164e-24
4.00669166600000e+02 4.53574802833839e-24
4.00731358900000e+02 4.54704279207354e-24
4.00793534500000e+02 4.57117019238935e-24
4.00855693400000e+02 4.61125807272824e-24
4.00917835700000e+02 4.65775896135096e-24
4.00979961400000e+02 4.70540869149125e-24
4.01042070300000e+02 4.77051848779619e-24
4.01104162600000e+02 4.88101234280997e-24
4.01166238200000e+02 5.04160906395888e-24
4.01228297200000e+02 5.20308008797229e-24
4.01290339400000e+02 5.32412338689729e-24
4.01352365000000e+02 5.41606310396069e-24
4.01414373900000e+02 5.50833781398881e-24
4.01476366000000e+02 5.59996996644724e-24
4.01538341500000e+02 5.68492307209275e-24
4.01600300400000e+02 5.76047758664943e-24
4.01662242500000e+02 5.82126634354315e-24
4.01724167900000e+02 5.87053725526497e-24
4.01786076600000e+02 5.93466731955130e-24
4.01847968600000e+02 6.02098077840780e-24
4.01909843800000e+02 6.11466987080996e-24
4.01971702400000e+02 6.21671093134146e-24
4.02033544300000e+02 6.33816892170534e-24
4.02095369400000e+02 6.47166538969021e-24
4.02157177800000e+02 6.60378105191982e-24
4.02218969500000e+02 6.70557762874003e-24
4.02280744500000e+02 6.75801518843070e-24
4.02342502700000e+02 6.77428432056247e-24
4.02404244200000e+02 6.79286334304062e-24
4.02465968900000e+02 6.81103854302132e-24
4.02527677000000e+02 6.79997816695443e-24
4.02589368200000e+02 6.77206819391869e-24
4.02651042800000e+02 6.75160333219145e-24
4.02712700500000e+02 6.74094620094658e-24
4.02774341600000e+02 6.73223012896100e-24
4.02835965800000e+02 6.71553249576832e-24
4.02897573400000e+02 6.68778580904230e-24
4.02959164100000e+02 6.66764871702153e-24
4.03020738100000e+02 6.65166528337933e-24
4.03082295400000e+02 6.62256999181944e-24
4.03143835800000e+02 6.55393117076302e-24
4.03205359500000e+02 6.45732325208667e-24
4.03266866400000e+02 6.35311963766915e-24
4.03328356500000e+02 6.28597281464059e-24
4.03389829900000e+02 6.27142662625526e-24
4.03451286500000e+02 6.29015737218168e-24
4.03512726300000e+02 6.30976893837376e-24
4.03574149200000e+02 6.32773817880310e-24
4.03635555400000e+02 6.35356093302689e-24
4.03696944900000e+02 6.40123155807416e-24
4.03758317500000e+02 6.45890910870906e-24
4.03819673300000e+02 6.49059151976793e-24
4.03881012300000e+02 6.48473320407638e-24
4.03942334500000e+02 6.46016391268330e-24
4.04003639800000e+02 6.44602254043161e-24
4.04064928400000e+02 6.43740768653084e-24
4.04126200200000e+02 6.42184568498553e-24
4.04187455100000e+02 6.38022058522671e-24
4.04248693200000e+02 6.29875359099885e-24
4.04309914500000e+02 6.19779271716899e-24
4.04371119000000e+02 6.12262103792678e-24
4.04432306600000e+02 6.06445695556151e-24
4.04493477400000e+02 5.99521720658842e-24
4.04554631300000e+02 5.90402243891469e-24
4.04615768500000e+02 5.81793333253551e-24
4.04676888700000e+02 5.74504513867648e-24
4.04737992200000e+02 5.69598882810180e-24
4.04799078700000e+02 5.68217814259900e-24
4.04860148500000e+02 5.70879509830079e-24
4.04921201400000e+02 5.74865592363985e-24
4.04982237400000e+02 5.80724154653980e-24
4.05043256500000e+02 5.90287131676289e-24
4.05104258800000e+02 6.00866652822218e-24
4.05165244300000e+02 6.08044716188532e-24
4.05226212800000e+02 6.12073321730207e-24
4.05287164500000e+02 6.16587842837808e-24
4.05348099300000e+02 6.20848530171610e-24
4.05409017200000e+02 6.24878960035042e-24
4.05469918300000e+02 6.30803295422487e-24
4.05530802500000e+02 6.36446151967670e-24
4.05591669700000e+02 6.37811453294810e-24
4.05652520100000e+02 6.35402410282541e-24
4.05713353600000e+02 6.33637038554353e-24
4.05774170200000e+02 6.34930602662931e-24
4.05834969900000e+02 6.40900548792753e-24
4.05895752700000e+02 6.53035258187972e-24
4.05956518600000e+02 6.71210582712116e-24
4.06017267600000e+02 6.93062801296615e-24
4.06077999700000e+02 7.16943209378727e-24
4.06138714900000e+02 7.43222770623604e-24
4.06199413100000e+02 7.72480907656082e-24
4.06260094500000e+02 8.02980686541871e-24
4.06320758900000e+02 8.29781678459968e-24
4.06381406400000e+02 8.48733700121522e-24
4.06442036900000e+02 8.60608969361868e-24
4.06502650500000e+02 8.67752873428441e-24
4.06563247200000e+02 8.70951159437869e-24
4.06623827000000e+02 8.72883710499621e-24
4.06684389800000e+02 8.74346897507066e-24
4.06744935700000e+02 8.77182778819962e-24
4.06805464600000e+02 8.84619951716489e-24
4.06865976600000e+02 8.99414123323953e-24
4.06926471600000e+02 9.19433895372176e-24
4.06986949700000e+02 9.41145945042136e-24
4.07047410800000e+02 9.63660885948513e-24
4.07107854900000e+02 9.86512836288360e-24
4.07168282100000e+02 1.00922305466222e-23
4.07228692300000e+02 1.03084778996380e-23
4.07289085600000e+02 1.05229708335464e-23
4.07349461900000e+02 1.07007956528243e-23
4.07409821200000e+02 1.08224474759527e-23
4.07470163500000e+02 1.09409902567986e-23
4.07530488900000e+02 1.10911692772483e-23
4.07590797200000e+02 1.12787386012380e-23
4.07651088600000e+02 1.14842000199393e-23
4.07711363000000e+02 1.17310982494610e-23
4.07771620400000e+02 1.19964572718571e-23
4.07831860800000e+02 1.22614056949954e-23
4.07892084200000e+02 1.25362149081043e-23
4.07952290600000e+02 1.28392911819054e-23
4.08012479900000e+02 1.31386201054318e-23
4.08072652300000e+02 1.34150933381694e-23
4.08132807700000e+02 1.36867398715183e-23
4.08192946100000e+02 1.39539311218431e-23
4.08253067400000e+02 1.42058098335262e-23
4.08313171700000e+02 1.44310108677898e-23
4.08373259000000e+02 1.46340607872432e-23
4.08433329300000e+02 1.48377615787750e-23
4.08493382600000e+02 1.50516196707615e-23
4.08553418800000e+02 1.52705642886683e-23
4.08613438000000e+02 1.54697840794610e-23
4.08673440100000e+02 1.56687471346226e-23
4.08733425200000e+02 1.58777882795196e-23
4.08793393300000e+02 1.60960474304221e-23
4.08853344300000e+02 1.63170004501893e-23
4.08913278300000e+02 1.65237345784052e-23
4.08973195200000e+02 1.66827507383183e-23
4.09033095000000e+02 1.67659668797363e-23
4.09092977800000e+02 1.68154521453398e-23
4.09152843600000e+02 1.68579332898283e-23
4.09212692300000e+02 1.69072509042970e-23
4.09272523900000e+02 1.69245378808793e-23
4.09332338400000e+02 1.68848386013716e-23
4.09392135900000e+02 1.68028679343429e-23
4.09451916300000e+02 1.66950824847338e-23
4.09511679600000e+02 1.65701249478447e-23
4.09571425800000e+02 1.64808004698310e-23
4.09631155000000e+02 1.64783090531123e-23
4.09690867100000e+02 1.64794922006964e-23
4.09750562000000e+02 1.64434802278699e-23
4.09810239900000e+02 1.64253714255742e-23
4.09869900700000e+02 1.64877085607927e-23
4.09929544400000e+02 1.65923213716862e-23
4.09989171000000e+02 1.66771813556662e-23
4.10048780500000e+02 1.67470562647584e-23
4.10108372800000e+02 1.68014014849000e-23
4.10167948100000e+02 1.68517938363789e-23
4.10227506200000e+02 1.69544571487770e-23
4.10287047300000e+02 1.71154553157614e-23
4.10346571200000e+02 1.72393750240093e-23
4.10406078000000e+02 1.72671896430161e-23
4.10465567600000e+02 1.72312364868666e-23
4.10525040200000e+02 1.72034964474016e-23
4.10584495600000e+02 1.72048815730839e-23
4.10643933900000e+02 1.71977267076926e-23
4.10703355000000e+02 1.71455997443623e-23
4.10762759000000e+02 1.70397364962707e-23
4.10822145800000e+02 1.68621107756033e-23
4.10881515500000e+02 1.66761570362252e-23
4.10940868100000e+02 1.65418636261152e-23
4.11000203500000e+02 1.64775911270076e-23
4.11059521800000e+02 1.64322122750909e-23
4.11118822800000e+02 1.63898493265415e-23
4.11178106800000e+02 1.63892000096556e-23
4.11237373500000e+02 1.63974297992821e-23
4.11296623100000e+02 1.63503159668895e-23
4.11355855600000e+02 1.62650283034999e-23
4.11415070800000e+02 1.61999132297842e-23
4.11474268900000e+02 1.61350448743222e-23
4.11533449800000e+02 1.60142837832201e-23
4.11592613500000e+02 1.58319325812691e-23
4.11651760100000e+02 1.56139816733162e-23
4.11710889400000e+02 1.53879036578199e-23
4.11770001600000e+02 1.51709571774425e-23
4.11829096600000e+02 1.49780445667844e-23
4.11888174300000e+02 1.48248656934537e-23
4.11947234900000e+02 1.46924226135550e-23
4.12006278300000e+02 1.45750336744713e-23
4.12065304400000e+02 1.44602347184784e-23
4.12124313400000e+02 1.43221315401351e-23
4.12183305100000e+02 1.41267626930493e-23
4.12242279700000e+02 1.38851045300188e-23
4.12301237000000e+02 1.36682247148640e-23
4.12360177100000e+02 1.35032292090079e-23
4.12419100000000e+02 1.33969304058950e-23
4.12478005600000e+02 1.33195310156209e-23
4.12536894000000e+02 1.32343174620349e-23
4.12595765200000e+02 1.31352159459761e-23
4.12654619200000e+02 1.30666599714069e-23
4.12713455900000e+02 1.31011533793478e-23
4.12772275400000e+02 1.31830559625524e-23
4.12831077600000e+02 1.32147409594016e-23
4.12889862600000e+02 1.31577024971282e-23
4.12948630400000e+02 1.30580513870467e-23
4.13007380800000e+02 1.29442933883220e-23
4.13066114100000e+02 1.28295085757058e-23
4.13124830000000e+02 1.27582911116720e-23
4.13183528800000e+02 1.27273244795240e-23
4.13242210200000e+02 1.27184231057980e-23
4.13300874400000e+02 1.27386167390667e-23
4.13359521300000e+02 1.28260859840679e-23
4.13418150900000e+02 1.29442472657307e-23
4.13476763300000e+02 1.30472844282033e-23
4.13535358400000e+02 1.31372178209019e-23
4.13593936200000e+02 1.32407056321759e-23
4.13652496700000e+02 1.33439173933711e-23
4.13711040000000e+02 1.34170130988122e-23
4.13769565900000e+02 1.34740365910817e-23
4.13828074600000e+02 1.34905554532906e-23
4.13886565900000e+02 1.34606810183332e-23
4.13945040000000e+02 1.34521122906170e-23
4.14003496700000e+02 1.35523392795815e-23
4.14061936200000e+02 1.37317135220833e-23
4.14120358300000e+02 1.39263111158281e-23
4.14178763100000e+02 1.41242695961452e-23
4.14237150700000e+02 1.43470542730957e-23
4.14295520900000e+02 1.45874655237164e-23
4.14353873700000e+02 1.48550894021042e-23
4.14412209300000e+02 1.52005796221048e-23
4.14470527500000e+02 1.55828508619719e-23
4.14528828400000e+02 1.59688351725373e-23
4.14587112000000e+02 1.63561962762086e-23
4.14645378200000e+02 1.67453120711314e-23
4.14703627100000e+02 1.70893627094896e-23
4.14761858700000e+02 1.73723501601700e-23
4.14820072900000e+02 1.76480705909217e-23
4.14878269800000e+02 1.79007525867355e-23
4.14936449300000e+02 1.80656463410258e-23
4.14994611500000e+02 1.81674728681071e-23
4.15052756300000e+02 1.83040738644845e-23
4.15110883700000e+02 1.84388134768954e-23
4.15168993800000e+02 1.85445406893755e-23
4.15227086500000e+02 1.86520629722829e-23
4.15285161900000e+02 1.87696207095132e-23
4.15343219900000e+02 1.88467610484853e-23
4.15401260500000e+02 1.88958540588879e-23
4.15459283800000e+02 1.89818009913531e-23
4.15517289600000e+02 1.91121025884431e-23
4.15575278100000e+02 1.92286816198947e-23
4.15633249200000e+02 1.93031141761913e-23
4.15691202900000e+02 1.93839160447899e-23
4.15749139300000e+02 1.94636478451800e-23
4.15807058200000e+02 1.95848011536463e-23
4.15864959700000e+02 1.97861309486765e-23
4.15922843800000e+02 2.00829980076475e-23
4.15980710600000e+02 2.04339539710329e-23
4.16038559900000e+02 2.08131711190217e-23
4.16096391800000e+02 2.12168562937477e-23
4.16154206300000e+02 2.16413875305622e-23
4.16212003400000e+02 2.20985087452259e-23
4.16269783100000e+02 2.25972838519932e-23
4.16327545400000e+02 2.31365882508387e-23
4.16385290200000e+02 2.36534434405228e-23
4.16443017600000e+02 2.40588337384258e-23
4.16500727600000e+02 2.43460395289620e-23
4.16558420100000e+02 2.45913012285117e-23
4.16616095200000e+02 2.48464125478194e-23
4.16673752900000e+02 2.51077732765538e-23
4.16731393100000e+02 2.53407861347605e-23
4.16789015900000e+02 2.55281750969338e-23
4.16846621300000e+02 2.56066516099450e-23
4.16904209200000e+02 2.55865044688511e-23
4.16961779600000e+02 2.55663313367423e-23
4.17019332600000e+02 2.56276632182912e-23
4.17076868100000e+02 2.57534403385806e-23
4.17134386200000e+02 2.58755145998863e-23
4.17191886800000e+02 2.59511274545012e-23
4.17249370000000e+02 2.59647449296787e-23
4.17306835600000e+02 2.59814653350589e-23
4.17364283800000e+02 2.60376982433465e-23
4.17421714500000e+02 2.61440228936257e-23
4.17479127800000e+02 2.62482839078418e-23
4.17536523500000e+02 2.63348178422631e-23
4.17593901800000e+02 2.64549023700961e-23
4.17651262600000e+02 2.66266777647488e-23
4.17708605900000e+02 2.68379666122811e-23
4.17765931700000e+02 2.69957713749525e-23
4.17823240000000e+02 2.70425273792951e-23
4.17880530800000e+02 2.69971549764775e-23
4.17937804100000e+02 2.68991742835849e-23
4.17995059900000e+02 2.67764732855889e-23
4.18052298200000e+02 2.66314966980658e-23
4.18109519000000e+02 2.64784803649334e-23
4.18166722300000e+02 2.62975858540769e-23
4.18223908000000e+02 2.61216023673049e-23
4.18281076200000e+02 2.59831630686569e-23
4.18338226900000e+02 2.58881312918255e-23
4.18395360100000e+02 2.57347699672849e-23
4.18452475800000e+02 2.54898018421910e-23
4.18509573900000e+02 2.52842942473421e-23
4.18566654500000e+02 2.51944854141165e-23
4.18623717500000e+02 2.51732324992639e-23
4.18680763000000e+02 2.51376797709197e-23
4.18737791000000e+02 2.50539081554026e-23
4.18794801400000e+02 2.49177143106856e-23
4.18851794300000e+02 2.47969344852960e-23
4.18908769600000e+02 2.48049198110512e-23
4.18965727400000e+02 2.49481012211745e-23
4.19022667600000e+02 2.51504406946738e-23
4.19079590200000e+02 2.53447385709070e-23
4.19136495300000e+02 2.55402503108782e-23
4.19193382800000e+02 2.57461559000642e-23
4.19250252700000e+02 2.59337378600545e-23
4.19307105100000e+02 2.60940864175212e-23
4.19363939900000e+02 2.61627318228896e-23
4.19420757100000e+02 2.60867582818021e-23
4.19477556700000e+02 2.58959744204675e-23
4.19534338800000e+02 2.57382614776717e-23
4.19591103200000e+02 2.57663789176001e-23
4.19647850100000e+02 2.59388467947830e-23
4.19704579400000e+02 2.61362559061948e-23
4.19761291100000e+02 2.62281884276678e-23
4.19817985100000e+02 2.62124630838400e-23
4.19874661600000e+02 2.62097506598320e-23
4.19931320500000e+02 2.63047354524244e-23
4.19987961700000e+02 2.65479274527471e-23
4.20044585400000e+02 2.68553059760214e-23
4.20101191400000e+02 2.70943465049448e-23
4.20157779900000e+02 2.71204004158856e-23
4.20214350700000e+02 2.70101282560423e-23
4.20270903800000e+02 2.69381021344237e-23
4.20327439400000e+02 2.70010454932827e-23
4.20383957300000e+02 2.71173385686828e-23
4.20440457600000e+02 2.71447654828952e-23
4.20496940200000e+02 2.70831926470743e-23
4.20553405300000e+02 2.70210786849238e-23
4.20609852600000e+02 2.70049168572461e-23
4.20666282400000e+02 2.70225809298065e-23
4.20722694500000e+02 2.70458878831854e-23
4.20779088900000e+02 2.70143647693883e-23
4.20835465700000e+02 2.68866200978282e-23
4.20891824800000e+02 2.67383841681404e-23
4.20948166300000e+02 2.66960236031531e-23
4.21004490100000e+02 2.68316083078886e-23
4.21060796200000e+02 2.70670282503644e-23
4.21117084700000e+02 2.72818114663092e-23
4.21173355500000e+02 2.74573348019044e-23
4.21229608700000e+02 2.76548246239684e-23
4.21285844100000e+02 2.79573235725015e-23
4.21342061900000e+02 2.83600720973251e-23
4.21398262000000e+02 2.87489775105000e-23
4.21454444400000e+02 2.90785173395616e-23
4.21510609100000e+02 2.94097184789278e-23
4.21566756200000e+02 2.97613315183305e-23
4.21622885500000e+02 3.01037918646982e-23
4.21678997100000e+02 3.05154235426462e-23
4.21735091100000e+02 3.10558048867239e-23
4.21791167300000e+02 3.16634170623551e-23
4.21847225900000e+02 3.21937304761823e-23
4.21903266700000e+02 3.27015000194999e-23
4.21959289800000e+02 3.33577183460505e-23
4.22015295200000e+02 3.41568224264687e-23
4.22071282900000e+02 3.49514706292477e-23
4.22127252900000e+02 3.57228942961374e-23
4.22183205100000e+02 3.65438928685454e-23
4.22239139600000e+02 3.72834303674083e-23
4.22295056400000e+02 3.78005590463870e-23
4.22350955500000e+02 3.81191538364724e-23
4.22406836800000e+02 3.84320280089017e-23
4.22462700400000e+02 3.88225236231617e-23
4.22518546200000e+02 3.91801529779592e-23
4.22574374300000e+02 3.94687341465682e-23
4.22630184700000e+02 3.97428912479819e-23
4.22685977300000e+02 4.00413168959463e-23
4.22741752100000e+02 4.03379989721623e-23
4.22797509200000e+02 4.06783671345916e-23
4.22853248500000e+02 4.11320420124032e-23
4.22908970100000e+02 4.16806748038260e-23
4.22964673900000e+02 4.22611585988533e-23
4.23020360000000e+02 4.28405812131619e-23
4.23076028200000e+02 4.34792683969939e-23
4.23131678700000e+02 4.41322978739120e-23
4.23187311400000e+02 4.46799857280346e-23
4.23242926400000e+02 4.50189627601995e-23
4.23298523600000e+02 4.51587558672845e-23
4.23354102900000e+02 4.52147144480958e-23
4.23409664500000e+02 4.53651557530468e-23
4.23465208300000e+02 4.55995899759616e-23
4.23520734300000e+02 4.58030611292204e-23
4.23576242500000e+02 4.59653384418844e-23
4.23631732900000e+02 4.61485432338033e-23
4.23687205500000e+02 4.64164245443845e-23
4.23742660300000e+02 4.67748605707507e-23
4.23798097300000e+02 4.72932367323389e-23
4.23853516500000e+02 4.79377700821095e-23
4.23908917900000e+02 4.85885882910306e-23
4.23964301400000e+02 4.91615547854612e-23
4.24019667100000e+02 4.96965684478744e-23
4.24075015000000e+02 5.03303510286307e-23
4.24130345100000e+02 5.09923037275613e-23
4.24185657400000e+02 5.15321746351331e-23
4.24240951800000e+02 5.19731050643114e-23
4.24296228400000e+02 5.24681382909061e-23
4.24351487100000e+02 5.30154318913468e-23
4.24406728000000e+02 5.34546958028373e-23
4.24461951100000e+02 5.37539864415833e-23
4.24517156300000e+02 5.40285918938856e-23
4.24572343600000e+02 5.43651452281277e-23
