2.78728117600000e+02 4.32344699736251e-18
2.78813031100000e+02 4.28992203426003e-18
2.78897934600000e+02 4.25608227314464e-18
2.78982828100000e+02 4.22308456678013e-18
2.79067711600000e+02 4.19231216260250e-18
2.79152585200000e+02 4.16461160871976e-18
2.79237448700000e+02 4.14057758194257e-18
2.79322302300000e+02 4.11983887506836e-18
2.79407145800000e+02 4.10149685311314e-18
2.79491979300000e+02 4.08426586002349e-18
2.79576802800000e+02 4.06609760575155e-18
2.79661616300000e+02 4.04526344087276e-18
2.79746419700000e+02 4.02013719541128e-18
2.79831213200000e+02 3.98979931875425e-18
2.79915996500000e+02 3.95438046350718e-18
2.80000769900000e+02 3.91477535956075e-18
2.80085533100000e+02 3.87287649133976e-18
2.80170286400000e+02 3.83057285494597e-18
2.80255029500000e+02 3.78967598145560e-18
2.80339762600000e+02 3.75190263636670e-18
2.80424485700000e+02 3.71862484732752e-18
2.80509198600000e+02 3.69039821555824e-18
2.80593901500000e+02 3.66655442724483e-18
2.80678594300000e+02 3.64569695530219e-18
2.80763277000000e+02 3.62598518868048e-18
2.80847949600000e+02 3.60547884052743e-18
2.80932612100000e+02 3.58239885882760e-18
2.81017264500000e+02 3.55503401979614e-18
2.81101906800000e+02 3.52252810194519e-18
2.81186539000000e+02 3.48521718383741e-18
2.81271161100000e+02 3.44436810623096e-18
2.81355773000000e+02 3.40194125493385e-18
2.81440374800000e+02 3.35990880680346e-18
2.81524966400000e+02 3.32004813288391e-18
2.81609548000000e+02 3.28422871702353e-18
2.81694119300000e+02 3.25324489722211e-18
2.81778680500000e+02 3.22703268521506e-18
2.81863231600000e+02 3.20525312868375e-18
2.81947772500000e+02 3.18664040569535e-18
2.82032303200000e+02 3.16968404153615e-18
2.82116823800000e+02 3.15269062738968e-18
2.82201334200000e+02 3.13428651287121e-18
2.82285834400000e+02 3.11397521318432e-18
2.82370324400000e+02 3.09163077064485e-18
2.82454804200000e+02 3.06778351872564e-18
2.82539273800000e+02 3.04360186776673e-18
2.82623733200000e+02 3.02049301570409e-18
2.82708182400000e+02 3.00007555109270e-18
2.82792621400000e+02 2.98335561483756e-18
2.82877050200000e+02 2.97057594403201e-18
2.82961468700000e+02 2.96124517044477e-18
2.83045877000000e+02 2.95382009507853e-18
2.83130275100000e+02 2.94601711902231e-18
2.83214663000000e+02 2.93548210524878e-18
2.83299040600000e+02 2.92032925294062e-18
2.83383407900000e+02 2.89945166823532e-18
2.83467765000000e+02 2.87230703073140e-18
2.83552111800000e+02 2.83921486624147e-18
2.83636448400000e+02 2.80153791958221e-18
2.83720774700000e+02 2.76151475127771e-18
2.83805090700000e+02 2.72158192378190e-18
2.83889396400000e+02 2.68370634714283e-18
2.83973691900000e+02 2.64934916985851e-18
2.84057977000000e+02 2.61908105869994e-18
2.84142251900000e+02 2.59283696531885e-18
2.84226516400000e+02 2.57009960077754e-18
2.84310770700000e+02 2.54988087892210e-18
2.84395014600000e+02 2.53129642275180e-18
2.84479248300000e+02 2.51332120172199e-18
2.84563471600000e+02 2.49483221642814e-18
2.84647684500000e+02 2.47512537479830e-18
2.84731887200000e+02 2.45375774436340e-18
2.84816079500000e+02 2.43062261953925e-18
2.84900261400000e+02 2.40576379479352e-18
2.84984433000000e+02 2.37958238804725e-18
2.85068594300000e+02 2.35285778018739e-18
2.85152745200000e+02 2.32654660022865e-18
2.85236885700000e+02 2.30187286422786e-18
2.85321015900000e+02 2.27984778183623e-18
2.85405135700000e+02 2.26091876985672e-18
2.85489245100000e+02 2.24494703906570e-18
2.85573344100000e+02 2.23125779549801e-18
2.85657432800000e+02 2.21893164744389e-18
2.85741511000000e+02 2.20689772459630e-18
2.85825578900000e+02 2.19408304805307e-18
2.85909636300000e+02 2.17982790188025e-18
2.85993683300000e+02 2.16396244309850e-18
2.86077719900000e+02 2.14642799813039e-18
2.86161746100000e+02 2.12745149585465e-18
2.86245761900000e+02 2.10753228167731e-18
2.86329767200000e+02 2.08713865647568e-18
2.86413762100000e+02 2.06677250104138e-18
2.86497746600000e+02 2.04692203956678e-18
2.86581720600000e+02 2.02790916203440e-18
2.86665684200000e+02 2.01008851461643e-18
2.86749637300000e+02 1.99360995593469e-18
2.86833579900000e+02 1.97819177468361e-18
2.86917512100000e+02 1.96335952846543e-18
2.87001433800000e+02 1.94835775322616e-18
2.87085345000000e+02 1.93234195142146e-18
2.87169245800000e+02 1.91468948308655e-18
2.87253136000000e+02 1.89478216939728e-18
2.87337015800000e+02 1.87252233819052e-18
2.87420885100000e+02 1.84836776855297e-18
2.87504743800000e+02 1.82284063832158e-18
2.87588592100000e+02 1.79676905198521e-18
2.87672429800000e+02 1.77110133748521e-18
2.87756257100000e+02 1.74658224150998e-18
2.87840073800000e+02 1.72369563684209e-18
2.87923879900000e+02 1.70260126032556e-18
2.88007675600000e+02 1.68340950187757e-18
2.88091460700000e+02 1.66605408909246e-18
2.88175235200000e+02 1.65023931501628e-18
2.88258999200000e+02 1.63557415033638e-18
2.88342752700000e+02 1.62171316778102e-18
2.88426495600000e+02 1.60837631060654e-18
2.88510227900000e+02 1.59516137680074e-18
2.88593949700000e+02 1.58172009161176e-18
2.88677660800000e+02 1.56800027362936e-18
2.88761361400000e+02 1.55396721846564e-18
2.88845051500000e+02 1.53962000192303e-18
2.88928730900000e+02 1.52504715133120e-18
2.89012399700000e+02 1.51031056119559e-18
2.89096057900000e+02 1.49541668856982e-18
2.89179705600000e+02 1.48038803364354e-18
2.89263342600000e+02 1.46520911962061e-18
2.89346969000000e+02 1.44998602688751e-18
2.89430584700000e+02 1.43493135510584e-18
2.89514189900000e+02 1.42026829364387e-18
2.89597784400000e+02 1.40620261055986e-18
2.89681368300000e+02 1.39285537456826e-18
2.89764941500000e+02 1.38020049992557e-18
2.89848504100000e+02 1.36811508728260e-18
2.89932056000000e+02 1.35640479847182e-18
2.90015597300000e+02 1.34502272980672e-18
2.90099127900000e+02 1.33394305190634e-18
2.90182647900000e+02 1.32307288629632e-18
2.90266157100000e+02 1.31228413026488e-18
2.90349655700000e+02 1.30143232598725e-18
2.90433143600000e+02 1.29061751327335e-18
2.90516620900000e+02 1.27969384442112e-18
2.90600087400000e+02 1.26835003889676e-18
2.90683543200000e+02 1.25640527526183e-18
2.90766988400000e+02 1.24382067641261e-18
2.90850422800000e+02 1.23066752070257e-18
2.90933846500000e+02 1.21701597608263e-18
2.91017259500000e+02 1.20286207055280e-18
2.91100661700000e+02 1.18824470904034e-18
2.91184053200000e+02 1.17316460278140e-18
2.91267434000000e+02 1.15763831060432e-18
2.91350804100000e+02 1.14185088843808e-18
2.91434163400000e+02 1.12609737696397e-18
2.91517511900000e+02 1.11065740987135e-18
2.91600849700000e+02 1.09592297099122e-18
2.91684176800000e+02 1.08211139190708e-18
2.91767493100000e+02 1.06924868822224e-18
2.91850798600000e+02 1.05735040931911e-18
2.91934093300000e+02 1.04633816868781e-18
2.92017377200000e+02 1.03616953236191e-18
2.92100650400000e+02 1.02694697780436e-18
2.92183912800000e+02 1.01850061804526e-18
2.92267164300000e+02 1.01060233315841e-18
2.92350405100000e+02 1.00320090583888e-18
2.92433635100000e+02 9.96054288438520e-19
2.92516854200000e+02 9.88863995837672e-19
2.92600062500000e+02 9.81343357564375e-19
2.92683260000000e+02 9.73011954892505e-19
2.92766446700000e+02 9.63711225745335e-19
2.92849622600000e+02 9.53512262738791e-19
2.92932787600000e+02 9.42443826672000e-19
2.93015941700000e+02 9.30778305639315e-19
2.93099085100000e+02 9.18753714172956e-19
2.93182217500000e+02 9.06454006564732e-19
2.93265339100000e+02 8.94120478999952e-19
2.93348449900000e+02 8.81894752183052e-19
2.93431549700000e+02 8.69928380753583e-19
2.93514638700000e+02 8.58498293038545e-19
2.93597716800000e+02 8.47751112421075e-19
2.93680784100000e+02 8.37929775496429e-19
2.93763840400000e+02 8.29151432575409e-19
2.93846885900000e+02 8.21296100382572e-19
2.93929920400000e+02 8.14185758355779e-19
2.94012944100000e+02 8.07551611952633e-19
2.94095956800000e+02 8.01167970756142e-19
2.94178958600000e+02 7.94897357913919e-19
2.94261949500000e+02 7.88496158673934e-19
2.94344929500000e+02 7.81760991888162e-19
2.94427898500000e+02 7.74677826015731e-19
2.94510856600000e+02 7.67291498368990e-19
2.94593803800000e+02 7.59699928096537e-19
2.94676740000000e+02 7.51809313473859e-19
2.94759665200000e+02 7.43521203575665e-19
2.94842579500000e+02 7.34743716924269e-19
2.94925482900000e+02 7.25564641250452e-19
2.95008375300000e+02 7.16062933452381e-19
2.95091256700000e+02 7.06253310177916e-19
2.95174127100000e+02 6.96326411884170e-19
2.95256986500000e+02 6.86550989630940e-19
2.95339835000000e+02 6.77169695617599e-19
2.95422672500000e+02 6.68405005721068e-19
2.95505498900000e+02 6.60196713645264e-19
2.95588314400000e+02 6.52473055345050e-19
2.95671118800000e+02 6.45123423398014e-19
2.95753912300000e+02 6.37892165621646e-19
2.95836694700000e+02 6.30517714699114e-19
2.95919466100000e+02 6.22979828394120e-19
2.96002226500000e+02 6.15373871697002e-19
2.96084975800000e+02 6.07884853362227e-19
2.96167714100000e+02 6.00761433671633e-19
2.96250441300000e+02 5.94251486691775e-19
2.96333157500000e+02 5.88510226159878e-19
2.96415862700000e+02 5.83493551214927e-19
2.96498556800000e+02 5.78898685410921e-19
2.96581239800000e+02 5.74389383356418e-19
2.96663911700000e+02 5.69669602146217e-19
2.96746572600000e+02 5.64438599683365e-19
2.96829222400000e+02 5.58613420958629e-19
2.96911861100000e+02 5.52257568333760e-19
2.96994488700000e+02 5.45439526347536e-19
2.97077105200000e+02 5.38314536457968e-19
2.97159710700000e+02 5.31089140923539e-19
2.97242305000000e+02 5.23954500740611e-19
2.97324888200000e+02 5.16966104608658e-19
2.97407460300000e+02 5.10108369859723e-19
2.97490021200000e+02 5.03360923791183e-19
2.97572571100000e+02 4.96779370011080e-19
2.97655109800000e+02 4.90441129288602e-19
2.97737637300000e+02 4.84342615883529e-19
2.97820153800000e+02 4.78553232677357e-19
2.97902659000000e+02 4.73119432484163e-19
2.97985153200000e+02 4.67985448955746e-19
2.98067636100000e+02 4.63167143642071e-19
2.98150107900000e+02 4.58596952965807e-19
2.98232568600000e+02 4.54228379714080e-19
2.98315018000000e+02 4.50107645852774e-19
2.98397456300000e+02 4.46187359327178e-19
2.98479883400000e+02 4.42402364459029e-19
2.98562299300000e+02 4.38655381447049e-19
2.98644704000000e+02 4.34807897753372e-19
2.98727097500000e+02 4.30769903856688e-19
2.98809479800000e+02 4.26435018907840e-19
2.98891850900000e+02 4.21657337170404e-19
2.98974210800000e+02 4.16390266981606e-19
2.99056559500000e+02 4.10720784766953e-19
2.99138896900000e+02 4.04768413408810e-19
2.99221223100000e+02 3.98742409457764e-19
2.99303538100000e+02 3.92793548709487e-19
2.99385841900000e+02 3.87059308511099e-19
2.99468134400000e+02 3.81717213812568e-19
2.99550415600000e+02 3.76870954944699e-19
2.99632685600000e+02 3.72528578875549e-19
2.99714944300000e+02 3.68630965239937e-19
2.99797191700000e+02 3.65036479398424e-19
2.99879427900000e+02 3.61668145995909e-19
2.99961652800000e+02 3.58451612726518e-19
3.00043866500000e+02 3.55274498968157e-19
3.00126068800000e+02 3.52104078554935e-19
3.00208259900000e+02 3.48870528845877e-19
3.00290439600000e+02 3.45502842372669e-19
3.00372608000000e+02 3.42084605012395e-19
3.00454765200000e+02 3.38572212663126e-19
3.00536911000000e+02 3.34821600113800e-19
3.00619045500000e+02 3.30757207035319e-19
3.00701168700000e+02 3.26372825190715e-19
3.00783280600000e+02 3.21816032186251e-19
3.00865381100000e+02 3.17144125735928e-19
3.00947470300000e+02 3.12356062145526e-19
3.01029548100000e+02 3.07646583979527e-19
3.01111614600000e+02 3.03203313871692e-19
3.01193669700000e+02 2.99122127745783e-19
3.01275713500000e+02 2.95422664749558e-19
3.01357745900000e+02 2.92085805401788e-19
3.01439767000000e+02 2.89171502205173e-19
3.01521776700000e+02 2.86642576403188e-19
3.01603775000000e+02 2.84344408873039e-19
3.01685761900000e+02 2.82220858657235e-19
3.01767737400000e+02 2.80198691528593e-19
3.01849701500000e+02 2.78141617472970e-19
3.01931654200000e+02 2.75967719150678e-19
3.02013595500000e+02 2.73578827942831e-19
3.02095525400000e+02 2.70939732040298e-19
3.02177443900000e+02 2.68086847058281e-19
3.02259351000000e+02 2.64976588863324e-19
3.02341246600000e+02 2.61596219014453e-19
3.02423130800000e+02 2.58024285353864e-19
3.02505003600000e+02 2.54311721517494e-19
3.02586865000000e+02 2.50485554078729e-19
3.02668714800000e+02 2.46586358056633e-19
3.02750553300000e+02 2.42799190456980e-19
3.02832380200000e+02 2.39149880578075e-19
3.02914195800000e+02 2.35623183024185e-19
3.02995999800000e+02 2.32389477654802e-19
3.03077792400000e+02 2.29458054342640e-19
3.03159573500000e+02 2.26822750464415e-19
3.03241343100000e+02 2.24473996949887e-19
3.03323101200000e+02 2.22300061252170e-19
3.03404847800000e+02 2.20430715639455e-19
3.03486583000000e+02 2.18871028276188e-19
3.03568306600000e+02 2.17472638630113e-19
3.03650018700000e+02 2.16256359684846e-19
3.03731719300000e+02 2.15178959787240e-19
3.03813408400000e+02 2.14073245297793e-19
3.03895086000000e+02 2.12823658894692e-19
3.03976752000000e+02 2.11415002532868e-19
3.04058406500000e+02 2.09813662209173e-19
3.04140049500000e+02 2.07942766415560e-19
3.04221680900000e+02 2.05781904613186e-19
3.04303300800000e+02 2.03359299182496e-19
3.04384909100000e+02 2.00776637640241e-19
3.04466505800000e+02 1.98054443131748e-19
3.04548091000000e+02 1.95152202504620e-19
3.04629664600000e+02 1.92145019628228e-19
3.04711226700000e+02 1.89076031875141e-19
3.04792777100000e+02 1.85947454455286e-19
3.04874316000000e+02 1.82809566789098e-19
3.04955843300000e+02 1.79721255087157e-19
3.05037359000000e+02 1.76797744354796e-19
3.05118863000000e+02 1.74138887937532e-19
3.05200355500000e+02 1.71795314586051e-19
3.05281836400000e+02 1.69784969009892e-19
3.05363305600000e+02 1.68080265903959e-19
3.05444763200000e+02 1.66659034455973e-19
3.05526209200000e+02 1.65497905164429e-19
3.05607643600000e+02 1.64507404609855e-19
3.05689066300000e+02 1.63575223868575e-19
3.05770477400000e+02 1.62654328504699e-19
3.05851876800000e+02 1.61783819622113e-19
3.05933264600000e+02 1.60990158340456e-19
3.06014640800000e+02 1.60180134680916e-19
3.06096005200000e+02 1.59248030397384e-19
3.06177358000000e+02 1.58172601950584e-19
3.06258699100000e+02 1.56924152725823e-19
3.06340028600000e+02 1.55478663900117e-19
3.06421346300000e+02 1.53823909013917e-19
3.06502652400000e+02 1.51932972453974e-19
3.06583946800000e+02 1.49824319631717e-19
3.06665229400000e+02 1.47547791475882e-19
3.06746500400000e+02 1.45164423989371e-19
3.06827759700000e+02 1.42721137829377e-19
3.06909007200000e+02 1.40225269556014e-19
3.06990243000000e+02 1.37697835258974e-19
3.07071467100000e+02 1.35174874701257e-19
3.07152679500000e+02 1.32723276731378e-19
3.07233880100000e+02 1.30429845827304e-19
3.07315069000000e+02 1.28333333899365e-19
3.07396246200000e+02 1.26504982099624e-19
3.07477411500000e+02 1.24995694783426e-19
3.07558565200000e+02 1.23781795562142e-19
3.07639707100000e+02 1.22843193947789e-19
3.07720837200000e+02 1.22125050947513e-19
3.07801955500000e+02 1.21568001165569e-19
3.07883062100000e+02 1.21104967463413e-19
3.07964156800000e+02 1.20574332528274e-19
3.08045239800000e+02 1.19876314020212e-19
3.08126311000000e+02 1.19018437274249e-19
3.08207370400000e+02 1.18058503825862e-19
3.08288418000000e+02 1.17071890069014e-19
3.08369453800000e+02 1.16074171561330e-19
3.08450477800000e+02 1.15097678233055e-19
3.08531490000000e+02 1.14223994055086e-19
3.08612490300000e+02 1.13443364080489e-19
3.08693478800000e+02 1.12705197578394e-19
3.08774455500000e+02 1.11937115187137e-19
3.08855420300000e+02 1.11000290146499e-19
3.08936373300000e+02 1.09831452278967e-19
3.09017314400000e+02 1.08417386359451e-19
3.09098243700000e+02 1.06706032544880e-19
3.09179161100000e+02 1.04720383349391e-19
3.09260066700000e+02 1.02529750057202e-19
3.09340960400000e+02 1.00225819090837e-19
3.09421842200000e+02 9.79624881425837e-20
3.09502712200000e+02 9.58396861110567e-20
3.09583570200000e+02 9.39426543922374e-20
3.09664416400000e+02 9.23725628624552e-20
3.09745250600000e+02 9.11672923172730e-20
3.09826073000000e+02 9.03162434898514e-20
3.09906883500000e+02 8.97507481143246e-20
3.09987682000000e+02 8.93512248639026e-20
3.10068468700000e+02 8.89751309367189e-20
3.10149243400000e+02 8.85057892117058e-20
3.10230006100000e+02 8.79188082970899e-20
3.10310757000000e+02 8.72344276605043e-20
3.10391495900000e+02 8.64660644076150e-20
3.10472222900000e+02 8.56062399016610e-20
3.10552937900000e+02 8.46740100303937e-20
3.10633641000000e+02 8.37558193042052e-20
3.10714332100000e+02 8.29383736341280e-20
3.10795011300000e+02 8.22523258323437e-20
3.10875678500000e+02 8.16955897774409e-20
3.10956333700000e+02 8.12505140154047e-20
3.11036976900000e+02 8.08994560343766e-20
3.11117608200000e+02 8.05977763291974e-20
3.11198227400000e+02 8.02612275232097e-20
3.11278834700000e+02 7.98123805776071e-20
3.11359430000000e+02 7.92006421054921e-20
3.11440013200000e+02 7.83794999759787e-20
3.11520584500000e+02 7.73119217344464e-20
3.11601143700000e+02 7.60215100308495e-20
3.11681691000000e+02 7.45905859500748e-20
3.11762226200000e+02 7.31118681130871e-20
3.11842749400000e+02 7.16692193208851e-20
3.11923260500000e+02 7.03057756927314e-20
3.12003759600000e+02 6.90266956178071e-20
3.12084246600000e+02 6.78365246712591e-20
3.12164721600000e+02 6.67118309186249e-20
3.12245184600000e+02 6.56347680081739e-20
3.12325635500000e+02 6.46177555398402e-20
3.12406074300000e+02 6.36521442966748e-20
3.12486501000000e+02 6.27388708118221e-20
3.12566915700000e+02 6.19068470036889e-20
3.12647318300000e+02 6.11676723833737e-20
3.12727708800000e+02 6.05258255830406e-20
3.12808087200000e+02 5.99960996786950e-20
3.12888453500000e+02 5.95984062160268e-20
3.12968807800000e+02 5.93876220298151e-20
3.13049149900000e+02 5.93849826271789e-20
3.13129479900000e+02 5.95415589207102e-20
3.13209797700000e+02 5.97996561112174e-20
3.13290103500000e+02 6.00834623031160e-20
3.13370397100000e+02 6.03116657361854e-20
3.13450678600000e+02 6.03943475308982e-20
3.13530948000000e+02 6.02282464172007e-20
3.13611205200000e+02 5.97709104044696e-20
3.13691450300000e+02 5.90185139675618e-20
3.13771683200000e+02 5.79992605081869e-20
3.13851903900000e+02 5.67875040165506e-20
3.13932112500000e+02 5.54415877688475e-20
3.14012308900000e+02 5.40101257017730e-20
3.14092493200000e+02 5.25350204128518e-20
3.14172665300000e+02 5.10429665549273e-20
3.14252825200000e+02 4.95956587903397e-20
3.14332972800000e+02 4.82662524251078e-20
3.14413108300000e+02 4.71012040080488e-20
3.14493231600000e+02 4.61365624378947e-20
3.14573342700000e+02 4.53769580090351e-20
3.14653441600000e+02 4.48001113901676e-20
3.14733528300000e+02 4.43783273354410e-20
3.14813602700000e+02 4.40858103596650e-20
3.14893665000000e+02 4.39173407167533e-20
3.14973715000000e+02 4.38903596530113e-20
3.15053752700000e+02 4.40361426435677e-20
3.15133778200000e+02 4.43709764875189e-20
3.15213791500000e+02 4.48546789021259e-20
3.15293792500000e+02 4.53857883734780e-20
3.15373781300000e+02 4.58479950277251e-20
3.15453757800000e+02 4.61350818207951e-20
3.15533722000000e+02 4.61529795240948e-20
3.15613674000000e+02 4.58224181625271e-20
3.15693613700000e+02 4.51214219369897e-20
3.15773541100000e+02 4.41193973022096e-20
3.15853456200000e+02 4.29577266955841e-20
3.15933359000000e+02 4.17664279885574e-20
3.16013249500000e+02 4.06161059717655e-20
3.16093127700000e+02 3.95462082605964e-20
3.16172993700000e+02 3.85618468773197e-20
3.16252847300000e+02 3.76476227347504e-20
3.16332688500000e+02 3.67938275857248e-20
3.16412517500000e+02 3.59903684357167e-20
3.16492334100000e+02 3.52651599081404e-20
3.16572138400000e+02 3.46915880840328e-20
3.16651930400000e+02 3.43155574861634e-20
3.16731710000000e+02 3.41401430693450e-20
3.16811477200000e+02 3.41253296850249e-20
3.16891232100000e+02 3.42063806728802e-20
3.16970974700000e+02 3.43412744616541e-20
3.17050704900000e+02 3.45065155387105e-20
3.17130422700000e+02 3.46920229221199e-20
3.17210128100000e+02 3.49132317873848e-20
3.17289821200000e+02 3.51632416089946e-20
3.17369501800000e+02 3.53804926517506e-20
3.17449170100000e+02 3.55074385992650e-20
3.17528826000000e+02 3.55155552136496e-20
3.17608469500000e+02 3.53894285434991e-20
3.17688100600000e+02 3.51118751662963e-20
3.17767719200000e+02 3.46290448952067e-20
3.17847325500000e+02 3.39017906748446e-20
3.17926919300000e+02 3.29782802834243e-20
3.18006500700000e+02 3.19449676053234e-20
3.18086069700000e+02 3.08780416318448e-20
3.18165626200000e+02 2.98293607065395e-20
3.18245170300000e+02 2.88051567704485e-20
3.18324701900000e+02 2.78043185346077e-20
3.18404221100000e+02 2.68489293369071e-20
3.18483727900000e+02 2.59559931925635e-20
3.18563222100000e+02 2.51444791581825e-20
3.18642703900000e+02 2.44335823390796e-20
3.18722173300000e+02 2.38280356812298e-20
3.18801630100000e+02 2.33383025506201e-20
3.18881074500000e+02 2.29967934138209e-20
3.18960506400000e+02 2.28670193238280e-20
3.19039925700000e+02 2.30081263727270e-20
3.19119332600000e+02 2.34101483907016e-20
3.19198727000000e+02 2.39897808811270e-20
3.19278108900000e+02 2.46409793963751e-20
3.19357478200000e+02 2.52803523266912e-20
3.19436835100000e+02 2.58521718768113e-20
3.19516179400000e+02 2.63279834602102e-20
3.19595511200000e+02 2.67194186549142e-20
3.19674830400000e+02 2.70311908587045e-20
3.19754137100000e+02 2.72286660677907e-20
3.19833431300000e+02 2.72833692643529e-20
3.19912712900000e+02 2.71947888611753e-20
3.19991981900000e+02 2.69620325337096e-20
3.20071238400000e+02 2.65526964311428e-20
3.20150482400000e+02 2.59144884532600e-20
3.20229713700000e+02 2.50491653813452e-20
3.20308932500000e+02 2.40357592149866e-20
3.20388138700000e+02 2.29596634318530e-20
3.20467332300000e+02 2.18826045305317e-20
3.20546513300000e+02 2.08485980281352e-20
3.20625681700000e+02 1.98760313550972e-20
3.20704837600000e+02 1.89632552183799e-20
3.20783980800000e+02 1.81080116936995e-20
3.20863111400000e+02 1.73290090802915e-20
3.20942229400000e+02 1.66645369886975e-20
3.21021334700000e+02 1.61424906984447e-20
3.21100427500000e+02 1.57644954771647e-20
3.21179507600000e+02 1.55139899419652e-20
3.21258575000000e+02 1.53628939596286e-20
3.21337629800000e+02 1.52831315198757e-20
3.21416672000000e+02 1.52732659179845e-20
3.21495701500000e+02 1.53581173267992e-20
3.21574718400000e+02 1.55716717668390e-20
3.21653722600000e+02 1.59521298514753e-20
3.21732714100000e+02 1.64674266584048e-20
3.21811692900000e+02 1.70270138406483e-20
3.21890659100000e+02 1.75576676423666e-20
3.21969612600000e+02 1.79912458031888e-20
3.22048553400000e+02 1.82872472689568e-20
3.22127481500000e+02 1.84342631746183e-20
3.22206396900000e+02 1.84518623550258e-20
3.22285299600000e+02 1.84198846513457e-20
3.22364189600000e+02 1.83735792021709e-20
3.22443066800000e+02 1.82902944174576e-20
3.22521931400000e+02 1.81657726158528e-20
3.22600783200000e+02 1.79830203601679e-20
3.22679622300000e+02 1.77043693666453e-20
3.22758448700000e+02 1.72586586422721e-20
3.22837262300000e+02 1.65799469733287e-20
3.22916063100000e+02 1.57017636893452e-20
3.22994851200000e+02 1.47184443873352e-20
3.23073626600000e+02 1.37108899708854e-20
3.23152389200000e+02 1.27389177509763e-20
3.23231139000000e+02 1.18366185318242e-20
3.23309876100000e+02 1.10154389553576e-20
3.23388600400000e+02 1.02775539231287e-20
3.23467311900000e+02 9.62698081381726e-21
3.23546010600000e+02 9.07304869775694e-21
3.23624696500000e+02 8.63001110640623e-21
3.23703369600000e+02 8.31663013157110e-21
3.23782029900000e+02 8.14508810920873e-21
3.23860677400000e+02 8.10666240101612e-21
3.23939312100000e+02 8.17220413262143e-21
3.24017934000000e+02 8.30708733047953e-21
3.24096543000000e+02 8.48799501609473e-21
3.24175139300000e+02 8.70642583606696e-21
3.24253722600000e+02 8.96524090171815e-21
3.24332293200000e+02 9.29353851608040e-21
3.24410850900000e+02 9.75101668028879e-21
3.24489395700000e+02 1.03561542549253e-20
3.24567927700000e+02 1.10403646082222e-20
3.24646446900000e+02 1.17116643655320e-20
3.24724953100000e+02 1.23060853409687e-20
3.24803446500000e+02 1.27734856020300e-20
3.24881927100000e+02 1.30597996991176e-20
3.24960394700000e+02 1.31090072109518e-20
3.25038849500000e+02 1.29238735418194e-20
3.25117291300000e+02 1.26086268917568e-20
3.25195720300000e+02 1.22628905352105e-20
3.25274136400000e+02 1.19198318118972e-20
3.25352539600000e+02 1.15895701106535e-20
3.25430929800000e+02 1.12693854283445e-20
3.25509307100000e+02 1.09401761486298e-20
3.25587671600000e+02 1.05716563424895e-20
3.25666023000000e+02 1.01237531016250e-20
3.25744361600000e+02 9.58679337956109e-21
3.25822687200000e+02 8.99702298964285e-21
3.25900999900000e+02 8.39680007279871e-21
3.25979299600000e+02 7.82102092789704e-21
3.26057586400000e+02 7.29429203875049e-21
3.26135860200000e+02 6.82454315243880e-21
3.26214121100000e+02 6.41118012214401e-21
3.26292368900000e+02 6.04959550529383e-21
3.26370603900000e+02 5.73771008647225e-21
3.26448825800000e+02 5.47798770028943e-21
3.26527034700000e+02 5.27689806187144e-21
3.26605230700000e+02 5.14865844366453e-21
3.26683413700000e+02 5.11483390381742e-21
3.26761583600000e+02 5.18988419931827e-21
3.26839740600000e+02 5.36017300328361e-21
3.26917884500000e+02 5.59033131638262e-21
3.26996015500000e+02 5.84534805046393e-21
3.27074133400000e+02 6.09705243840608e-21
3.27152238300000e+02 6.32418679458606e-21
3.27230330200000e+02 6.51441205665137e-21
3.27308409000000e+02 6.67778143072871e-21
3.27386474800000e+02 6.86567393966686e-21
3.27464527500000e+02 7.14089418077305e-21
3.27542567200000e+02 7.52286339217671e-21
3.27620593800000e+02 7.98264249989834e-21
3.27698607400000e+02 8.46770174874210e-21
3.27776607900000e+02 8.91893856385640e-21
3.27854595300000e+02 9.27903708848085e-21
3.27932569700000e+02 9.48590883732177e-21
3.28010531000000e+02 9.48591217615660e-21
3.28088479200000e+02 9.26867016454707e-21
3.28166414300000e+02 8.87109770322790e-21
3.28244336300000e+02 8.35361299519414e-21
3.28322245200000e+02 7.77708986174499e-21
3.28400140900000e+02 7.18873194623127e-21
3.28478023600000e+02 6.61698535202448e-21
3.28555893200000e+02 6.07630644138389e-21
3.28633749600000e+02 5.57435004613894e-21
3.28711592900000e+02 5.11322790184271e-21
3.28789423100000e+02 4.69410965611486e-21
3.28867240100000e+02 4.31997931386150e-21
3.28945044000000e+02 3.99132872047309e-21
3.29022834800000e+02 3.70761015237124e-21
3.29100612400000e+02 3.47000832791290e-21
3.29178376800000e+02 3.27854785221956e-21
3.29256128100000e+02 3.13120012600014e-21
3.29333866200000e+02 3.02268396979576e-21
3.29411591100000e+02 2.94522900892404e-21
3.29489302800000e+02 2.89326166780022e-21
3.29567001400000e+02 2.86514183524167e-21
3.29644686700000e+02 2.86365283398234e-21
3.29722358900000e+02 2.89821791359220e-21
3.29800017900000e+02 2.98641496776795e-21
3.29877663600000e+02 3.15235886810393e-21
3.29955296200000e+02 3.40353466692653e-21
3.30032915500000e+02 3.71456424519041e-21
3.30110521700000e+02 4.04724402134454e-21
3.30188114500000e+02 4.36975519872186e-21
3.30265694200000e+02 4.65639108445121e-21
3.30343260600000e+02 4.88449019092235e-21
3.30420813800000e+02 5.03513206656649e-21
3.30498353700000e+02 5.11034563368341e-21
3.30575880400000e+02 5.15327595060240e-21
3.30653393900000e+02 5.22321358748925e-21
3.30730894000000e+02 5.34305382209465e-21
3.30808380900000e+02 5.49449639323834e-21
3.30885854500000e+02 5.64926665062803e-21
3.30963314900000e+02 5.78264322379245e-21
3.31040761900000e+02 5.86944336309357e-21
3.31118195700000e+02 5.87881495113994e-21
3.31195616200000e+02 5.77819892602622e-21
3.31273023400000e+02 5.56284059806935e-21
3.31350417300000e+02 5.26222737529555e-21
3.31427797800000e+02 4.91412644747343e-21
3.31505165100000e+02 4.54913464713980e-21
3.31582519000000e+02 4.18884959868493e-21
3.31659859600000e+02 3.84601940894299e-21
3.31737186900000e+02 3.52675265548082e-21
3.31814500900000e+02 3.23195712418280e-21
3.31891801500000e+02 2.96212397759187e-21
3.31969088700000e+02 2.71909665072234e-21
3.32046362700000e+02 2.50301282421559e-21
3.32123623200000e+02 2.31417645217127e-21
3.32200870400000e+02 2.15283719825978e-21
3.32278104200000e+02 2.01897004592535e-21
3.32355324700000e+02 1.91387411822075e-21
3.32432531800000e+02 1.84015836366599e-21
3.32509725500000e+02 1.80037400618158e-21
3.32586905800000e+02 1.79401096489995e-21
3.32664072700000e+02 1.81590800459158e-21
3.32741226300000e+02 1.85918014519541e-21
3.32818366400000e+02 1.91805812074126e-21
3.32895493100000e+02 1.98749791206632e-21
3.32972606400000e+02 2.06444808938203e-21
3.33049706300000e+02 2.15136840628071e-21
3.33126792800000e+02 2.26054929889754e-21
3.33203865900000e+02 2.41500312307624e-21
3.33280925500000e+02 2.63012216164143e-21
3.33357971600000e+02 2.89270653877881e-21
3.33435004400000e+02 3.17317582624009e-21
3.33512023700000e+02 3.44600478230717e-21
3.33589029500000e+02 3.68850466629218e-21
3.33666021900000e+02 3.87650281281888e-21
3.33743000800000e+02 3.98184134575780e-21
3.33819966200000e+02 3.98261342308247e-21
3.33896918200000e+02 3.88252323357670e-21
3.33973856700000e+02 3.70786813323796e-21
3.34050781700000e+02 3.48792286769937e-21
3.34127693200000e+02 3.24862240713268e-21
3.34204591200000e+02 3.01074662358073e-21
3.34281475700000e+02 2.78630932450543e-21
3.34358346700000e+02 2.57914655825297e-21
3.34435204200000e+02 2.38911621652140e-21
3.34512048200000e+02 2.21581778014066e-21
3.34588878700000e+02 2.05718318328758e-21
3.34665695600000e+02 1.91074042523025e-21
3.34742499100000e+02 1.77397145559656e-21
3.34819288900000e+02 1.64417248992555e-21
3.34896065300000e+02 1.52138542009592e-21
3.34972828100000e+02 1.40764128897473e-21
3.35049577300000e+02 1.30484133745201e-21
3.35126313000000e+02 1.21490507989733e-21
3.35203035100000e+02 1.13876048867365e-21
3.35279743700000e+02 1.07615010020097e-21
3.35356438700000e+02 1.02583444378638e-21
3.35433120100000e+02 9.85923709177198e-22
3.35509787900000e+02 9.55054484923625e-22
3.35586442100000e+02 9.32172486751985e-22
3.35663082800000e+02 9.17464494750349e-22
3.35739709800000e+02 9.13136315559133e-22
3.35816323300000e+02 9.22525402068464e-22
3.35892923100000e+02 9.50068118514441e-22
3.35969509300000e+02 1.00060495171731e-21
3.36046081900000e+02 1.07550743788137e-21
3.36122640900000e+02 1.16933033980797e-21
3.36199186300000e+02 1.27178760699217e-21
3.36275718000000e+02 1.37283666303812e-21
3.36352236100000e+02 1.46509244124591e-21
3.36428740500000e+02 1.54404624537956e-21
3.36505231300000e+02 1.60865371493407e-21
3.36581708400000e+02 1.66258575300931e-21
3.36658171900000e+02 1.71811726087525e-21
3.36734621700000e+02 1.79628901873383e-21
3.36811057800000e+02 1.91209395765381e-21
3.36887480300000e+02 2.05993637133860e-21
3.36963889100000e+02 2.22089288498956e-21
3.37040284200000e+02 2.37664702696446e-21
3.37116665600000e+02 2.51172641242717e-21
3.37193033300000e+02 2.61176709065463e-21
3.37269387300000e+02 2.66086598780944e-21
3.37345727600000e+02 2.64488039652540e-21
3.37422054200000e+02 2.56607903867859e-21
3.37498367100000e+02 2.44137547172554e-21
3.37574666300000e+02 2.28912690507993e-21
3.37650951700000e+02 2.12474215514208e-21
3.37727223400000e+02 1.95860105583426e-21
3.37803481400000e+02 1.79674207935468e-21
3.37879725600000e+02 1.64251414871675e-21
3.37955956100000e+02 1.49745169051240e-21
3.38032172800000e+02 1.36282129481405e-21
3.38108375700000e+02 1.23999330737924e-21
3.38184565000000e+02 1.12963964210549e-21
3.38260740400000e+02 1.03207652792557e-21
3.38336902000000e+02 9.47323138551115e-22
3.38413049900000e+02 8.74808555388046e-22
3.38489184000000e+02 8.13811208141043e-22
3.38565304300000e+02 7.63545267257313e-22
3.38641410900000e+02 7.22586039510489e-22
3.38717503600000e+02 6.89748651751082e-22
3.38793582500000e+02 6.64508179350798e-22
3.38869647600000e+02 6.46741544489433e-22
3.38945698900000e+02 6.37062525527843e-22
3.39021736400000e+02 6.35602756499554e-22
3.39097760000000e+02 6.40942948565412e-22
3.39173769800000e+02 6.50959028872325e-22
3.39249765800000e+02 6.64028074190761e-22
3.39325748000000e+02 6.79483278913858e-22
3.39401716200000e+02 6.97818385631311e-22
3.39477670700000e+02 7.20779041120553e-22
3.39553611300000e+02 7.52319626284880e-22
3.39629538000000e+02 7.99413383266633e-22
3.39705450900000e+02 8.67117908597632e-22
3.39781349900000e+02 9.52521071008532e-22
3.39857235000000e+02 1.04650867673272e-21
3.39933106200000e+02 1.13971887785059e-21
3.40008963600000e+02 1.22386184825615e-21
3.40084807000000e+02 1.29104141401615e-21
3.40160636600000e+02 1.33220950578415e-21
3.40236452300000e+02 1.33984334548885e-21
3.40312254000000e+02 1.31320173820282e-21
3.40388041900000e+02 1.25941356790166e-21
3.40463815800000e+02 1.18792025233337e-21
3.40539575800000e+02 1.10726755068178e-21
3.40615321900000e+02 1.02372749462989e-21
3.40691054000000e+02 9.41503965141254e-22
3.40766772200000e+02 8.62917638033196e-22
3.40842476500000e+02 7.89103634965310e-22
3.40918166800000e+02 7.20941458395028e-22
3.40993843100000e+02 6.58809155578240e-22
3.41069505500000e+02 6.02702417149078e-22
3.41145154000000e+02 5.52528474921411e-22
3.41220788400000e+02 5.08250582858638e-22
3.41296408900000e+02 4.69519550680677e-22
3.41372015500000e+02 4.36021492134472e-22
3.41447608000000e+02 4.07570200336205e-22
3.41523186500000e+02 3.83932191326219e-22
3.41598751100000e+02 3.64910328876475e-22
3.41674301600000e+02 3.50250791504520e-22
3.41749838100000e+02 3.39148108839991e-22
3.41825360700000e+02 3.30431176644344e-22
3.41900869200000e+02 3.23084263656224e-22
3.41976363700000e+02 3.16309067382578e-22
3.42051844200000e+02 3.09531734140183e-22
3.42127310600000e+02 3.02481891686857e-22
3.42202763000000e+02 2.95205387267987e-22
3.42278201400000e+02 2.88070517857181e-22
3.42353625700000e+02 2.82434581074810e-22
3.42429035900000e+02 2.79794198239902e-22
3.42504432100000e+02 2.81324840709671e-22
3.42579814300000e+02 2.87461857598847e-22
3.42655182400000e+02 2.98295852726064e-22
3.42730536400000e+02 3.14251631149225e-22
3.42805876300000e+02 3.35109051154203e-22
3.42881202100000e+02 3.58990730346824e-22
3.42956513900000e+02 3.83191942787539e-22
3.43031811600000e+02 4.05595290124763e-22
3.43107095100000e+02 4.25627885462067e-22
3.43182364600000e+02 4.43988762304588e-22
3.43257619900000e+02 4.61899679997180e-22
3.43332861200000e+02 4.81605235930365e-22
3.43408088300000e+02 5.07892327945322e-22
3.43483301300000e+02 5.47702532428356e-22
3.43558500200000e+02 6.04873019201921e-22
3.43633684900000e+02 6.75827306428304e-22
3.43708855500000e+02 7.52495943569879e-22
3.43784012000000e+02 8.27312293559660e-22
3.43859154300000e+02 8.94281146448846e-22
3.43934282400000e+02 9.47542613472836e-22
3.44009396400000e+02 9.80257132904893e-22
3.44084496200000e+02 9.86809842123796e-22
3.44159581900000e+02 9.67367843756737e-22
3.44234653400000e+02 9.27909642488227e-22
3.44309710700000e+02 8.75870228398082e-22
3.44384753800000e+02 8.17452901242672e-22
3.44459782700000e+02 7.57259619821887e-22
3.44534797400000e+02 6.98283323022007e-22
3.44609798000000e+02 6.42174194622574e-22
3.44684784300000e+02 5.89645328257617e-22
3.44759756400000e+02 5.41129659022465e-22
3.44834714300000e+02 4.97069919462261e-22
3.44909658000000e+02 4.57803292532949e-22
3.44984587400000e+02 4.23272173905104e-22
3.45059502600000e+02 3.93288958470854e-22
3.45134403600000e+02 3.67811298780864e-22
3.45209290300000e+02 3.46800759051194e-22
3.45284162800000e+02 3.30120403513897e-22
3.45359021000000e+02 3.16975053166702e-22
3.45433865000000e+02 3.06159401183678e-22
3.45508694700000e+02 2.96642070745932e-22
3.45583510200000e+02 2.87666142918650e-22
3.45658311300000e+02 2.78579430956371e-22
3.45733098200000e+02 2.68895943215656e-22
3.45807870800000e+02 2.58358924053242e-22
3.45882629200000e+02 2.47089314618268e-22
3.45957373200000e+02 2.35651060446888e-22
3.46032102900000e+02 2.24655737645509e-22
3.46106818300000e+02 2.14584999258412e-22
3.46181519400000e+02 2.05773672710877e-22
3.46256206200000e+02 1.98292215914261e-22
3.46330878700000e+02 1.92121499223266e-22
3.46405536900000e+02 1.87394638294014e-22
3.46480180700000e+02 1.84394943653780e-22
3.46554810200000e+02 1.83686483263000e-22
3.46629425300000e+02 1.86377406295555e-22
3.46704026100000e+02 1.94010121473194e-22
3.46778612600000e+02 2.07747621705351e-22
3.46853184700000e+02 2.26869257634934e-22
3.46927742400000e+02 2.48859263732398e-22
3.47002285800000e+02 2.71113971814545e-22
3.47076814800000e+02 2.91654325843041e-22
3.47151329400000e+02 3.08641950278758e-22
3.47225829700000e+02 3.20129877422937e-22
3.47300315500000e+02 3.24168213462967e-22
3.47374787000000e+02 3.20030247786934e-22
3.47449244000000e+02 3.09054208355307e-22
3.47523686700000e+02 2.93529902518632e-22
3.47598115000000e+02 2.75418516356057e-22
3.47672528800000e+02 2.56266575080932e-22
3.47746928200000e+02 2.37180609062057e-22
3.47821313200000e+02 2.18822390581883e-22
3.47895683800000e+02 2.01544510071274e-22
3.47970039900000e+02 1.85512074434519e-22
3.48044381600000e+02 1.70918150260545e-22
3.48118708900000e+02 1.57971081001987e-22
3.48193021700000e+02 1.46757524064431e-22
3.48267320100000e+02 1.37251700778242e-22
3.48341604000000e+02 1.29281239086123e-22
3.48415873400000e+02 1.22560165763885e-22
3.48490128400000e+02 1.16774482740105e-22
3.48564368900000e+02 1.11704514706811e-22
3.48638594900000e+02 1.07213044346350e-22
3.48712806400000e+02 1.03119310041051e-22
3.48787003400000e+02 9.93286752799847e-23
3.48861186000000e+02 9.60101867068698e-23
3.48935354000000e+02 9.35488334169425e-23
3.49009507500000e+02 9.24642691430709e-23
3.49083646600000e+02 9.30090476383653e-23
3.49157771100000e+02 9.48406518355906e-23
3.49231881100000e+02 9.74151351605684e-23
3.49305976500000e+02 1.00306232247086e-22
3.49380057500000e+02 1.03099483527600e-22
3.49454123900000e+02 1.05388190391171e-22
3.49528175700000e+02 1.06784159825099e-22
3.49602213000000e+02 1.06902853406388e-22
3.49676235800000e+02 1.05824705196666e-22
3.49750244000000e+02 1.04057133549374e-22
3.49824237600000e+02 1.02140265063125e-22
3.49898216700000e+02 1.00399083255185e-22
3.49972181200000e+02 9.89853778223614e-23
3.50046131100000e+02 9.79238249814691e-23
3.50120066400000e+02 9.71878948482921e-23
3.50193987200000e+02 9.67759481084772e-23
3.50267893300000e+02 9.65418750048736e-23
3.50341784900000e+02 9.63780044030774e-23
3.50415661900000e+02 9.63131834980691e-23
3.50489524200000e+02 9.64777991753110e-23
3.50563371900000e+02 9.71979793950867e-23
3.50637205000000e+02 9.90599013436123e-23
3.50711023500000e+02 1.02829691080746e-22
3.50784827400000e+02 1.09649175825334e-22
3.50858616600000e+02 1.20952657508420e-22
3.50932391200000e+02 1.37696914287521e-22
3.51006151100000e+02 1.59445132962309e-22
3.51079896400000e+02 1.84308475092195e-22
3.51153627100000e+02 2.09934424538186e-22
3.51227343100000e+02 2.34307560058429e-22
3.51301044400000e+02 2.55668264827882e-22
3.51374731000000e+02 2.72124028201146e-22
3.51448403000000e+02 2.81835254651491e-22
3.51522060300000e+02 2.83789878677309e-22
3.51595702900000e+02 2.78658474069360e-22
3.51669330800000e+02 2.68266866172909e-22
3.51742944000000e+02 2.54530108619271e-22
3.51816542500000e+02 2.39066480361347e-22
3.51890126300000e+02 2.23141165794020e-22
3.51963695400000e+02 2.07665611146930e-22
3.52037249800000e+02 1.93296818212582e-22
3.52110789400000e+02 1.80446968139564e-22
3.52184314300000e+02 1.69229790276928e-22
3.52257824500000e+02 1.59563258754918e-22
3.52331320000000e+02 1.51216302713219e-22
3.52404800700000e+02 1.43870431899623e-22
3.52478266700000e+02 1.37189931703280e-22
3.52551717900000e+02 1.30833608113351e-22
3.52625154400000e+02 1.24512850847305e-22
3.52698576000000e+02 1.18023380904930e-22
3.52771983000000e+02 1.11352075038055e-22
3.52845375100000e+02 1.04690773260686e-22
3.52918752500000e+02 9.82847886967341e-23
3.52992115100000e+02 9.23090011790535e-23
3.53065462900000e+02 8.68143274879982e-23
3.53138795900000e+02 8.17895786588163e-23
3.53212114100000e+02 7.72124618262348e-23
3.53285417500000e+02 7.30083361966432e-23
3.53358706100000e+02 6.90823420487466e-23
3.53431979900000e+02 6.53353662208593e-23
3.53505238800000e+02 6.16704251764358e-23
3.53578482900000e+02 5.80887349674994e-23
3.53651712200000e+02 5.46602998414755e-23
3.53724926700000e+02 5.14055118190769e-23
3.53798126300000e+02 4.83993175108691e-23
3.53871311100000e+02 4.57506714282151e-23
3.53944481000000e+02 4.34863194244661e-23
3.54017636100000e+02 4.16222987734278e-23
3.54090776300000e+02 4.01813913249207e-23
3.54163901700000e+02 3.91628541137290e-23
3.54237012100000e+02 3.85882907865240e-23
3.54310107700000e+02 3.85010835286496e-23
3.54383188500000e+02 3.89497893902590e-23
3.54456254300000e+02 3.99750157505124e-23
3.54529305200000e+02 4.15624474703016e-23
3.54602341300000e+02 4.35873591643504e-23
3.54675362400000e+02 4.58146909752640e-23
3.54748368600000e+02 4.80126356750709e-23
3.54821359900000e+02 5.00360010814522e-23
3.54894336300000e+02 5.17525148701766e-23
3.54967297800000e+02 5.29365152087180e-23
3.55040244400000e+02 5.33595074558418e-23
3.55113176000000e+02 5.29583480014425e-23
3.55186092600000e+02 5.18587690570737e-23
3.55258994400000e+02 5.02598454848375e-23
3.55331881200000e+02 4.83388417790731e-23
3.55404753000000e+02 4.62377181288187e-23
3.55477609900000e+02 4.40672637765042e-23
3.55550451800000e+02 4.19751578702442e-23
3.55623278700000e+02 4.00594337279340e-23
3.55696090700000e+02 3.82875796870906e-23
3.55768887600000e+02 3.66146130638259e-23
3.55841669600000e+02 3.50678072271123e-23
3.55914436600000e+02 3.36739861252129e-23
3.55987188600000e+02 3.24370441162003e-23
3.56059925600000e+02 3.14079880431962e-23
3.56132647700000e+02 3.06698807468407e-23
3.56205354600000e+02 3.03412180199727e-23
3.56278046600000e+02 3.06067245550455e-23
3.56350723600000e+02 3.15338478101860e-23
3.56423385500000e+02 3.29833469679510e-23
3.56496032400000e+02 3.47267139648159e-23
3.56568664300000e+02 3.65455033100900e-23
3.56641281100000e+02 3.82151447250135e-23
3.56713882900000e+02 3.95611885805039e-23
3.56786469600000e+02 4.04342846333482e-23
3.56859041200000e+02 4.06942283941665e-23
3.56931597800000e+02 4.03341224582875e-23
3.57004139400000e+02 3.95393188559016e-23
3.57076665800000e+02 3.85592129209633e-23
3.57149177200000e+02 3.75474124702919e-23
3.57221673500000e+02 3.65684121116085e-23
3.57294154700000e+02 3.56331551216227e-23
3.57366620800000e+02 3.47302780790767e-23
3.57439071900000e+02 3.38688960110476e-23
3.57511507800000e+02 3.30204404849664e-23
3.57583928600000e+02 3.20734252449167e-23
3.57656334300000e+02 3.09754018757942e-23
3.57728724900000e+02 2.97481847617716e-23
3.57801100300000e+02 2.84526698286583e-23
3.57873460600000e+02 2.71513879546256e-23
3.57945805800000e+02 2.58674292907421e-23
3.58018135900000e+02 2.46231515476547e-23
3.58090450800000e+02 2.34764279411376e-23
3.58162750500000e+02 2.24524763868780e-23
3.58235035100000e+02 2.15534949791658e-23
3.58307304500000e+02 2.08199141289745e-23
3.58379558800000e+02 2.02752008831826e-23
3.58451797900000e+02 1.99441190856332e-23
3.58524021800000e+02 1.98675466861050e-23
3.58596230600000e+02 2.00667114750704e-23
3.58668424100000e+02 2.05839403683195e-23
3.58740602500000e+02 2.15241208624225e-23
3.58812765700000e+02 2.29974468396408e-23
3.58884913600000e+02 2.51141781438814e-23
3.58957046400000e+02 2.79595410561800e-23
3.59029163900000e+02 3.15031450420339e-23
3.59101266300000e+02 3.55686479985768e-23
3.59173353400000e+02 3.98805422347844e-23
3.59245425300000e+02 4.41254023713274e-23
3.59317481900000e+02 4.79997919434361e-23
3.59389523300000e+02 5.12430812980409e-23
3.59461549500000e+02 5.36295103199470e-23
3.59533560400000e+02 5.50063541291235e-23
3.59605556100000e+02 5.53622928383492e-23
3.59677536500000e+02 5.48464519204468e-23
3.59749501600000e+02 5.37218969044330e-23
3.59821451500000e+02 5.22520862861815e-23
3.59893386100000e+02 5.06197750345833e-23
3.59965305400000e+02 4.89096202036887e-23
3.60037209500000e+02 4.71528540092522e-23
3.60109098200000e+02 4.53763376827099e-23
3.60180971700000e+02 4.35866329734427e-23
3.60252829800000e+02 4.17526962656411e-23
3.60324672700000e+02 3.98333835459316e-23
3.60396500200000e+02 3.78381247865265e-23
3.60468312500000e+02 3.58067547954744e-23
3.60540109400000e+02 3.38074856866934e-23
3.60611890900000e+02 3.19069683605302e-23
3.60683657200000e+02 3.01246718828853e-23
3.60755408100000e+02 2.84605201245681e-23
3.60827143700000e+02 2.69298018660241e-23
3.60898863900000e+02 2.55160145176476e-23
3.60970568800000e+02 2.41938913344353e-23
3.61042258300000e+02 2.29633091622709e-23
3.61113932500000e+02 2.17988129397041e-23
3.61185591300000e+02 2.06639229582636e-23
3.61257234700000e+02 1.95533375099909e-23
3.61328862700000e+02 1.84718826807689e-23
3.61400475400000e+02 1.74243744308649e-23
3.61472072600000e+02 1.64415319530872e-23
3.61543654500000e+02 1.55345691078779e-23
3.61615221000000e+02 1.47050577750376e-23
3.61686772100000e+02 1.39297406518175e-23
3.61758307800000e+02 1.31739261282311e-23
3.61829828000000e+02 1.24605637519527e-23
3.61901332900000e+02 1.18455148733820e-23
3.61972822300000e+02 1.13286324937300e-23
3.62044296300000e+02 1.08730072989731e-23
3.62115754800000e+02 1.04337348320839e-23
3.62187197900000e+02 1.00200483934723e-23
3.62258625600000e+02 9.68399430192955e-24
3.62330037800000e+02 9.42324093241510e-24
3.62401434600000e+02 9.20067798119917e-24
3.62472815900000e+02 8.98687145657271e-24
3.62544181800000e+02 8.77660676042594e-24
3.62615532100000e+02 8.59331917333104e-24
3.62686867000000e+02 8.46478049688388e-24
3.62758186500000e+02 8.36678054803769e-24
3.62829490400000e+02 8.28637332885405e-24
3.62900778800000e+02 8.24664759059020e-24
3.62972051800000e+02 8.24360817830074e-24
3.63043309200000e+02 8.27241203396624e-24
3.63114551200000e+02 8.34564128489037e-24
3.63185777600000e+02 8.43552370813868e-24
3.63256988500000e+02 8.50068140911263e-24
3.63328183900000e+02 8.54340460089163e-24
3.63399363800000e+02 8.57444685205990e-24
3.63470528100000e+02 8.59848452264342e-24
3.63541676900000e+02 8.61150512427958e-24
3.63612810200000e+02 8.59278026403242e-24
3.63683927900000e+02 8.54402078465702e-24
3.63755030000000e+02 8.49881237002609e-24
3.63826116600000e+02 8.45303620969628e-24
3.63897187700000e+02 8.38650041916994e-24
3.63968243100000e+02 8.34336228991484e-24
3.64039283000000e+02 8.35824857597786e-24
3.64110307300000e+02 8.44820104397870e-24
3.64181316100000e+02 8.63634709843176e-24
3.64252309200000e+02 8.96764753285554e-24
3.64323286800000e+02 9.47867139076293e-24
3.64394248700000e+02 1.01490956766807e-23
3.64465195100000e+02 1.08965384273171e-23
3.64536125800000e+02 1.16346286062060e-23
3.64607040900000e+02 1.23189897065623e-23
3.64677940400000e+02 1.29203797185169e-23
3.64748824300000e+02 1.33897472746729e-23
3.64819692600000e+02 1.36576715162767e-23
3.64890545200000e+02 1.37050438706536e-23
3.64961382200000e+02 1.35945717596788e-23
3.65032203500000e+02 1.34191381234922e-23
3.65103009200000e+02 1.32348281984658e-23
3.65173799200000e+02 1.30423753615272e-23
3.65244573600000e+02 1.28407167399619e-23
3.65315332300000e+02 1.26518189124351e-23
3.65386075300000e+02 1.24767959356148e-23
3.65456802700000e+02 1.22949205653727e-23
3.65527514300000e+02 1.21033405315525e-23
3.65598210300000e+02 1.18704799316773e-23
3.65668890600000e+02 1.15526093178835e-23
3.65739555200000e+02 1.11781432453093e-23
3.65810204100000e+02 1.07927434051564e-23
3.65880837300000e+02 1.04044610033239e-23
3.65951454800000e+02 1.00221133556557e-23
3.66022056500000e+02 9.65296363083194e-24
3.66092642600000e+02 9.28351723120862e-24
3.66163212900000e+02 8.91148484065104e-24
3.66233767400000e+02 8.54530232413293e-24
3.66304306300000e+02 8.17972770310880e-24
3.66374829400000e+02 7.81750617890501e-24
3.66445336700000e+02 7.49212484637536e-24
3.66515828300000e+02 7.20234029934606e-24
3.66586304100000e+02 6.91063281434562e-24
3.66656764200000e+02 6.61068234092332e-24
3.66727208500000e+02 6.34188636862471e-24
3.66797637000000e+02 6.11673144571922e-24
3.66868049800000e+02 5.91896348756055e-24
3.66938446700000e+02 5.73182941249694e-24
3.67008827900000e+02 5.53348582908487e-24
3.67079193300000e+02 5.33901145432089e-24
3.67149542900000e+02 5.18277215944787e-24
3.67219876600000e+02 5.08134111607998e-24
3.67290194600000e+02 5.00740313373432e-24
3.67360496700000e+02 4.95455262548812e-24
3.67430783100000e+02 4.93408819862624e-24
3.67501053600000e+02 4.95607367361899e-24
3.67571308200000e+02 5.01431966406313e-24
3.67641547100000e+02 5.09687897035130e-24
3.67711770100000e+02 5.20976470117212e-24
3.67781977200000e+02 5.37134273209430e-24
3.67852168500000e+02 5.58034121751034e-24
3.67922344000000e+02 5.84135081596715e-24
3.67992503500000e+02 6.16736003084012e-24
3.68062647200000e+02 6.54993692412651e-24
3.68132775100000e+02 6.95576776355544e-24
3.68202887000000e+02 7.37503119107722e-24
3.68272983100000e+02 7.80706622777977e-24
3.68343063300000e+02 8.21430101400458e-24
3.68413127600000e+02 8.55708415747413e-24
3.68483176000000e+02 8.81841353676657e-24
3.68553208500000e+02 8.96609098385430e-24
3.68623225100000e+02 8.99042399716070e-24
3.68693225800000e+02 8.93822310739203e-24
3.68763210500000e+02 8.82946386041691e-24
3.68833179300000e+02 8.64361474365708e-24
3.68903132200000e+02 8.39499311844702e-24
3.68973069200000e+02 8.13173693003282e-24
3.69042990200000e+02 7.87100866954906e-24
3.69112895300000e+02 7.63068633429666e-24
3.69182784500000e+02 7.41297637926254e-24
3.69252657700000e+02 7.18048279032311e-24
3.69322514900000e+02 6.92037812113379e-24
3.69392356100000e+02 6.67139329229559e-24
3.69462181400000e+02 6.44616101612162e-24
3.69531990700000e+02 6.22372925923136e-24
3.69601784100000e+02 6.00243442307479e-24
3.69671561400000e+02 5.77673831251025e-24
3.69741322800000e+02 5.54752612192683e-24
3.69811068100000e+02 5.35307920892703e-24
3.69880797500000e+02 5.21337451000383e-24
3.69950510800000e+02 5.09423038650262e-24
3.70020208200000e+02 4.97946521784739e-24
3.70089889500000e+02 4.86973172023360e-24
3.70159554800000e+02 4.76214387196132e-24
3.70229204100000e+02 4.65134699843799e-24
3.70298837300000e+02 4.53253701875064e-24
3.70368454500000e+02 4.41175475483919e-24
3.70438055700000e+02 4.31030191970242e-24
3.70507640800000e+02 4.21440313677274e-24
3.70577209900000e+02 4.10498333260032e-24
3.70646762900000e+02 3.98281855175255e-24
3.70716299800000e+02 3.84415455479458e-24
3.70785820700000e+02 3.71233583364484e-24
3.70855325500000e+02 3.62479343008001e-24
3.70924814200000e+02 3.55043776458069e-24
3.70994286800000e+02 3.43222218622491e-24
3.71063743400000e+02 3.30751692848534e-24
3.71133183900000e+02 3.20551751101278e-24
3.71202608200000e+02 3.10300580237197e-24
3.71272016500000e+02 3.00598536335703e-24
3.71341408600000e+02 2.93649689096753e-24
3.71410784600000e+02 2.88224783600903e-24
3.71480144500000e+02 2.84844800350665e-24
3.71549488300000e+02 2.83613709294892e-24
3.71618816000000e+02 2.81489135055384e-24
3.71688127500000e+02 2.78902763361053e-24
3.71757422900000e+02 2.78422825582455e-24
3.71826702100000e+02 2.79007592292095e-24
3.71895965200000e+02 2.78550697167315e-24
3.71965212100000e+02 2.77454361828278e-24
3.72034442900000e+02 2.76082448937723e-24
3.72103657500000e+02 2.74831962619402e-24
3.72172855900000e+02 2.73537620274504e-24
3.72242038200000e+02 2.72682568177457e-24
3.72311204200000e+02 2.72479583346857e-24
3.72380354100000e+02 2.72909046806734e-24
3.72449487800000e+02 2.73071629917344e-24
3.72518605300000e+02 2.71765126346069e-24
3.72587706600000e+02 2.69095348356818e-24
3.72656791700000e+02 2.69018431456706e-24
3.72725860600000e+02 2.74321218592111e-24
3.72794913200000e+02 2.82392371071555e-24
3.72863949700000e+02 2.91679478176168e-24
3.72932969900000e+02 3.04439835515381e-24
3.73001973800000e+02 3.20631573624953e-24
3.73070961600000e+02 3.38235854220699e-24
3.73139933100000e+02 3.56218509330420e-24
3.73208888300000e+02 3.73165288501995e-24
3.73277827300000e+02 3.87606828111326e-24
3.73346750000000e+02 3.99944816913756e-24
3.73415656500000e+02 4.10303998774811e-24
3.73484546700000e+02 4.18611803510351e-24
3.73553420600000e+02 4.25818223186954e-24
3.73622278200000e+02 4.33620852564296e-24
3.73691119600000e+02 4.42079341642274e-24
3.73759944700000e+02 4.49463130826240e-24
3.73828753400000e+02 4.55737285026835e-24
3.73897545900000e+02 4.62526741406801e-24
3.73966322100000e+02 4.69884226476893e-24
3.74035081900000e+02 4.75687518143133e-24
3.74103825500000e+02 4.78071116115809e-24
3.74172552700000e+02 4.76592699088844e-24
3.74241263600000e+02 4.73224341371527e-24
3.74309958100000e+02 4.69579259066177e-24
3.74378636400000e+02 4.63453092205709e-24
3.74447298200000e+02 4.53936714277974e-24
3.74515943800000e+02 4.44026807737662e-24
3.74584573000000e+02 4.35157142847285e-24
3.74653185800000e+02 4.25129510137744e-24
3.74721782300000e+02 4.15095423504289e-24
3.74790362400000e+02 4.05553295988270e-24
3.74858926100000e+02 3.95691701505267e-24
3.74927473400000e+02 3.87565680156475e-24
3.74996004400000e+02 3.82593159869876e-24
3.75064519000000e+02 3.76765731337025e-24
3.75133017200000e+02 3.68321674051253e-24
3.75201498900000e+02 3.60027897227037e-24
3.75269964300000e+02 3.53203583702645e-24
3.75338413300000e+02 3.47478345994975e-24
3.75406845900000e+02 3.42249911363692e-24
3.75475262000000e+02 3.35806403914897e-24
3.75543661700000e+02 3.26927838464374e-24
3.75612045000000e+02 3.17380746822522e-24
3.75680411900000e+02 3.10229938644655e-24
3.75748762300000e+02 3.07524573150997e-24
3.75817096200000e+02 3.07233036776679e-24
3.75885413800000e+02 3.06797336685643e-24
3.75953714800000e+02 3.06548130568303e-24
3.76021999400000e+02 3.06370256656446e-24
3.76090267600000e+02 3.04536144909907e-24
3.76158519300000e+02 3.02905550317763e-24
3.76226754400000e+02 3.01201327631809e-24
3.76294973200000e+02 2.96671312189572e-24
3.76363175400000e+02 2.89344887680318e-24
3.76431361100000e+02 2.81500784539205e-24
3.76499530400000e+02 2.73946806869498e-24
3.76567683100000e+02 2.68989141386828e-24
3.76635819300000e+02 2.67382383599147e-24
3.76703939100000e+02 2.67211233566023e-24
3.76772042300000e+02 2.66564253516785e-24
3.76840128900000e+02 2.66848518128105e-24
3.76908199100000e+02 2.68300291113421e-24
3.76976252700000e+02 2.70846327017192e-24
3.77044289800000e+02 2.73393606850040e-24
3.77112310400000e+02 2.74421590184098e-24
3.77180314300000e+02 2.74154252794139e-24
3.77248301800000e+02 2.74175557572534e-24
3.77316272700000e+02 2.75154874751268e-24
3.77384227000000e+02 2.76187708325881e-24
3.77452164700000e+02 2.76893244806233e-24
3.77520085900000e+02 2.77104428622794e-24
3.77587990500000e+02 2.77217725849871e-24
3.77655878500000e+02 2.77422658349065e-24
3.77723750000000e+02 2.77220954162948e-24
3.77791604800000e+02 2.75514813220399e-24
3.77859443000000e+02 2.73498192223913e-24
3.77927264700000e+02 2.73295857060525e-24
3.77995069700000e+02 2.74976911304588e-24
3.78062858100000e+02 2.75972449074678e-24
3.78130629900000e+02 2.76363171824662e-24
3.78198385000000e+02 2.77337627322668e-24
3.78266123600000e+02 2.79671989943407e-24
3.78333845400000e+02 2.83628388291497e-24
3.78401550700000e+02 2.87994273972503e-24
3.78469239300000e+02 2.90178476944068e-24
3.78536911300000e+02 2.90097633015771e-24
3.78604566600000e+02 2.91083590879281e-24
3.78672205200000e+02 2.93470881156642e-24
3.78739827200000e+02 2.94332918684484e-24
3.78807432500000e+02 2.93925451145234e-24
3.78875021100000e+02 2.94276651259385e-24
3.78942593000000e+02 2.94710921138550e-24
3.79010148300000e+02 2.94364856833698e-24
3.79077686900000e+02 2.93604852462489e-24
3.79145208700000e+02 2.92259205367952e-24
3.79212713900000e+02 2.89680081877237e-24
3.79280202300000e+02 2.86829743449262e-24
3.79347674100000e+02 2.84830499449971e-24
3.79415129100000e+02 2.82716466311901e-24
3.79482567400000e+02 2.80230772380833e-24
3.79549989000000e+02 2.79573553955907e-24
3.79617393800000e+02 2.80664800486730e-24
3.79684781900000e+02 2.81774405925276e-24
3.79752153300000e+02 2.83102456498916e-24
3.79819507900000e+02 2.84874049529555e-24
3.79886845700000e+02 2.86327979776909e-24
3.79954166800000e+02 2.87082071422726e-24
3.80021471200000e+02 2.87113691292100e-24
3.80088758700000e+02 2.85647849509388e-24
3.80156029500000e+02 2.83726590463873e-24
3.80223283500000e+02 2.82360657931590e-24
3.80290520700000e+02 2.81579025120185e-24
3.80357741200000e+02 2.81701593341678e-24
3.80424944800000e+02 2.83748944306701e-24
3.80492131600000e+02 2.85876534547988e-24
3.80559301700000e+02 2.86817601279116e-24
3.80626454900000e+02 2.86603062879163e-24
3.80693591300000e+02 2.85661787819076e-24
3.80760710900000e+02 2.84403377133138e-24
3.80827813600000e+02 2.83638671980279e-24
3.80894899600000e+02 2.82887879828529e-24
3.80961968600000e+02 2.80795665705605e-24
3.81029020900000e+02 2.78069922267721e-24
3.81096056300000e+02 2.77670546387102e-24
3.81163074800000e+02 2.80300372311960e-24
3.81230076500000e+02 2.83743595749507e-24
3.81297061300000e+02 2.86581567468427e-24
3.81364029300000e+02 2.89741007350814e-24
3.81430980400000e+02 2.92954724344469e-24
3.81497914600000e+02 2.95744287390740e-24
3.81564831900000e+02 2.97488389214331e-24
3.81631732400000e+02 2.97471533900528e-24
3.81698615900000e+02 2.95670469344984e-24
3.81765482600000e+02 2.93838327219877e-24
3.81832332300000e+02 2.92645761745112e-24
3.81899165100000e+02 2.92320451565170e-24
3.81965981000000e+02 2.92687999875461e-24
3.82032780000000e+02 2.94256220593699e-24
3.82099562100000e+02 2.96679859276488e-24
3.82166327300000e+02 2.99116309806301e-24
3.82233075500000e+02 3.01084919000580e-24
3.82299806800000e+02 3.02159287215581e-24
3.82366521100000e+02 3.02100345449381e-24
3.82433218500000e+02 3.00911552056997e-24
3.82499898900000e+02 2.98997363797011e-24
3.82566562300000e+02 2.97033083777006e-24
3.82633208800000e+02 2.93866014170830e-24
3.82699838400000e+02 2.88491862124821e-24
3.82766450900000e+02 2.82306800015760e-24
3.82833046500000e+02 2.77398366176380e-24
3.82899625100000e+02 2.74422917841000e-24
3.82966186600000e+02 2.72119976809258e-24
3.83032731200000e+02 2.68982165383502e-24
3.83099258800000e+02 2.65660239124589e-24
3.83165769400000e+02 2.63116418057027e-24
3.83232263000000e+02 2.61203411941061e-24
3.83298739500000e+02 2.59510997819491e-24
3.83365199100000e+02 2.57554566293450e-24
3.83431641600000e+02 2.55966223091222e-24
3.83498067100000e+02 2.56271317589226e-24
3.83564475500000e+02 2.59507150414028e-24
3.83630866900000e+02 2.63062854417374e-24
3.83697241200000e+02 2.63797217322366e-24
3.83763598500000e+02 2.62697979053061e-24
3.83829938800000e+02 2.62342546926660e-24
3.83896261900000e+02 2.62600615998685e-24
3.83962568000000e+02 2.62433960211487e-24
3.84028857100000e+02 2.60793525247683e-24
3.84095129000000e+02 2.56377364259993e-24
3.84161383900000e+02 2.50562016141285e-24
3.84227621600000e+02 2.46576396758078e-24
3.84293842300000e+02 2.44766517359555e-24
3.84360045900000e+02 2.43221064472329e-24
3.84426232400000e+02 2.42641386256099e-24
3.84492401700000e+02 2.44740187990401e-24
3.84558554000000e+02 2.47567730398192e-24
3.84624689100000e+02 2.48293351237491e-24
3.84690807100000e+02 2.46882988430694e-24
3.84756908000000e+02 2.43933377666802e-24
3.84822991700000e+02 2.40895959044740e-24
3.84889058300000e+02 2.40831630863044e-24
3.84955107800000e+02 2.43053383783946e-24
3.85021140100000e+02 2.43874642628645e-24
3.85087155200000e+02 2.42376210672986e-24
3.85153153200000e+02 2.42270432276094e-24
3.85219134000000e+02 2.45275919011294e-24
3.85285097700000e+02 2.49549606616185e-24
3.85351044100000e+02 2.53233078811137e-24
3.85416973400000e+02 2.55525579522824e-24
3.85482885500000e+02 2.55757170400176e-24
3.85548780400000e+02 2.54377299930298e-24
3.85614658100000e+02 2.52138247062398e-24
3.85680518600000e+02 2.49591498689785e-24
3.85746361900000e+02 2.47115445453619e-24
3.85812188000000e+02 2.45649740685278e-24
3.85877996900000e+02 2.45855287400560e-24
3.85943788500000e+02 2.47252073856511e-24
3.86009562900000e+02 2.48869898445943e-24
3.86075320100000e+02 2.50423667796590e-24
3.86141060100000e+02 2.52338152862717e-24
3.86206782800000e+02 2.55972444820450e-24
3.86272488200000e+02 2.61270469133758e-24
3.86338176400000e+02 2.66450909926198e-24
3.86403847300000e+02 2.71514201043341e-24
3.86469501000000e+02 2.78503537005188e-24
3.86535137400000e+02 2.87706213594151e-24
3.86600756500000e+02 2.97746097733251e-24
3.86666358400000e+02 3.07337618475253e-24
3.86731942900000e+02 3.15275607173385e-24
3.86797510200000e+02 3.20093722622708e-24
3.86863060200000e+02 3.22036493094451e-24
3.86928592800000e+02 3.22920017843528e-24
3.86994108200000e+02 3.23709500865543e-24
3.87059606200000e+02 3.22805400192928e-24
3.87125087000000e+02 3.18383070748195e-24
3.87190550400000e+02 3.12348678779825e-24
3.87255996500000e+02 3.07509962293926e-24
3.87321425200000e+02 3.03621674132992e-24
3.87386836700000e+02 3.00094776455352e-24
3.87452230700000e+02 2.98505511259655e-24
3.87517607500000e+02 2.97334063305697e-24
3.87582966900000e+02 2.94804575733168e-24
3.87648308900000e+02 2.93880407705682e-24
3.87713633500000e+02 2.96372080154310e-24
3.87778940800000e+02 2.98707798702306e-24
3.87844230700000e+02 2.98930974547492e-24
3.87909503300000e+02 2.98381455807454e-24
3.87974758400000e+02 2.97703103682328e-24
3.88039996200000e+02 2.97231830197327e-24
3.88105216600000e+02 2.98269944441888e-24
3.88170419600000e+02 3.00584925324075e-24
3.88235605100000e+02 3.02200908045488e-24
3.88300773300000e+02 3.01914788060917e-24
3.88365924000000e+02 3.00960996144166e-24
3.88431057400000e+02 3.01505081938775e-24
3.88496173300000e+02 3.04878182006178e-24
3.88561271700000e+02 3.09076926193811e-24
3.88626352800000e+02 3.11744223056916e-24
3.88691416400000e+02 3.13260943986894e-24
3.88756462500000e+02 3.15061252656624e-24
3.88821491200000e+02 3.16555097717715e-24
3.88886502500000e+02 3.18422206425424e-24
3.88951496300000e+02 3.21598419457506e-24
3.89016472600000e+02 3.26061429215265e-24
3.89081431400000e+02 3.30173468117486e-24
3.89146372800000e+02 3.33751718314139e-24
3.89211296700000e+02 3.36889219089646e-24
3.89276203100000e+02 3.39035668459478e-24
3.89341092000000e+02 3.40960871023415e-24
3.89405963500000e+02 3.44419173287709e-24
3.89470817400000e+02 3.48254538916340e-24
3.89535653800000e+02 3.48900827592200e-24
3.89600472700000e+02 3.46052610063252e-24
3.89665274100000e+02 3.41169947378841e-24
3.89730057900000e+02 3.35667314515832e-24
3.89794824200000e+02 3.30286858395531e-24
3.89859573000000e+02 3.25795926722027e-24
3.89924304300000e+02 3.20961834191429e-24
3.89989018000000e+02 3.16110851519106e-24
3.90053714200000e+02 3.11943620870229e-24
3.90118392800000e+02 3.09060743019148e-24
3.90183053800000e+02 3.08775706386756e-24
3.90247697300000e+02 3.12688162849121e-24
3.90312323300000e+02 3.18724268286728e-24
3.90376931600000e+02 3.23744023980484e-24
3.90441522400000e+02 3.27517129024819e-24
3.90506095600000e+02 3.30712134725983e-24
3.90570651100000e+02 3.33340601400379e-24
3.90635189100000e+02 3.36074678367106e-24
3.90699709500000e+02 3.39771527345103e-24
3.90764212300000e+02 3.42989660574839e-24
3.90828697500000e+02 3.45196111027233e-24
3.90893165100000e+02 3.46958006865734e-24
3.90957615000000e+02 3.48034664652931e-24
3.91022047400000e+02 3.47279408423972e-24
3.91086462000000e+02 3.46085961835972e-24
3.91150859100000e+02 3.46231207369710e-24
3.91215238500000e+02 3.47817218304483e-24
3.91279600300000e+02 3.49702878817614e-24
3.91343944400000e+02 3.51915402424778e-24
3.91408270900000e+02 3.54526853569081e-24
3.91472579700000e+02 3.57650715588114e-24
3.91536870800000e+02 3.63021763311451e-24
3.91601144200000e+02 3.71715020367280e-24
3.91665400000000e+02 3.81094636875780e-24
3.91729638100000e+02 3.87818813592063e-24
3.91793858500000e+02 3.92861592880757e-24
3.91858061200000e+02 3.97687495634769e-24
3.91922246300000e+02 4.01391068012261e-24
3.91986413600000e+02 4.03874860864400e-24
3.92050563200000e+02 4.06520189163988e-24
3.92114695100000e+02 4.08292832670134e-24
3.92178809300000e+02 4.07336397888087e-24
3.92242905700000e+02 4.04184493931338e-24
3.92306984400000e+02 4.00282338673719e-24
3.92371045400000e+02 3.95803185155484e-24
3.92435088700000e+02 3.91791101768439e-24
3.92499114200000e+02 3.89884280429705e-24
3.92563121900000e+02 3.89665202193997e-24
3.92627111900000e+02 3.90104494589462e-24
3.92691084200000e+02 3.92119260833120e-24
3.92755038700000e+02 3.97640557827149e-24
3.92818975400000e+02 4.07626999892003e-24
3.92882894300000e+02 4.20063897594241e-24
3.92946795500000e+02 4.31627216690249e-24
3.93010678800000e+02 4.41125042091074e-24
3.93074544400000e+02 4.49739954528594e-24
3.93138392200000e+02 4.57556982046265e-24
3.93202222200000e+02 4.64626158037931e-24
3.93266034300000e+02 4.72248474986827e-24
3.93329828700000e+02 4.79315304425144e-24
3.93393605200000e+02 4.83881765180658e-24
3.93457363900000e+02 4.87666923816349e-24
3.93521104800000e+02 4.93624843630867e-24
3.93584827900000e+02 5.00097845153780e-24
3.93648533100000e+02 5.04712176209521e-24
3.93712220500000e+02 5.08352950792673e-24
3.93775890000000e+02 5.11776304515907e-24
3.93839541700000e+02 5.13812930750190e-24
3.93903175600000e+02 5.15839757057899e-24
3.93966791500000e+02 5.18573095375898e-24
3.94030389600000e+02 5.20579991357245e-24
3.94093969800000e+02 5.21375483083079e-24
3.94157532200000e+02 5.22828542957308e-24
3.94221076600000e+02 5.25854898749862e-24
3.94284603200000e+02 5.30341209113328e-24
3.94348111900000e+02 5.36050746588301e-24
3.94411602700000e+02 5.42310477690320e-24
3.94475075500000e+02 5.47262416417796e-24
3.94538530500000e+02 5.50141333181223e-24
3.94601967500000e+02 5.51473943715979e-24
3.94665386700000e+02 5.53092785626390e-24
3.94728787900000e+02 5.56350674788470e-24
3.94792171100000e+02 5.60797829500079e-24
3.94855536500000e+02 5.64586758528817e-24
3.94918883900000e+02 5.66702632027847e-24
3.94982213300000e+02 5.67584144946677e-24
3.95045524800000e+02 5.68938172476770e-24
3.95108818400000e+02 5.72100261055004e-24
3.95172094000000e+02 5.76011654780239e-24
3.95235351600000e+02 5.78169795531689e-24
3.95298591200000e+02 5.77625908734946e-24
3.95361812900000e+02 5.75136461774281e-24
3.95425016600000e+02 5.71305851400952e-24
3.95488202300000e+02 5.66821676910795e-24
3.95551370000000e+02 5.63312549513325e-24
3.95614519700000e+02 5.60805237552684e-24
3.95677651400000e+02 5.57684141256047e-24
3.95740765100000e+02 5.53424150549399e-24
3.95803860800000e+02 5.49402912705419e-24
3.95866938500000e+02 5.46646209494629e-24
3.95929998200000e+02 5.45435427420002e-24
3.95993039800000e+02 5.45089435779780e-24
3.96056063400000e+02 5.43470787835196e-24
3.96119068900000e+02 5.38581038588565e-24
3.96182056400000e+02 5.32078557793835e-24
3.96245025900000e+02 5.26533604317826e-24
3.96307977300000e+02 5.21829206334128e-24
3.96370910600000e+02 5.15841909235076e-24
3.96433825900000e+02 5.07392494772633e-24
3.96496723100000e+02 4.96130949333137e-24
3.96559602300000e+02 4.83157280616091e-24
3.96622463300000e+02 4.71233861828973e-24
3.96685306300000e+02 4.61476411648144e-24
3.96748131200000e+02 4.52437856804290e-24
3.96810938000000e+02 4.43287140487294e-24
3.96873726700000e+02 4.35499479170643e-24
3.96936497200000e+02 4.30154573153925e-24
3.96999249700000e+02 4.26542642049107e-24
3.97061984100000e+02 4.23739467505219e-24
3.97124700300000e+02 4.21200194859999e-24
3.97187398400000e+02 4.19368493768316e-24
3.97250078400000e+02 4.19104684946445e-24
3.97312740200000e+02 4.19578063167141e-24
3.97375383900000e+02 4.18134307611823e-24
3.97438009500000e+02 4.13405623146487e-24
3.97500616900000e+02 4.05421785597150e-24
3.97563206100000e+02 3.95697285328625e-24
3.97625777200000e+02 3.87003588819340e-24
3.97688330100000e+02 3.80727604454668e-24
3.97750864900000e+02 3.75153694403659e-24
3.97813381500000e+02 3.68078868149864e-24
3.97875879800000e+02 3.60424709436358e-24
3.97938360000000e+02 3.53773333720252e-24
3.98000822000000e+02 3.48818405329220e-24
3.98063265800000e+02 3.46381846403788e-24
3.98125691400000e+02 3.46680989573067e-24
3.98188098800000e+02 3.48211670800835e-24
3.98250488000000e+02 3.48394149291757e-24
3.98312859000000e+02 3.46258763913529e-24
3.98375211700000e+02 3.42175894479101e-24
3.98437546200000e+02 3.36690031576733e-24
3.98499862500000e+02 3.30441557953198e-24
3.98562160500000e+02 3.24483786642878e-24
3.98624440300000e+02 3.19464246610246e-24
3.98686701800000e+02 3.15915061397553e-24
3.98748945100000e+02 3.13682251275711e-24
3.98811170100000e+02 3.13720441628133e-24
3.98873376900000e+02 3.15833716087481e-24
3.98935565400000e+02 3.18432025347659e-24
3.98997735600000e+02 3.21631686590379e-24
3.99059887500000e+02 3.26994709859238e-24
3.99122021200000e+02 3.34878892927155e-24
3.99184136500000e+02 3.44136739653807e-24
3.99246233600000e+02 3.51310071785129e-24
3.99308312300000e+02 3.55278068567687e-24
3.99370372800000e+02 3.56959458348079e-24
3.99432414900000e+02 3.59048830771845e-24
3.99494438800000e+02 3.62494461635067e-24
3.99556444300000e+02 3.67157793474469e-24
3.99618431400000e+02 3.71835071917873e-24
3.99680400300000e+02 3.74655755363686e-24
3.99742350800000e+02 3.74661893164556e-24
3.99804282900000e+02 3.74419792472397e-24
3.99866196700000e+02 3.77121845560298e-24
3.99928092200000e+02 3.82125082599323e-24
3.99989969300000e+02 3.88783247504251e-24
4.00051828000000e+02 3.97917959440720e-24
4.00113668400000e+02 4.08273462787257e-24
4.00175490400000e+02 4.16509335902744e-24
4.00237294000000e+02 4.24042112478517e-24
4.00299079200000e+02 4.33815407043724e-24
4.00360846100000e+02 4.43901732435847e-24
4.00422594500000e+02 4.50043203042116e-24
4.00484324600000e+02 4.52589971184586e-24
4.00546036200000e+02 4.53692328326544e-24
4.00607729500000e+02 4.54891528190872e-24
4.00669404300000e+02 4.56633765200620e-24
4.00731060700000e+02 4.60334275770728e-24
4.00792698700000e+02 4.64903374570088e-24
4.00854318200000e+02 4.69392491750576e-24
4.00915919300000e+02 4.74689645327915e-24
4.00977502000000e+02 4.84605548285742e-24
4.01039066200000e+02 5.00137659193380e-24
4.01100612000000e+02 5.16979645283687e-24
4.01162139300000e+02 5.30001087154234e-24
4.01223648100000e+02 5.39524575045227e-24
4.01285138500000e+02 5.48463668596686e-24
4.01346610400000e+02 5.57675734858249e-24
4.01408063900000e+02 5.66230851300313e-24
4.01469498800000e+02 5.74005240061946e-24
4.01530915300000e+02 5.80468736107931e-24
4.01592313300000e+02 5.85489305701751e-24
4.01653692800000e+02 5.90925878191445e-24
4.01715053700000e+02 5.98549933664732e-24
4.01776396200000e+02 6.07556483419332e-24
4.01837720200000e+02 6.17382283922672e-24
4.01899025600000e+02 6.28819414048255e-24
4.01960312500000e+02 6.41957855588643e-24
4.02021580900000e+02 6.55686301660770e-24
4.02082830800000e+02 6.67406387772730e-24
4.02144062100000e+02 6.74512787446771e-24
4.02205274900000e+02 6.76894054958046e-24
4.02266469100000e+02 6.78503063469128e-24
4.02327644800000e+02 6.80494762179477e-24
4.02388801900000e+02 6.80619149351993e-24
4.02449940400000e+02 6.78261489734223e-24
4.02511060400000e+02 6.75862620143919e-24
4.02572161800000e+02 6.74524696702337e-24
4.02633244600000e+02 6.73663083447329e-24
4.02694308800000e+02 6.72261608716384e-24
4.02755354500000e+02 6.69934770548504e-24
4.02816381500000e+02 6.67884362482275e-24
4.02877390000000e+02 6.66358019999571e-24
4.02938379800000e+02 6.64580126595056e-24
4.02999351100000e+02 6.59695769198673e-24
4.03060303700000e+02 6.51421840604535e-24
4.03121237700000e+02 6.40417617010833e-24
4.03182153000000e+02 6.31099395583203e-24
4.03243049800000e+02 6.26610186813104e-24
4.03303927900000e+02 6.27325967290018e-24
4.03364787300000e+02 6.29700973537349e-24
4.03425628200000e+02 6.31575779221272e-24
4.03486450300000e+02 6.33164233873944e-24
4.03547253800000e+02 6.36796199767554e-24
4.03608038700000e+02 6.42529789260627e-24
4.03668804800000e+02 6.47624972839612e-24
4.03729552300000e+02 6.49166224740658e-24
4.03790281200000e+02 6.47359083639982e-24
4.03850991300000e+02 6.45355440693618e-24
4.03911682800000e+02 6.44406819298097e-24
4.03972355500000e+02 6.43831903644709e-24
4.04033009600000e+02 6.41730138183968e-24
4.04093644900000e+02 6.36369557822553e-24
4.04154261600000e+02 6.26991969031914e-24
4.04214859500000e+02 6.17580690888280e-24
4.04275438700000e+02 6.10692742387002e-24
4.04335999200000e+02 6.05123164108593e-24
4.04396541000000e+02 5.97463849124432e-24
4.04457064000000e+02 5.88713498787803e-24
4.04517568300000e+02 5.80156380944877e-24
4.04578053800000e+02 5.73080307710159e-24
4.04638520600000e+02 5.68580610949604e-24
4.04698968600000e+02 5.68580262221549e-24
4.04759397900000e+02 5.71464936128582e-24
4.04819808400000e+02 5.75574145715886e-24
4.04880200200000e+02 5.82317170820388e-24
4.04940573100000e+02 5.92729814192300e-24
4.05000927300000e+02 6.03084406736405e-24
4.05061262700000e+02 6.09242005959604e-24
4.05121579300000e+02 6.13276819455410e-24
4.05181877100000e+02 6.17509255764654e-24
4.05242156100000e+02 6.21580213373186e-24
4.05302416300000e+02 6.26123599746202e-24
4.05362657700000e+02 6.32484705320388e-24
4.05422880300000e+02 6.38123229169779e-24
4.05483084000000e+02 6.38791618939888e-24
4.05543268900000e+02 6.35971547107147e-24
4.05603435000000e+02 6.33761400607942e-24
4.05663582300000e+02 6.34736222338625e-24
4.05723710700000e+02 6.40659713301571e-24
4.05783820200000e+02 6.52790622543832e-24
4.05843910900000e+02 6.71152922306606e-24
4.05903982800000e+02 6.92772552460077e-24
4.05964035800000e+02 7.16377543884732e-24
4.06024069900000e+02 7.42343487455441e-24
4.06084085100000e+02 7.71884492064508e-24
4.06144081500000e+02 8.02706453753672e-24
4.06204059000000e+02 8.29642425347464e-24
4.06264017600000e+02 8.48929089315629e-24
4.06323957200000e+02 8.61336894327061e-24
4.06383878000000e+02 8.68456268073498e-24
4.06443779900000e+02 8.71810231748909e-24
4.06503662900000e+02 8.73233188983341e-24
4.06563527000000e+02 8.74214427875777e-24
4.06623372100000e+02 8.76551312165356e-24
4.06683198300000e+02 8.83156068335856e-24
4.06743005600000e+02 8.96710213281400e-24
4.06802794000000e+02 9.15772856963385e-24
4.06862563400000e+02 9.37441093014231e-24
4.06922313800000e+02 9.59854079739793e-24
4.06982045400000e+02 9.82661262720988e-24
4.07041757900000e+02 1.00496718082570e-23
4.07101451500000e+02 1.02680363560644e-23
4.07161126100000e+02 1.04883569151680e-23
4.07220781800000e+02 1.06745460040686e-23
4.07280418500000e+02 1.08035428224112e-23
4.07340036200000e+02 1.09099121274500e-23
4.07399634900000e+02 1.10469170456849e-23
4.07459214600000e+02 1.12214172685229e-23
4.07518775300000e+02 1.14171436655501e-23
4.07578317000000e+02 1.16507123209893e-23
4.07637839700000e+02 1.19083779648036e-23
4.07697343400000e+02 1.21724505642641e-23
4.07756828100000e+02 1.24368773208769e-23
4.07816293800000e+02 1.27293264485407e-23
4.07875740400000e+02 1.30272937076193e-23
4.07935168000000e+02 1.33097340515104e-23
4.07994576500000e+02 1.35777178130661e-23
4.08053966000000e+02 1.38466784147673e-23
4.08113336500000e+02 1.41039539911502e-23
4.08172687900000e+02 1.43349165015991e-23
4.08232020200000e+02 1.45402679115182e-23
4.08291333500000e+02 1.47407592161753e-23
4.08350627700000e+02 1.49473512336734e-23
4.08409902900000e+02 1.51620011038063e-23
4.08469158900000e+02 1.53618487988193e-23
4.08528395900000e+02 1.55581372062360e-23
4.08587613800000e+02 1.57584380862405e-23
4.08646812500000e+02 1.59719733973263e-23
4.08705992200000e+02 1.61910587626566e-23
4.08765152800000e+02 1.64105377871513e-23
4.08824294300000e+02 1.66040370062714e-23
4.08883416600000e+02 1.67268883845269e-23
4.08942519800000e+02 1.67888439083461e-23
4.09001603900000e+02 1.68267361846064e-23
4.09060668900000e+02 1.68807067696517e-23
4.09119714700000e+02 1.69249626435899e-23
4.09178741400000e+02 1.69251835395130e-23
4.09237749000000e+02 1.68699336127090e-23
4.09296737400000e+02 1.67781366958611e-23
4.09355706600000e+02 1.66549036189749e-23
4.09414656700000e+02 1.65298204479173e-23
4.09473587600000e+02 1.64766350723781e-23
4.09532499300000e+02 1.64789900885483e-23
4.09591391900000e+02 1.64680703302710e-23
4.09650265200000e+02 1.64255331872665e-23
4.09709119400000e+02 1.64291597253984e-23
4.09767954400000e+02 1.65101316187647e-23
4.09826770200000e+02 1.66078398257355e-23
4.09885566800000e+02 1.66881904609205e-23
4.09944344100000e+02 1.67500324508487e-23
4.10003102300000e+02 1.68001180601211e-23
4.10061841200000e+02 1.68531339423544e-23
4.10120560900000e+02 1.69691812267573e-23
4.10179261400000e+02 1.71303373668903e-23
4.10237942700000e+02 1.72506676714744e-23
4.10296604700000e+02 1.72660424544512e-23
4.10355247400000e+02 1.72267603762896e-23
4.10413871000000e+02 1.72003897701492e-23
4.10472475200000e+02 1.72025100519558e-23
4.10531060200000e+02 1.71976794759956e-23
4.10589625900000e+02 1.71551476645416e-23
4.10648172400000e+02 1.70417099622808e-23
4.10706699600000e+02 1.68606628440416e-23
4.10765207500000e+02 1.66680648816481e-23
4.10823696100000e+02 1.65343533057088e-23
4.10882165400000e+02 1.64702139483647e-23
4.10940615500000e+02 1.64207013987518e-23
4.10999046200000e+02 1.63852745939772e-23
4.11057457600000e+02 1.63873979784938e-23
4.11115849700000e+02 1.63987469518525e-23
4.11174222500000e+02 1.63537991871818e-23
4.11232576000000e+02 1.62702788169201e-23
4.11290910100000e+02 1.62084177648570e-23
4.11349224900000e+02 1.61547678943215e-23
4.11407520400000e+02 1.60475207576224e-23
4.11465796500000e+02 1.58730806761809e-23
4.11524053300000e+02 1.56618713480225e-23
4.11582290700000e+02 1.54421791416691e-23
4.11640508800000e+02 1.52195255493460e-23
4.11698707500000e+02 1.50171385555835e-23
4.11756886800000e+02 1.48539200732630e-23
4.11815046800000e+02 1.47268351529772e-23
4.11873187300000e+02 1.46172721303043e-23
4.11931308500000e+02 1.45088271056997e-23
4.11989410300000e+02 1.43837902438860e-23
4.12047492700000e+02 1.42049813423762e-23
4.12105555800000e+02 1.39771514451432e-23
4.12163599400000e+02 1.37465156007766e-23
4.12221623500000e+02 1.35574015292164e-23
4.12279628300000e+02 1.34318589921474e-23
4.12337613700000e+02 1.33499880688356e-23
4.12395579600000e+02 1.32782833775967e-23
4.12453526100000e+02 1.31777009354918e-23
4.12511453200000e+02 1.30824731667047e-23
4.12569360800000e+02 1.30719214829880e-23
4.12627249000000e+02 1.31477892322953e-23
4.12685117700000e+02 1.32226325883395e-23
4.12742967000000e+02 1.32098614954530e-23
4.12800796800000e+02 1.31294764000694e-23
4.12858607100000e+02 1.30178268349281e-23
4.12916398000000e+02 1.28961572703837e-23
4.12974169400000e+02 1.27959008935253e-23
4.13031921300000e+02 1.27404577935397e-23
4.13089653700000e+02 1.27220928539465e-23
4.13147366600000e+02 1.27201065038933e-23
4.13205060100000e+02 1.27679434860836e-23
4.13262734000000e+02 1.28687746104443e-23
4.13320388400000e+02 1.29833798768856e-23
4.13378023300000e+02 1.30773489051150e-23
4.13435638700000e+02 1.31740243320319e-23
4.13493234500000e+02 1.32816336972282e-23
4.13550810900000e+02 1.33750357330137e-23
4.13608367700000e+02 1.34496468478069e-23
4.13665904900000e+02 1.34985170039613e-23
4.13723422700000e+02 1.34985529297674e-23
4.13780920800000e+02 1.34561255232653e-23
4.13838399400000e+02 1.34630612128310e-23
4.13895858500000e+02 1.35743727527513e-23
4.13953298000000e+02 1.37574974139852e-23
4.14010717900000e+02 1.39495571425713e-23
4.14068118200000e+02 1.41458324427232e-23
4.14125499000000e+02 1.43644136350062e-23
4.14182860200000e+02 1.45896019319360e-23
4.14240201700000e+02 1.48617812729722e-23
4.14297523700000e+02 1.51951681756136e-23
4.14354826100000e+02 1.55760969976980e-23
4.14412108900000e+02 1.59605797163025e-23
4.14469372100000e+02 1.63474144173804e-23
4.14526615600000e+02 1.67317869515542e-23
4.14583839500000e+02 1.70671459960524e-23
4.14641043800000e+02 1.73560897398912e-23
4.14698228500000e+02 1.76311535593618e-23
4.14755393500000e+02 1.78847857579558e-23
4.14812538900000e+02 1.80458333001502e-23
4.14869664700000e+02 1.81576576378283e-23
4.14926770800000e+02 1.82837777062267e-23
4.14983857200000e+02 1.84236634068193e-23
4.15040924000000e+02 1.85331388661292e-23
4.15097971100000e+02 1.86377364551360e-23
4.15154998500000e+02 1.87547236273581e-23
4.15212006200000e+02 1.88425206890388e-23
4.15268994300000e+02 1.88917670979436e-23
4.15325962700000e+02 1.89572629758618e-23
4.15382911400000e+02 1.90817083523188e-23
4.15439840400000e+02 1.92051030841731e-23
4.15496749600000e+02 1.92969067734652e-23
4.15553639200000e+02 1.93652814199370e-23
4.15610509100000e+02 1.94338138347459e-23
4.15667359200000e+02 1.95267567098101e-23
4.15724189600000e+02 1.96830642144274e-23
4.15781000300000e+02 1.99386285715751e-23
4.15837791200000e+02 2.02624807400230e-23
4.15894562400000e+02 2.06232556977551e-23
4.15951313900000e+02 2.10035664274977e-23
4.16008045600000e+02 2.14073832046470e-23
4.16064757600000e+02 2.18352229455472e-23
4.16121449800000e+02 2.23014544171515e-23
4.16178122200000e+02 2.28237546900918e-23
4.16234774800000e+02 2.33642364541953e-23
4.16291407700000e+02 2.38349391834933e-23
4.16348020800000e+02 2.41778062864292e-23
4.16404614100000e+02 2.44310145243373e-23
4.16461187600000e+02 2.46693332745085e-23
4.16517741400000e+02 2.49268213502249e-23
4.16574275300000e+02 2.51786351319430e-23
4.16630789400000e+02 2.54123481490146e-23
4.16687283700000e+02 2.55697913254161e-23
4.16743758200000e+02 2.56131733372423e-23
4.16800212800000e+02 2.55747436522208e-23
4.16856647700000e+02 2.55599453303789e-23
4.16913062700000e+02 2.56393137910057e-23
4.16969457800000e+02 2.57715432993553e-23
4.17025833100000e+02 2.58944088292439e-23
4.17082188600000e+02 2.59496510700618e-23
4.17138524200000e+02 2.59633527756640e-23
4.17194840000000e+02 2.59760082949272e-23
4.17251135800000e+02 2.60364477357910e-23
4.17307411900000e+02 2.61363102237732e-23
4.17363668000000e+02 2.62284722963298e-23
4.17419904300000e+02 2.63182614006225e-23
4.17476120700000e+02 2.64361100955879e-23
4.17532317100000e+02 2.66184900064607e-23
4.17588493700000e+02 2.68292570999721e-23
4.17644650400000e+02 2.69890693262702e-23
4.17700787200000e+02 2.70512024675209e-23
4.17756904100000e+02 2.70187950275463e-23
4.17813001100000e+02 2.69249332490092e-23
4.17869078100000e+02 2.67979970702289e-23
4.17925135200000e+02 2.66534738007407e-23
4.17981172400000e+02 2.65073697283544e-23
4.18037189700000e+02 2.63387701617063e-23
4.18093187000000e+02 2.61707057576594e-23
4.18149164300000e+02 2.60262080997258e-23
4.18205121700000e+02 2.59339236478037e-23
4.18261059200000e+02 2.57953090161497e-23
4.18316976700000e+02 2.55727362060465e-23
4.18372874200000e+02 2.53454402183487e-23
4.18428751700000e+02 2.52147365057397e-23
4.18484609300000e+02 2.51840116691406e-23
4.18540446900000e+02 2.51630788201810e-23
4.18596264500000e+02 2.51074949283063e-23
4.18652062100000e+02 2.49854133084197e-23
4.18707839700000e+02 2.48429885029465e-23
4.18763597300000e+02 2.47719752100730e-23
4.18819334900000e+02 2.48454096470880e-23
4.18875052500000e+02 2.50247714124289e-23
4.18930750100000e+02 2.52291853870917e-23
4.18986427600000e+02 2.54276210255884e-23
4.19042085100000e+02 2.56279984430124e-23
4.19097722600000e+02 2.58262709739420e-23
4.19153340000000e+02 2.60179971102064e-23
4.19208937400000e+02 2.61557429594386e-23
4.19264514800000e+02 2.61766108817160e-23
4.19320072100000e+02 2.60377463739284e-23
4.19375609300000e+02 2.58183568186084e-23
4.19431126500000e+02 2.57091356561100e-23
4.19486623500000e+02 2.57866864415311e-23
4.19542100600000e+02 2.59931879813162e-23
4.19597557500000e+02 2.61709590263747e-23
4.19652994400000e+02 2.62266750787457e-23
4.19708411100000e+02 2.62076674549479e-23
4.19763807800000e+02 2.61973508202998e-23
4.19819184300000e+02 2.63099721599271e-23
4.19874540800000e+02 2.65560484089085e-23
4.19929877100000e+02 2.68827069530174e-23
4.19985193400000e+02 2.71115251172490e-23
4.20040489500000e+02 2.71346229085468e-23
4.20095765400000e+02 2.70171604998554e-23
4.20151021300000e+02 2.69368805910629e-23
4.20206257000000e+02 2.70014647907789e-23
4.20261472500000e+02 2.71159224955365e-23
4.20316668000000e+02 2.71548619362616e-23
4.20371843200000e+02 2.71057317030461e-23
4.20426998300000e+02 2.70425345513703e-23
4.20482133300000e+02 2.70210157921630e-23
4.20537248000000e+02 2.70352936447480e-23
4.20592342600000e+02 2.70689765380756e-23
4.20647417100000e+02 2.70562757569831e-23
4.20702471300000e+02 2.69496324053420e-23
4.20757505300000e+02 2.67856254500207e-23
4.20812519200000e+02 2.66919109419005e-23
4.20867512900000e+02 2.67743398052299e-23
4.20922486300000e+02 2.69900058772356e-23
4.20977439500000e+02 2.72200320807548e-23
4.21032372600000e+02 2.74004414893354e-23
4.21087285400000e+02 2.75668668430650e-23
4.21142177900000e+02 2.78195685662317e-23
4.21197050300000e+02 2.81802067970795e-23
4.21251902400000e+02 2.85701459369330e-23
4.21306734300000e+02 2.89170868751067e-23
4.21361545900000e+02 2.92431449916020e-23
4.21416337300000e+02 2.95760385191224e-23
4.21471108400000e+02 2.98966434928613e-23
4.21525859300000e+02 3.02406537664002e-23
4.21580589900000e+02 3.06896294589626e-23
4.21635300200000e+02 3.12691166015578e-23
4.21689990200000e+02 3.18337223218405e-23
4.21744660000000e+02 3.23115329279751e-23
4.21799309500000e+02 3.28291762061361e-23
4.21853938600000e+02 3.35163437253214e-23
4.21908547500000e+02 3.43046552197810e-23
4.21963136100000e+02 3.50720923453184e-23
4.22017704400000e+02 3.58573331506102e-23
4.22072252300000e+02 3.66710772649837e-23
4.22126780000000e+02 3.73827324049801e-23
4.22181287300000e+02 3.78489555160279e-23
4.22235774300000e+02 3.81354450833256e-23
4.22290240900000e+02 3.84545923952396e-23
4.22344687300000e+02 3.88290879438587e-23
4.22399113200000e+02 3.91817329036821e-23
4.22453518900000e+02 3.94570605080949e-23
4.22507904100000e+02 3.97250608959643e-23
4.22562269100000e+02 4.00170106294336e-23
4.22616613600000e+02 4.02994041559773e-23
4.22670937800000e+02 4.06137752623727e-23
4.22725241600000e+02 4.10225320851516e-23
4.22779525000000e+02 4.15489099370146e-23
4.22833788000000e+02 4.21123338224907e-23
4.22888030700000e+02 4.26858237336681e-23
4.22942253000000e+02 4.33058218032305e-23
4.22996454800000e+02 4.39614781730988e-23
4.23050636300000e+02 4.45571227008416e-23
4.23104797300000e+02 4.49615729068431e-23
4.23158937900000e+02 4.51454310633318e-23
4.23213058100000e+02 4.52012812815894e-23
4.23267157900000e+02 4.53064091991226e-23
4.23321237200000e+02 4.55014959212689e-23
4.23375296100000e+02 4.57163547667286e-23
4.23429334600000e+02 4.58896923168837e-23
4.23483352600000e+02 4.60468898213421e-23
4.23537350200000e+02 4.62576567511691e-23
4.23591327300000e+02 4.65330033071949e-23
4.23645283900000e+02 4.69430698654225e-23
4.23699220100000e+02 4.75029801553068e-23
4.23753135800000e+02 4.81577347837957e-23
4.23807031000000e+02 4.87735274455187e-23
4.23860905800000e+02 4.92949082997978e-23
4.23914760000000e+02 4.98460169930319e-23
4.23968593800000e+02 5.04824912987538e-23
4.24022407000000e+02 5.11022031632654e-23
4.24076199800000e+02 5.15962897100046e-23
4.24129972000000e+02 5.20328954895479e-23
4.24183723800000e+02 5.25514635778893e-23
4.24237455000000e+02 5.30729890490331e-23
4.24291165700000e+02 5.34789196244538e-23
