<scaninformation>
	date=22.06.2012
	starttime=13:31:27
	compass=75.0
	tilt=0.0
	lat=4.876155
	long=-75.353401
	alt=4491.643
	volcano=nevado_del_ruiz
	site=alfombrales
	observatory=ingeominas
	serial=D2J2201
	spectrometer=S2000
	channel=0
	coneangle=60.0
	interlacesteps=1
	startchannel=0
	spectrumlength=2048
	flux=5.25
	battery=12.56
	temperature=17.10
	mode=plume
	instrumenttype=gothenburg
	version=2.2
	softwareversion=1.82
	compiledate=Feb 19 2009
</scaninformation>
<fluxinfo>
	flux=5.2549
	windspeed=10.0000
	winddirection=0.0000
	plumeheight=1000.00
	windspeedsource=user
	winddirectionsource=user
	plumeheightsource=user
	compasssource=user
	plumecompleteness=0.87
	plumecentre=-64.96
	plumeedge1=-79.00
	plumeedge2=-54.00
</fluxinfo>
#scanangle	starttime	stoptime	name	specsaturation	fitsaturation	counts_ms	delta	chisquare	exposuretime	numspec	column(SO2)	columnerror(SO2)	shift(SO2)	shifterror(SO2)	squeeze(SO2)	squeezeerror(SO2)	isgoodpoint	offset	flag
<spectraldata>
0	13:31:27	13:31:30	sky	0.76	0.31	252.01	0.00e+000	0.00e+000	158	15	0.0	0.0	0.0	0.0	0.0	0.0	1	6801	0
180	13:32:12	13:32:15	dark	0.12	0.11	3.26	0.00e+000	0.00e+000	158	15	0.0	0.0	0.0	0.0	0.0	0.0	1	6797	0
-90	13:32:36	13:32:39	scan	0.22	0.14	40.93	7.09e-002	2.71e-002	158	15	127.77	19.35	2.00	0.00	1.00	0.00	1	6792	0
-86	13:32:40	13:32:43	scan	0.22	0.14	44.15	6.81e-002	2.75e-002	158	15	135.49	19.48	2.00	0.00	1.00	0.00	1	6798	0
-82	13:32:44	13:32:47	scan	0.23	0.15	47.06	6.59e-002	2.15e-002	158	15	168.09	17.23	2.00	0.00	1.00	0.00	1	6794	0
-79	13:32:48	13:32:51	scan	0.26	0.15	57.44	6.24e-002	1.69e-002	158	15	204.21	15.25	2.00	0.00	1.00	0.00	1	6799	0
-75	13:32:52	13:32:56	scan	0.28	0.16	66.94	5.42e-002	1.50e-002	158	15	271.07	14.36	2.00	0.00	1.00	0.00	1	6798	0
-72	13:32:56	13:33:00	scan	0.42	0.21	121.36	6.29e-002	1.55e-002	158	15	653.53	14.60	2.00	0.00	1.00	0.00	1	6797	0
-68	13:33:00	13:33:04	scan	0.45	0.22	133.54	6.58e-002	1.46e-002	158	15	696.44	14.19	2.00	0.00	1.00	0.00	1	6797	0
-64	13:33:04	13:33:08	scan	0.46	0.23	136.98	4.25e-002	1.24e-002	158	15	722.37	13.09	2.00	0.00	1.00	0.00	1	6793	0
-61	13:33:09	13:33:12	scan	0.47	0.23	139.13	5.48e-002	1.14e-002	158	15	631.11	12.52	2.00	0.00	1.00	0.00	1	6792	0
-57	13:33:13	13:33:16	scan	0.47	0.24	138.57	3.54e-002	6.93e-003	158	15	442.74	9.78	2.00	0.00	1.00	0.00	1	6797	0
-54	13:33:17	13:33:20	scan	0.46	0.24	134.01	2.75e-002	5.02e-003	158	15	176.02	8.33	2.00	0.00	1.00	0.00	1	6796	0
-50	13:33:21	13:33:24	scan	0.45	0.24	132.92	3.14e-002	5.08e-003	158	15	87.11	8.37	2.00	0.00	1.00	0.00	1	6795	0
-46	13:33:25	13:33:28	scan	0.45	0.24	131.23	2.53e-002	3.84e-003	158	15	68.00	7.28	2.00	0.00	1.00	0.00	1	6795	0
-43	13:33:29	13:33:32	scan	0.44	0.24	129.26	3.15e-002	4.05e-003	158	15	41.04	7.48	2.00	0.00	1.00	0.00	1	6792	0
-39	13:33:33	13:33:36	scan	0.44	0.24	129.47	2.62e-002	4.65e-003	158	15	40.88	8.01	2.00	0.00	1.00	0.00	1	6793	0
-36	13:33:37	13:33:40	scan	0.45	0.24	131.62	2.95e-002	4.29e-003	158	15	34.61	7.69	2.00	0.00	1.00	0.00	1	6794	0
-32	13:33:41	13:33:44	scan	0.46	0.24	134.43	2.94e-002	3.96e-003	158	15	32.69	7.39	2.00	0.00	1.00	0.00	1	6794	0
-28	13:33:45	13:33:48	scan	0.47	0.24	139.93	2.64e-002	4.06e-003	158	15	25.78	7.48	2.00	0.00	1.00	0.00	1	6794	0
-25	13:33:49	13:33:52	scan	0.49	0.24	145.58	3.10e-002	4.87e-003	158	15	11.65	8.19	2.00	0.00	1.00	0.00	1	6792	0
-21	13:33:53	13:33:56	scan	0.50	0.25	152.60	2.68e-002	3.77e-003	158	15	13.78	7.21	2.00	0.00	1.00	0.00	1	6791	0
-18	13:33:57	13:34:00	scan	0.53	0.25	162.16	2.41e-002	3.77e-003	158	15	15.44	7.21	2.00	0.00	1.00	0.00	1	6786	0
-14	13:34:01	13:34:04	scan	0.56	0.26	173.62	2.49e-002	3.79e-003	158	15	15.57	7.23	2.00	0.00	1.00	0.00	1	6792	0
-10	13:34:05	13:34:08	scan	0.59	0.27	187.66	2.81e-002	3.68e-003	158	15	11.33	7.13	2.00	0.00	1.00	0.00	1	6795	0
-7	13:34:09	13:34:12	scan	0.64	0.28	206.50	2.21e-002	3.35e-003	158	15	17.65	6.80	2.00	0.00	1.00	0.00	1	6788	0
-3	13:34:13	13:34:17	scan	0.70	0.29	230.97	2.37e-002	3.86e-003	158	15	7.87	7.30	2.00	0.00	1.00	0.00	1	6787	0
0	13:34:17	13:34:21	scan	0.78	0.31	262.02	2.19e-002	2.95e-003	158	15	4.40	6.38	2.00	0.00	1.00	0.00	1	6789	0
3	13:34:21	13:34:25	scan	0.87	0.34	294.91	2.66e-002	3.51e-003	158	15	5.43	6.96	2.00	0.00	1.00	0.00	1	6790	0
7	13:34:26	13:34:29	scan	0.94	0.37	323.41	2.37e-002	2.77e-003	158	15	3.74	6.18	2.00	0.00	1.00	0.00	1	6789	0
10	13:34:30	13:34:33	scan	1.00	0.40	345.13	2.27e-002	3.11e-003	158	15	2.48	6.55	2.00	0.00	1.00	0.00	1	6789	0
14	13:34:34	13:34:37	scan	1.00	0.43	345.81	1.80e-002	2.69e-003	158	15	-1.27	6.09	2.00	0.00	1.00	0.00	1	6787	0
18	13:34:38	13:34:41	scan	1.00	0.45	345.81	2.78e-002	2.34e-003	158	15	-9.56	5.68	2.00	0.00	1.00	0.00	1	6787	0
21	13:34:42	13:34:45	scan	1.00	0.46	345.82	2.23e-002	2.57e-003	158	15	-2.47	5.95	2.00	0.00	1.00	0.00	1	6785	0
25	13:34:46	13:34:49	scan	1.00	0.44	345.84	1.95e-002	2.85e-003	158	15	4.45	6.27	2.00	0.00	1.00	0.00	1	6782	0
28	13:34:50	13:34:53	scan	1.00	0.41	345.80	1.81e-002	2.24e-003	158	15	-5.03	5.56	2.00	0.00	1.00	0.00	1	6788	0
32	13:34:54	13:34:57	scan	0.96	0.38	329.33	2.48e-002	2.96e-003	158	15	0.39	6.39	2.00	0.00	1.00	0.00	1	6788	0
36	13:34:58	13:35:01	scan	0.89	0.35	304.10	2.33e-002	3.08e-003	158	15	0.31	6.52	2.00	0.00	1.00	0.00	1	6779	0
39	13:35:02	13:35:05	scan	0.81	0.33	273.76	1.95e-002	2.93e-003	158	15	1.15	6.36	2.00	0.00	1.00	0.00	1	6786	0
43	13:35:06	13:35:09	scan	0.74	0.31	244.68	1.85e-002	2.75e-003	158	15	-1.82	6.16	2.00	0.00	1.00	0.00	1	6785	0
46	13:35:10	13:35:13	scan	0.68	0.30	220.84	2.18e-002	3.10e-003	158	15	1.05	6.54	2.00	0.00	1.00	0.00	1	6785	0
50	13:35:14	13:35:17	scan	0.64	0.28	204.57	2.03e-002	3.55e-003	158	15	-6.43	7.00	2.00	0.00	1.00	0.00	1	6782	0
54	13:35:18	13:35:21	scan	0.60	0.28	190.65	1.97e-002	3.14e-003	158	15	-7.53	6.58	2.00	0.00	1.00	0.00	1	6786	0
57	13:35:22	13:35:25	scan	0.57	0.27	180.25	2.29e-002	3.49e-003	158	15	5.71	6.94	2.00	0.00	1.00	0.00	1	6783	0
61	13:35:26	13:35:29	scan	0.55	0.27	172.05	2.70e-002	3.65e-003	158	15	1.32	7.09	2.00	0.00	1.00	0.00	1	6781	0
64	13:35:30	13:35:33	scan	0.54	0.26	165.34	2.76e-002	4.03e-003	158	15	0.49	7.46	2.00	0.00	1.00	0.00	1	6786	0
68	13:35:34	13:35:37	scan	0.52	0.26	161.02	2.46e-002	3.83e-003	158	15	3.15	7.27	2.00	0.00	1.00	0.00	1	6782	0
72	13:35:38	13:35:41	scan	0.52	0.26	157.53	2.47e-002	3.00e-003	158	15	-11.46	6.43	2.00	0.00	1.00	0.00	1	6785	0
75	13:35:42	13:35:45	scan	0.51	0.26	155.66	2.85e-002	5.08e-003	158	15	-3.11	8.37	2.00	0.00	1.00	0.00	1	6782	0
79	13:35:46	13:35:50	scan	0.51	0.25	153.53	2.22e-002	3.36e-003	158	15	-1.39	6.81	2.00	0.00	1.00	0.00	1	6780	0
82	13:35:50	13:35:54	scan	0.50	0.25	150.10	2.94e-002	4.31e-003	158	15	-1.48	7.71	2.00	0.00	1.00	0.00	1	6782	0
86	13:35:54	13:35:58	scan	0.47	0.24	140.45	2.75e-002	4.69e-003	158	15	-21.26	8.04	2.00	0.00	1.00	0.00	1	6782	0
90	13:35:58	13:36:02	scan	0.32	0.17	80.34	3.79e-002	8.36e-003	158	15	-4.44	10.74	2.00	0.00	1.00	0.00	1	6781	0
</spectraldata>
