<scaninformation>
	date=31.03.2016
	starttime=14:00:13
	compass=54.4
	tilt=0.0
	lat=11.981421
	long=-86.181469
	alt=381.366
	volcano=masaya
	site=caracol
	observatory=ineter
	serial=D2J2124
	spectrometer=S2000
	channel=0
	coneangle=90.0
	interlacesteps=1
	startchannel=0
	spectrumlength=2048
	flux=4.19
	battery=12.55
	temperature=27.94
	mode=plume
	instrumenttype=gothenburg
	version=2.2
	softwareversion=2.00
	compiledate=Oct  2 2009
</scaninformation>
<fluxinfo>
	flux=4.1927
	windspeed=10.0000
	winddirection=54.4000
	plumeheight=253.46
	windspeedsource=default
	winddirectionsource=default
	plumeheightsource=default
	compasssource=user
	plumecompleteness=0.82
	plumecentre=-21.32
	plumeedge1=-54.00
	plumeedge2=18.00
</fluxinfo>
#scanangle	starttime	stoptime	name	specsaturation	fitsaturation	counts_ms	delta	chisquare	exposuretime	numspec	column(O3)	columnerror(O3)	shift(O3)	shifterror(O3)	squeeze(O3)	squeezeerror(O3)	column(SO2)	columnerror(SO2)	shift(SO2)	shifterror(SO2)	squeeze(SO2)	squeezeerror(SO2)	column(RING)	columnerror(RING)	shift(RING)	shifterror(RING)	squeeze(RING)	squeezeerror(RING)	isgoodpoint	offset	flag
<spectraldata>
0	14:00:13	14:00:21	sky	0.68	0.21	72.89	0.00e+000	0.00e+000	495	15	0.0	0.0	0.0	0.0	0.0	0.0	0.0	0.0	0.0	0.0	0.0	0.0	0.0	0.0	0.0	0.0	0.0	0.0	1	5514	0
180	14:00:52	14:01:01	dark	0.15	0.10	7.86	0.00e+000	0.00e+000	495	15	0.0	0.0	0.0	0.0	0.0	0.0	0.0	0.0	0.0	0.0	0.0	0.0	0.0	0.0	0.0	0.0	0.0	0.0	1	5505	0
-90	14:01:16	14:01:25	scan	0.15	0.10	7.85	3.39e+000	3.12e+001	495	15	-6981.34	5197.04	0.00	0.00	1.00	0.00	-30.93	601.52	0.00	0.00	1.00	0.00	-0.23	0.21	0.00	0.00	1.00	0.00	0	5505	0
-86	14:01:25	14:01:34	scan	0.14	0.10	6.19	2.08e+000	1.35e+001	495	15	-572.61	3419.80	0.00	0.00	1.00	0.00	-473.21	395.82	0.00	0.00	1.00	0.00	-0.08	0.14	0.00	0.00	1.00	0.00	0	5506	0
-82	14:01:34	14:01:43	scan	0.15	0.10	7.09	1.94e+000	8.28e+000	495	15	-454.36	2678.76	0.00	0.00	1.00	0.00	-316.95	310.05	0.00	0.00	1.00	0.00	-0.06	0.11	0.00	0.00	1.00	0.00	0	5502	0
-79	14:01:43	14:01:52	scan	0.15	0.10	7.60	8.41e-001	3.38e+000	495	15	-1522.74	1710.48	0.00	0.00	1.00	0.00	-202.56	197.97	0.00	0.00	1.00	0.00	-0.08	0.07	0.00	0.00	1.00	0.00	0	5501	0
-75	14:01:53	14:02:01	scan	0.15	0.10	7.60	1.28e+000	3.29e+000	495	15	190.51	1688.97	0.00	0.00	1.00	0.00	-434.09	195.49	0.00	0.00	1.00	0.00	-2.16e-002	6.70e-002	0.00	0.00	1.00	0.00	0	5503	0
-72	14:02:02	14:02:10	scan	0.15	0.10	7.45	1.88e+000	4.62e+000	495	15	-391.80	2000.42	0.00	0.00	1.00	0.00	-607.55	231.53	0.00	0.00	1.00	0.00	-0.11	0.08	0.00	0.00	1.00	0.00	0	5503	0
-68	14:02:11	14:02:19	scan	0.15	0.11	7.74	1.15e+000	2.73e+000	495	15	-1062.31	1536.85	0.00	0.00	1.00	0.00	185.12	177.88	0.00	0.00	1.00	0.00	-0.06	0.06	0.00	0.00	1.00	0.00	0	5501	0
-64	14:02:20	14:02:28	scan	0.16	0.11	8.60	5.51e-001	1.09e+000	495	15	-1315.84	973.41	0.00	0.00	1.00	0.00	-60.40	112.67	0.00	0.00	1.00	0.00	-1.06e-002	3.86e-002	0.00	0.00	1.00	0.00	0	5498	0
-61	14:02:29	14:02:38	scan	0.17	0.11	9.91	4.23e-001	6.55e-001	495	15	-698.00	753.62	0.00	0.00	1.00	0.00	72.33	87.23	0.00	0.00	1.00	0.00	3.14e-003	2.99e-002	0.00	0.00	1.00	0.00	0	5496	0
-57	14:02:38	14:02:47	scan	0.19	0.11	12.19	2.85e-001	2.99e-001	495	15	-1025.73	508.77	0.00	0.00	1.00	0.00	-14.54	58.89	0.00	0.00	1.00	0.00	-5.65e-003	2.02e-002	0.00	0.00	1.00	0.00	0	5498	0
-54	14:02:47	14:02:56	scan	0.23	0.12	17.30	1.92e-001	1.44e-001	495	15	-95.53	353.16	0.00	0.00	1.00	0.00	38.51	40.88	0.00	0.00	1.00	0.00	1.94e-002	1.40e-002	0.00	0.00	1.00	0.00	1	5492	0
-50	14:02:56	14:03:05	scan	0.31	0.14	27.73	1.13e-001	5.38e-002	495	15	-99.43	215.87	0.00	0.00	1.00	0.00	9.13	24.98	0.00	0.00	1.00	0.00	1.44e-002	8.57e-003	0.00	0.00	1.00	0.00	1	5495	0
-46	14:03:06	14:03:14	scan	0.34	0.14	31.64	1.17e-001	6.09e-002	495	15	-435.43	229.67	0.00	0.00	1.00	0.00	124.48	26.58	0.00	0.00	1.00	0.00	1.11e-002	9.11e-003	0.00	0.00	1.00	0.00	1	5493	0
-43	14:03:15	14:03:23	scan	0.36	0.14	33.51	1.05e-001	5.13e-002	495	15	-559.89	210.96	0.00	0.00	1.00	0.00	192.24	24.42	0.00	0.00	1.00	0.00	3.00e-003	8.37e-003	0.00	0.00	1.00	0.00	1	5493	0
-39	14:03:24	14:03:32	scan	0.36	0.15	33.71	1.42e-001	7.30e-002	495	15	-925.88	251.59	0.00	0.00	1.00	0.00	221.94	29.12	0.00	0.00	1.00	0.00	-4.82e-003	9.98e-003	0.00	0.00	1.00	0.00	1	5490	0
-36	14:03:33	14:03:41	scan	0.35	0.14	32.46	1.61e-001	7.68e-002	495	15	-770.33	257.96	0.00	0.00	1.00	0.00	264.59	29.86	0.00	0.00	1.00	0.00	-5.71e-003	1.02e-002	0.00	0.00	1.00	0.00	1	5488	0
-32	14:03:42	14:03:50	scan	0.34	0.14	31.02	1.36e-001	6.47e-002	495	15	-1005.99	236.85	0.00	0.00	1.00	0.00	317.50	27.41	0.00	0.00	1.00	0.00	-4.04e-003	9.40e-003	0.00	0.00	1.00	0.00	1	5484	0
-28	14:03:51	14:04:00	scan	0.33	0.14	30.04	1.86e-001	1.03e-001	495	15	-968.88	298.63	0.00	0.00	1.00	0.00	254.64	34.56	0.00	0.00	1.00	0.00	-8.87e-003	1.19e-002	0.00	0.00	1.00	0.00	1	5485	0
-25	14:04:00	14:04:09	scan	0.34	0.14	30.75	1.62e-001	7.55e-002	495	15	-695.78	255.86	0.00	0.00	1.00	0.00	293.59	29.61	0.00	0.00	1.00	0.00	2.82e-003	1.02e-002	0.00	0.00	1.00	0.00	1	5487	0
-21	14:04:09	14:04:18	scan	0.36	0.15	33.71	1.41e-001	6.66e-002	495	15	-716.39	240.22	0.00	0.00	1.00	0.00	280.34	27.80	0.00	0.00	1.00	0.00	3.96e-004	9.53e-003	0.00	0.00	1.00	0.00	1	5487	0
-18	14:04:19	14:04:27	scan	0.39	0.15	37.29	1.29e-001	8.23e-002	495	15	-923.34	267.01	0.00	0.00	1.00	0.00	258.38	30.90	0.00	0.00	1.00	0.00	-7.47e-003	1.06e-002	0.00	0.00	1.00	0.00	1	5483	0
-14	14:04:28	14:04:36	scan	0.37	0.15	35.27	1.34e-001	6.72e-002	495	15	-506.82	241.25	0.00	0.00	1.00	0.00	213.15	27.92	0.00	0.00	1.00	0.00	-3.44e-003	9.57e-003	0.00	0.00	1.00	0.00	1	5480	0
-10	14:04:37	14:04:45	scan	0.37	0.15	35.22	1.47e-001	6.30e-002	495	15	-499.29	233.71	0.00	0.00	1.00	0.00	184.84	27.05	0.00	0.00	1.00	0.00	1.23e-003	9.27e-003	0.00	0.00	1.00	0.00	1	5483	0
-7	14:04:46	14:04:54	scan	0.38	0.15	36.18	1.34e-001	5.24e-002	495	15	-468.32	213.07	0.00	0.00	1.00	0.00	218.31	24.66	0.00	0.00	1.00	0.00	-1.07e-002	8.46e-003	0.00	0.00	1.00	0.00	1	5479	0
-3	14:04:55	14:05:03	scan	0.44	0.16	43.06	1.36e-001	4.95e-002	495	15	-607.71	207.22	0.00	0.00	1.00	0.00	260.95	23.98	0.00	0.00	1.00	0.00	-3.48e-003	8.22e-003	0.00	0.00	1.00	0.00	1	5481	0
0	14:05:04	14:05:13	scan	0.55	0.18	56.97	9.32e-002	3.60e-002	495	15	-575.39	176.74	0.00	0.00	1.00	0.00	181.34	20.46	0.00	0.00	1.00	0.00	-1.50e-002	7.01e-003	0.00	0.00	1.00	0.00	1	5476	0
3	14:05:13	14:05:22	scan	0.70	0.20	75.41	8.56e-002	3.23e-002	495	15	-554.58	167.38	0.00	0.00	1.00	0.00	191.50	19.37	0.00	0.00	1.00	0.00	-1.65e-002	6.64e-003	0.00	0.00	1.00	0.00	1	5478	0
7	14:05:22	14:05:31	scan	0.75	0.22	81.68	6.64e-002	1.66e-002	495	15	-197.61	119.77	0.00	0.00	1.00	0.00	54.08	13.86	0.00	0.00	1.00	0.00	-1.02e-002	4.75e-003	0.00	0.00	1.00	0.00	1	5479	0
10	14:05:31	14:05:40	scan	0.75	0.23	81.86	6.61e-002	1.52e-002	495	15	-136.42	114.70	0.00	0.00	1.00	0.00	2.52	13.28	0.00	0.00	1.00	0.00	-4.50e-003	4.55e-003	0.00	0.00	1.00	0.00	1	5479	0
14	14:05:41	14:05:49	scan	0.69	0.23	74.87	5.36e-002	1.69e-002	495	15	167.11	120.96	0.00	0.00	1.00	0.00	-69.63	14.00	0.00	0.00	1.00	0.00	-1.66e-003	4.80e-003	0.00	0.00	1.00	0.00	1	5471	0
18	14:05:50	14:05:58	scan	0.58	0.22	60.49	8.13e-002	3.22e-002	495	15	417.56	166.93	0.00	0.00	1.00	0.00	-144.96	19.32	0.00	0.00	1.00	0.00	-5.96e-003	6.62e-003	0.00	0.00	1.00	0.00	1	5475	0
21	14:05:59	14:06:07	scan	0.54	0.22	56.22	7.25e-002	3.58e-002	495	15	469.68	176.14	0.00	0.00	1.00	0.00	-195.62	20.39	0.00	0.00	1.00	0.00	3.86e-003	6.99e-003	0.00	0.00	1.00	0.00	1	5471	0
25	14:06:08	14:06:16	scan	0.53	0.22	54.80	8.44e-002	3.88e-002	495	15	548.78	183.28	0.00	0.00	1.00	0.00	-235.73	21.21	0.00	0.00	1.00	0.00	8.49e-003	7.27e-003	0.00	0.00	1.00	0.00	1	5474	0
28	14:06:17	14:06:26	scan	0.53	0.22	54.43	8.74e-002	3.95e-002	495	15	522.92	185.00	0.00	0.00	1.00	0.00	-228.08	21.41	0.00	0.00	1.00	0.00	1.79e-003	7.34e-003	0.00	0.00	1.00	0.00	1	5472	0
32	14:06:26	14:06:35	scan	0.53	0.22	54.51	7.84e-002	3.99e-002	495	15	491.12	186.04	0.00	0.00	1.00	0.00	-229.04	21.53	0.00	0.00	1.00	0.00	2.35e-003	7.38e-003	0.00	0.00	1.00	0.00	1	5468	0
36	14:06:35	14:06:44	scan	0.53	0.22	55.23	8.26e-002	4.17e-002	495	15	517.15	190.07	0.00	0.00	1.00	0.00	-227.03	22.00	0.00	0.00	1.00	0.00	1.02e-003	7.54e-003	0.00	0.00	1.00	0.00	1	5470	0
39	14:06:44	14:06:53	scan	0.54	0.23	56.28	9.40e-002	4.28e-002	495	15	556.46	192.60	0.00	0.00	1.00	0.00	-229.03	22.29	0.00	0.00	1.00	0.00	4.68e-003	7.64e-003	0.00	0.00	1.00	0.00	1	5470	0
43	14:06:54	14:07:02	scan	0.55	0.23	57.51	8.30e-002	4.02e-002	495	15	557.16	186.62	0.00	0.00	1.00	0.00	-237.78	21.60	0.00	0.00	1.00	0.00	-2.16e-004	7.41e-003	0.00	0.00	1.00	0.00	1	5471	0
46	14:07:03	14:07:11	scan	0.57	0.23	60.19	8.53e-002	3.88e-002	495	15	449.90	183.33	0.00	0.00	1.00	0.00	-238.58	21.22	0.00	0.00	1.00	0.00	-1.85e-003	7.27e-003	0.00	0.00	1.00	0.00	1	5459	0
50	14:07:12	14:07:20	scan	0.61	0.24	64.82	8.74e-002	4.00e-002	495	15	466.12	186.18	0.00	0.00	1.00	0.00	-228.44	21.55	0.00	0.00	1.00	0.00	-2.30e-003	7.39e-003	0.00	0.00	1.00	0.00	1	5465	0
54	14:07:21	14:07:29	scan	0.65	0.24	70.10	7.35e-002	3.76e-002	495	15	626.75	180.62	0.00	0.00	1.00	0.00	-246.61	20.91	0.00	0.00	1.00	0.00	-2.42e-003	7.17e-003	0.00	0.00	1.00	0.00	1	5463	0
57	14:07:30	14:07:38	scan	0.76	0.25	83.40	9.08e-002	4.25e-002	495	15	538.71	191.96	0.00	0.00	1.00	0.00	-247.74	22.22	0.00	0.00	1.00	0.00	-9.37e-003	7.62e-003	0.00	0.00	1.00	0.00	1	5464	0
61	14:07:39	14:07:48	scan	0.87	0.26	96.36	9.19e-002	4.68e-002	495	15	625.84	201.34	0.00	0.00	1.00	0.00	-235.01	23.30	0.00	0.00	1.00	0.00	-5.96e-003	7.99e-003	0.00	0.00	1.00	0.00	1	5465	0
64	14:07:48	14:07:57	scan	0.85	0.27	94.75	8.23e-002	4.11e-002	495	15	602.68	188.74	0.00	0.00	1.00	0.00	-231.39	21.85	0.00	0.00	1.00	0.00	-7.90e-003	7.49e-003	0.00	0.00	1.00	0.00	1	5460	0
68	14:07:57	14:08:06	scan	0.80	0.26	88.03	1.03e-001	4.59e-002	495	15	682.72	199.44	0.00	0.00	1.00	0.00	-237.66	23.08	0.00	0.00	1.00	0.00	-6.12e-003	7.91e-003	0.00	0.00	1.00	0.00	1	5457	0
72	14:08:07	14:08:15	scan	0.81	0.26	88.92	9.37e-002	4.36e-002	495	15	689.06	194.36	0.00	0.00	1.00	0.00	-255.27	22.50	0.00	0.00	1.00	0.00	-7.34e-003	7.71e-003	0.00	0.00	1.00	0.00	1	5457	0
75	14:08:16	14:08:24	scan	0.77	0.26	84.84	8.55e-002	4.21e-002	495	15	560.45	191.01	0.00	0.00	1.00	0.00	-252.81	22.11	0.00	0.00	1.00	0.00	-9.99e-003	7.58e-003	0.00	0.00	1.00	0.00	1	5458	0
79	14:08:25	14:08:33	scan	0.83	0.26	92.38	9.32e-002	4.40e-002	495	15	543.78	195.32	0.00	0.00	1.00	0.00	-248.35	22.61	0.00	0.00	1.00	0.00	-7.28e-003	7.75e-003	0.00	0.00	1.00	0.00	1	5458	0
82	14:08:34	14:08:42	scan	0.90	0.26	100.08	9.64e-002	4.72e-002	495	15	655.55	202.18	0.00	0.00	1.00	0.00	-249.95	23.40	0.00	0.00	1.00	0.00	-1.15e-002	8.02e-003	0.00	0.00	1.00	0.00	1	5457	0
86	14:08:43	14:08:51	scan	0.94	0.27	105.80	8.57e-002	4.34e-002	495	15	645.60	194.04	0.00	0.00	1.00	0.00	-253.62	22.46	0.00	0.00	1.00	0.00	-1.47e-002	7.70e-003	0.00	0.00	1.00	0.00	1	5457	0
90	14:08:52	14:09:01	scan	0.81	0.24	89.85	9.02e-002	4.38e-002	495	15	703.63	194.79	0.00	0.00	1.00	0.00	-245.11	22.55	0.00	0.00	1.00	0.00	-1.14e-002	7.73e-003	0.00	0.00	1.00	0.00	1	5458	0
</spectraldata>
