<scaninformation>
	date=31.03.2016
	starttime=19:49:58
	compass=54.4
	tilt=0.0
	lat=11.981426
	long=-86.181464
	alt=382.824
	volcano=masaya
	site=caracol
	observatory=ineter
	serial=D2J2124
	spectrometer=S2000
	channel=0
	coneangle=90.0
	interlacesteps=1
	startchannel=0
	spectrumlength=2048
	flux=7.78
	battery=12.40
	temperature=38.12
	mode=plume
	instrumenttype=gothenburg
	version=2.2
	softwareversion=2.00
	compiledate=Oct  2 2009
</scaninformation>
<fluxinfo>
	flux=7.7820
	windspeed=10.0000
	winddirection=54.4000
	plumeheight=253.46
	windspeedsource=default
	winddirectionsource=default
	plumeheightsource=default
	compasssource=user
	plumecompleteness=1.00
	plumecentre=-12.68
	plumeedge1=-57.00
	plumeedge2=28.00
</fluxinfo>
#scanangle	starttime	stoptime	name	specsaturation	fitsaturation	counts_ms	delta	chisquare	exposuretime	numspec	column(O3)	columnerror(O3)	shift(O3)	shifterror(O3)	squeeze(O3)	squeezeerror(O3)	column(SO2)	columnerror(SO2)	shift(SO2)	shifterror(SO2)	squeeze(SO2)	squeezeerror(SO2)	column(RING)	columnerror(RING)	shift(RING)	shifterror(RING)	squeeze(RING)	squeezeerror(RING)	isgoodpoint	offset	flag
<spectraldata>
0	19:49:58	19:50:02	sky	0.66	0.20	163.30	0.00e+000	0.00e+000	220	15	0.0	0.0	0.0	0.0	0.0	0.0	0.0	0.0	0.0	0.0	0.0	0.0	0.0	0.0	0.0	0.0	0.0	0.0	1	4392	0
180	19:50:33	19:50:37	dark	0.13	0.08	15.66	0.00e+000	0.00e+000	220	15	0.0	0.0	0.0	0.0	0.0	0.0	0.0	0.0	0.0	0.0	0.0	0.0	0.0	0.0	0.0	0.0	0.0	0.0	1	4394	0
-90	19:50:53	19:50:57	scan	0.13	0.08	16.94	4.38e+000	4.70e+001	220	15	111.64	6385.33	0.00	0.00	1.00	0.00	-2271.25	739.05	0.00	0.00	1.00	0.00	-0.30	0.25	0.00	0.00	1.00	0.00	0	4399	0
-86	19:50:57	19:51:02	scan	0.13	0.08	15.14	3.41e+000	2.57e+001	220	15	-343.26	4723.30	0.00	0.00	1.00	0.00	-1940.32	546.69	0.00	0.00	1.00	0.00	-0.33	0.19	0.00	0.00	1.00	0.00	0	4398	0
-82	19:51:02	19:51:06	scan	0.13	0.08	16.04	1.53e+000	7.59e+000	220	15	2163.40	2564.21	0.00	0.00	1.00	0.00	-1117.58	296.79	0.00	0.00	1.00	0.00	-0.07	0.10	0.00	0.00	1.00	0.00	0	4392	0
-79	19:51:07	19:51:11	scan	0.13	0.09	17.03	1.27e+000	5.05e+000	220	15	896.45	2092.51	0.00	0.00	1.00	0.00	-583.22	242.19	0.00	0.00	1.00	0.00	2.33e-003	8.30e-002	0.00	0.00	1.00	0.00	0	4392	0
-75	19:51:12	19:51:16	scan	0.13	0.09	17.45	9.63e-001	3.48e+000	220	15	817.45	1737.25	0.00	0.00	1.00	0.00	-599.06	201.07	0.00	0.00	1.00	0.00	1.97e-003	6.89e-002	0.00	0.00	1.00	0.00	0	4393	0
-72	19:51:17	19:51:21	scan	0.14	0.09	18.67	5.93e-001	1.56e+000	220	15	1445.35	1163.48	0.00	0.00	1.00	0.00	-985.88	134.66	0.00	0.00	1.00	0.00	-4.40e-003	4.62e-002	0.00	0.00	1.00	0.00	0	4394	0
-68	19:51:22	19:51:26	scan	0.14	0.09	19.15	4.91e-001	1.08e+000	220	15	1375.23	968.44	0.00	0.00	1.00	0.00	-765.21	112.09	0.00	0.00	1.00	0.00	1.69e-002	3.84e-002	0.00	0.00	1.00	0.00	0	4400	0
-64	19:51:27	19:51:31	scan	0.16	0.09	24.87	3.98e-001	7.34e-001	220	15	1940.12	797.37	0.00	0.00	1.00	0.00	-702.15	92.29	0.00	0.00	1.00	0.00	8.96e-004	3.16e-002	0.00	0.00	1.00	0.00	0	4391	0
-61	19:51:31	19:51:36	scan	0.17	0.09	27.03	3.24e-001	4.78e-001	220	15	1445.37	643.94	0.00	0.00	1.00	0.00	-599.08	74.53	0.00	0.00	1.00	0.00	2.72e-002	2.56e-002	0.00	0.00	1.00	0.00	0	4386	0
-57	19:51:36	19:51:41	scan	0.19	0.10	31.99	2.92e-001	2.80e-001	220	15	1450.37	492.61	0.00	0.00	1.00	0.00	-703.65	57.02	0.00	0.00	1.00	0.00	2.84e-002	1.95e-002	0.00	0.00	1.00	0.00	1	4390	0
-54	19:51:41	19:51:46	scan	0.22	0.11	41.24	2.20e-001	1.50e-001	220	15	1280.34	361.12	0.00	0.00	1.00	0.00	-693.29	41.80	0.00	0.00	1.00	0.00	4.02e-002	1.43e-002	0.00	0.00	1.00	0.00	1	4387	0
-50	19:51:46	19:51:51	scan	0.29	0.12	60.44	1.70e-001	1.25e-001	220	15	1537.72	329.55	0.00	0.00	1.00	0.00	-687.48	38.14	0.00	0.00	1.00	0.00	4.23e-002	1.31e-002	0.00	0.00	1.00	0.00	1	4390	0
-46	19:51:51	19:51:56	scan	0.34	0.14	75.47	1.45e-001	8.24e-002	220	15	1053.04	267.23	0.00	0.00	1.00	0.00	-608.86	30.93	0.00	0.00	1.00	0.00	2.78e-002	1.06e-002	0.00	0.00	1.00	0.00	1	4392	0
-43	19:51:56	19:52:01	scan	0.37	0.14	84.55	1.34e-001	6.22e-002	220	15	1104.43	232.17	0.00	0.00	1.00	0.00	-516.34	26.87	0.00	0.00	1.00	0.00	3.41e-002	9.21e-003	0.00	0.00	1.00	0.00	1	4394	0
-39	19:52:01	19:52:05	scan	0.40	0.15	90.31	1.16e-001	6.16e-002	220	15	897.31	231.15	0.00	0.00	1.00	0.00	-469.25	26.75	0.00	0.00	1.00	0.00	3.04e-002	9.17e-003	0.00	0.00	1.00	0.00	1	4396	0
-36	19:52:06	19:52:10	scan	0.41	0.15	94.58	1.18e-001	4.76e-002	220	15	802.12	203.21	0.00	0.00	1.00	0.00	-386.30	23.52	0.00	0.00	1.00	0.00	2.87e-002	8.06e-003	0.00	0.00	1.00	0.00	1	4388	0
-32	19:52:11	19:52:15	scan	0.42	0.16	97.96	8.40e-002	3.12e-002	220	15	694.67	164.53	0.00	0.00	1.00	0.00	-315.96	19.04	0.00	0.00	1.00	0.00	3.10e-002	6.53e-003	0.00	0.00	1.00	0.00	1	4389	0
-28	19:52:16	19:52:20	scan	0.44	0.16	102.06	9.87e-002	3.48e-002	220	15	572.64	173.59	0.00	0.00	1.00	0.00	-287.02	20.09	0.00	0.00	1.00	0.00	2.61e-002	6.89e-003	0.00	0.00	1.00	0.00	1	4390	0
-25	19:52:21	19:52:25	scan	0.44	0.16	103.37	8.72e-002	2.47e-002	220	15	552.38	146.25	0.00	0.00	1.00	0.00	-260.08	16.93	0.00	0.00	1.00	0.00	2.11e-002	5.80e-003	0.00	0.00	1.00	0.00	1	4389	0
-21	19:52:26	19:52:30	scan	0.46	0.17	107.35	9.62e-002	2.65e-002	220	15	363.07	151.42	0.00	0.00	1.00	0.00	-157.87	17.53	0.00	0.00	1.00	0.00	2.30e-002	6.01e-003	0.00	0.00	1.00	0.00	1	4385	0
-18	19:52:31	19:52:35	scan	0.48	0.17	113.54	6.39e-002	1.71e-002	220	15	202.69	121.75	0.00	0.00	1.00	0.00	-120.58	14.09	0.00	0.00	1.00	0.00	1.34e-002	4.83e-003	0.00	0.00	1.00	0.00	1	4388	0
-14	19:52:36	19:52:40	scan	0.51	0.18	123.22	7.73e-002	2.27e-002	220	15	318.72	140.34	0.00	0.00	1.00	0.00	-171.93	16.24	0.00	0.00	1.00	0.00	1.06e-002	5.57e-003	0.00	0.00	1.00	0.00	1	4392	0
-10	19:52:41	19:52:45	scan	0.56	0.18	135.84	7.52e-002	2.01e-002	220	15	570.80	132.13	0.00	0.00	1.00	0.00	-254.24	15.29	0.00	0.00	1.00	0.00	5.48e-003	5.24e-003	0.00	0.00	1.00	0.00	1	4396	0
-7	19:52:46	19:52:50	scan	0.61	0.19	149.45	6.88e-002	2.47e-002	220	15	495.37	146.30	0.00	0.00	1.00	0.00	-241.42	16.93	0.00	0.00	1.00	0.00	1.05e-002	5.81e-003	0.00	0.00	1.00	0.00	1	4389	0
-3	19:52:51	19:52:55	scan	0.66	0.20	164.46	7.56e-002	2.25e-002	220	15	276.13	139.62	0.00	0.00	1.00	0.00	-199.46	16.16	0.00	0.00	1.00	0.00	1.73e-003	5.54e-003	0.00	0.00	1.00	0.00	1	4391	0
0	19:52:56	19:53:00	scan	0.73	0.21	183.30	6.92e-002	2.21e-002	220	15	578.46	138.48	0.00	0.00	1.00	0.00	-289.26	16.03	0.00	0.00	1.00	0.00	3.62e-003	5.50e-003	0.00	0.00	1.00	0.00	1	4387	0
3	19:53:01	19:53:05	scan	0.78	0.21	196.82	7.29e-002	2.48e-002	220	15	503.63	146.57	0.00	0.00	1.00	0.00	-275.94	16.96	0.00	0.00	1.00	0.00	-3.04e-003	5.82e-003	0.00	0.00	1.00	0.00	1	4389	0
7	19:53:06	19:53:10	scan	0.82	0.22	207.97	8.70e-002	2.99e-002	220	15	551.27	160.94	0.00	0.00	1.00	0.00	-342.33	18.63	0.00	0.00	1.00	0.00	-2.92e-003	6.39e-003	0.00	0.00	1.00	0.00	1	4396	0
10	19:53:11	19:53:15	scan	0.85	0.23	217.17	1.06e-001	3.76e-002	220	15	854.95	180.48	0.00	0.00	1.00	0.00	-413.52	20.89	0.00	0.00	1.00	0.00	-3.53e-003	7.16e-003	0.00	0.00	1.00	0.00	1	4388	0
14	19:53:16	19:53:20	scan	0.95	0.24	244.50	9.96e-002	4.57e-002	220	15	891.47	199.05	0.00	0.00	1.00	0.00	-458.10	23.04	0.00	0.00	1.00	0.00	-7.50e-003	7.90e-003	0.00	0.00	1.00	0.00	1	4387	0
18	19:53:20	19:53:25	scan	1.00	0.26	258.31	1.19e-001	6.46e-002	220	15	1028.61	236.54	0.00	0.00	1.00	0.00	-560.64	27.38	0.00	0.00	1.00	0.00	-9.73e-003	9.39e-003	0.00	0.00	1.00	0.00	1	4379	0
21	19:53:25	19:53:30	scan	0.94	0.25	241.24	1.46e-001	8.92e-002	220	15	1254.48	278.01	0.00	0.00	1.00	0.00	-668.18	32.18	0.00	0.00	1.00	0.00	-8.70e-003	1.10e-002	0.00	0.00	1.00	0.00	1	4387	0
25	19:53:30	19:53:35	scan	0.90	0.25	232.11	1.41e-001	1.07e-001	220	15	1438.88	304.92	0.00	0.00	1.00	0.00	-741.05	35.29	0.00	0.00	1.00	0.00	-4.08e-003	1.21e-002	0.00	0.00	1.00	0.00	1	4396	0
28	19:53:35	19:53:40	scan	0.82	0.24	210.28	1.58e-001	1.33e-001	220	15	1691.42	339.43	0.00	0.00	1.00	0.00	-847.36	39.29	0.00	0.00	1.00	0.00	-2.88e-003	1.35e-002	0.00	0.00	1.00	0.00	1	4385	0
32	19:53:40	19:53:45	scan	0.74	0.22	186.17	1.79e-001	1.52e-001	220	15	1815.25	363.14	0.00	0.00	1.00	0.00	-921.52	42.03	0.00	0.00	1.00	0.00	2.57e-003	1.44e-002	0.00	0.00	1.00	0.00	1	4393	0
36	19:53:45	19:53:50	scan	0.65	0.21	161.56	1.80e-001	1.69e-001	220	15	1944.49	382.72	0.00	0.00	1.00	0.00	-982.72	44.30	0.00	0.00	1.00	0.00	3.78e-003	1.52e-002	0.00	0.00	1.00	0.00	1	4387	0
39	19:53:50	19:53:54	scan	0.61	0.21	151.70	1.82e-001	1.75e-001	220	15	2015.78	389.38	0.00	0.00	1.00	0.00	-987.30	45.07	0.00	0.00	1.00	0.00	3.56e-003	1.55e-002	0.00	0.00	1.00	0.00	1	4388	0
43	19:53:55	19:53:59	scan	0.58	0.20	142.80	1.82e-001	1.80e-001	220	15	2037.98	394.93	0.00	0.00	1.00	0.00	-1024.36	45.71	0.00	0.00	1.00	0.00	1.12e-002	1.57e-002	0.00	0.00	1.00	0.00	1	4390	0
46	19:54:00	19:54:04	scan	0.54	0.19	131.79	1.87e-001	1.84e-001	220	15	1944.82	399.57	0.00	0.00	1.00	0.00	-1041.23	46.25	0.00	0.00	1.00	0.00	7.44e-003	1.59e-002	0.00	0.00	1.00	0.00	1	4389	0
50	19:54:05	19:54:09	scan	0.50	0.19	118.57	1.97e-001	1.84e-001	220	15	2068.11	399.78	0.00	0.00	1.00	0.00	-1047.35	46.27	0.00	0.00	1.00	0.00	9.39e-003	1.59e-002	0.00	0.00	1.00	0.00	1	4386	0
54	19:54:10	19:54:14	scan	0.45	0.18	106.88	1.92e-001	1.87e-001	220	15	2131.03	403.02	0.00	0.00	1.00	0.00	-1053.65	46.65	0.00	0.00	1.00	0.00	1.81e-002	1.60e-002	0.00	0.00	1.00	0.00	1	4380	0
57	19:54:15	19:54:19	scan	0.40	0.17	91.13	2.03e-001	1.92e-001	220	15	2017.04	407.83	0.00	0.00	1.00	0.00	-1053.49	47.20	0.00	0.00	1.00	0.00	2.15e-002	1.62e-002	0.00	0.00	1.00	0.00	1	4392	0
61	19:54:20	19:54:24	scan	0.37	0.16	82.40	2.00e-001	1.86e-001	220	15	1976.69	401.28	0.00	0.00	1.00	0.00	-1063.09	46.44	0.00	0.00	1.00	0.00	2.54e-002	1.59e-002	0.00	0.00	1.00	0.00	1	4385	0
64	19:54:25	19:54:29	scan	0.36	0.16	79.27	1.87e-001	1.96e-001	220	15	2190.24	411.71	0.00	0.00	1.00	0.00	-1073.00	47.65	0.00	0.00	1.00	0.00	2.60e-002	1.63e-002	0.00	0.00	1.00	0.00	1	4387	0
68	19:54:30	19:54:34	scan	0.34	0.16	76.30	1.85e-001	1.86e-001	220	15	2156.60	401.37	0.00	0.00	1.00	0.00	-1051.67	46.46	0.00	0.00	1.00	0.00	2.41e-002	1.59e-002	0.00	0.00	1.00	0.00	1	4392	0
72	19:54:35	19:54:39	scan	0.33	0.16	73.49	1.86e-001	1.93e-001	220	15	2041.51	409.41	0.00	0.00	1.00	0.00	-1060.84	47.39	0.00	0.00	1.00	0.00	2.93e-002	1.62e-002	0.00	0.00	1.00	0.00	1	4381	0
75	19:54:40	19:54:44	scan	0.33	0.15	71.91	1.88e-001	1.97e-001	220	15	2153.06	413.58	0.00	0.00	1.00	0.00	-1055.25	47.87	0.00	0.00	1.00	0.00	3.31e-002	1.64e-002	0.00	0.00	1.00	0.00	1	4382	0
79	19:54:45	19:54:49	scan	0.32	0.15	70.77	1.81e-001	1.93e-001	220	15	2218.04	409.09	0.00	0.00	1.00	0.00	-1076.57	47.35	0.00	0.00	1.00	0.00	3.49e-002	1.62e-002	0.00	0.00	1.00	0.00	1	4382	0
82	19:54:50	19:54:54	scan	0.32	0.15	69.55	1.96e-001	1.92e-001	220	15	2081.09	408.31	0.00	0.00	1.00	0.00	-1073.24	47.26	0.00	0.00	1.00	0.00	3.56e-002	1.62e-002	0.00	0.00	1.00	0.00	1	4382	0
86	19:54:55	19:54:59	scan	0.31	0.15	67.13	1.94e-001	2.01e-001	220	15	2146.92	416.94	0.00	0.00	1.00	0.00	-1084.22	48.26	0.00	0.00	1.00	0.00	3.71e-002	1.65e-002	0.00	0.00	1.00	0.00	1	4380	0
90	19:55:00	19:55:04	scan	0.31	0.15	66.30	2.02e-001	1.91e-001	220	15	2126.00	406.49	0.00	0.00	1.00	0.00	-1078.96	47.05	0.00	0.00	1.00	0.00	4.36e-002	1.61e-002	0.00	0.00	1.00	0.00	1	4385	0
</spectraldata>
