278.848	0
278.931	0
279.014	0
279.097	0
279.18	0
279.264	0
279.347	0
279.43	0
279.513	0
279.596	0
279.679	0
279.762	0
279.845	0
279.928	0
280.011	0
280.094	0
280.177	0
280.26	0
280.343	0
280.426	0
280.509	0
280.592	0
280.675	0
280.758	0
280.841	0
280.924	0
281.007	0
281.09	0
281.173	0
281.256	0
281.339	0
281.422	0
281.505	0
281.588	0
281.671	0
281.754	0
281.836	0
281.919	0
282.002	0
282.085	0
282.168	0
282.251	0
282.334	0
282.416	0
282.499	0
282.582	0
282.665	0
282.748	0
282.831	0
282.913	0
282.996	0
283.079	0
283.162	0
283.244	0
283.327	0
283.41	0
283.493	0
283.575	0
283.658	0
283.741	0
283.824	0
283.906	0
283.989	0
284.072	0
284.154	0
284.237	0
284.32	0
284.402	0
284.485	0
284.568	0
284.65	0
284.733	0
284.816	0
284.898	0
284.981	0
285.063	0
285.146	0
285.229	0
285.311	0
285.394	0
285.476	0
285.559	0
285.641	0
285.724	0
285.806	0
285.889	0
285.971	0
286.054	0
286.136	0
286.219	0
286.301	0
286.384	0
286.466	0
286.549	0
286.631	0
286.714	0
286.796	0
286.879	0
286.961	0
287.043	0
287.126	0
287.208	0
287.291	0
287.373	0
287.455	0
287.538	0
287.62	0
287.702	0
287.785	0
287.867	0
287.95	0
288.032	0
288.114	0
288.196	0
288.279	0
288.361	0
288.443	0
288.526	0
288.608	0
288.69	0
288.772	0
288.855	0
288.937	0
289.019	0
289.101	0
289.184	0
289.266	0
289.348	0
289.43	0
289.512	0
289.594	0
289.677	0
289.759	0
289.841	0
289.923	0
290.005	0
290.087	0
290.169	0
290.252	0
290.334	0
290.416	0
290.498	0
290.58	0
290.662	0
290.744	0
290.826	0
290.908	0
290.99	0
291.072	0
291.154	0
291.236	0
291.318	0
291.4	0
291.482	0
291.564	0
291.646	0
291.728	0
291.81	0
291.892	0
291.974	0
292.056	0
292.138	0
292.22	0
292.302	0
292.384	0
292.465	0
292.547	0
292.629	0
292.711	0
292.793	0
292.875	0
292.957	0
293.038	0
293.12	0
293.202	0
293.284	0
293.366	0
293.447	0
293.529	0
293.611	0
293.693	0
293.775	0
293.856	0
293.938	0
294.02	0
294.101	0
294.183	1.44635280092565
294.265	0.565941654971031
294.347	0.374839869417312
294.428	0.127487379972987
294.51	0.0778502904705583
294.592	-0.00597646480404968
294.673	-0.0050444699296667
294.755	-0.0223315823333305
294.837	0.313334280988197
294.918	0.243048465078345
295	0.233646475838796
295.081	0.226083912896653
295.163	0.23516577618089
295.245	0.290590248606401
295.326	0.354762070892319
295.408	0.384021190480467
295.489	0.381744001898391
295.571	0.309408453601031
295.653	0.139708275110043
295.734	-0.0671571257798043
295.816	-0.227856254696012
295.897	-0.35512457169613
295.979	-0.434152475309027
296.06	-0.473456440439989
296.142	-0.469602769820078
296.223	-0.380631445031308
296.305	-0.220311798931248
296.386	-0.0814922126567655
296.468	0.0359887714467008
296.549	0.127333196093121
296.631	0.192668552494661
296.712	0.228980513326416
296.794	0.223140563849917
296.875	0.207970466697983
296.956	0.202854768978183
297.038	0.176841955481215
297.119	0.138286243530276
297.201	0.0869165064978663
297.282	0.0273662718837677
297.363	-0.0518607465273099
297.445	-0.157939674381959
297.526	-0.249972515472163
297.607	-0.303235232661045
297.689	-0.315050656593675
297.77	-0.274020812907331
297.851	-0.196561679970913
297.933	-0.0793436130432993
298.014	0.0475815190577394
298.095	0.155897088304873
298.177	0.245910632655701
298.258	0.296795544667824
298.339	0.319632882245689
298.42	0.312611778885653
298.502	0.260734519716112
298.583	0.182872927505889
298.664	0.0830979997782306
298.745	-0.0211724644825179
298.827	-0.111410216214132
298.908	-0.181028344027309
298.989	-0.207617999503331
299.07	-0.19106138797207
299.151	-0.172310268120934
299.233	-0.159494133287472
299.314	-0.16539829005455
299.395	-0.18249781431417
299.476	-0.182339006084629
299.557	-0.161401790331391
299.638	-0.105150087854034
299.72	-0.00365779593818174
299.801	0.092924513839058
299.882	0.193193873122474
299.963	0.264061460373829
300.044	0.283100868593992
300.125	0.25709134060504
300.206	0.189622817813835
300.287	0.115248013944141
300.368	0.0507630804258598
300.449	-0.0100817610506452
300.53	-0.0491328944439555
300.611	-0.0732061762155696
300.692	-0.0953502036331556
300.773	-0.111771508132402
300.854	-0.148413125364638
300.935	-0.2106403598525
301.016	-0.27597371681807
301.097	-0.333159270138392
301.178	-0.358793112055637
301.259	-0.351040713223297
301.34	-0.310774235160451
301.421	-0.225173221791363
301.502	-0.108286299516625
301.583	0.0379564769789114
301.664	0.211048486014291
301.745	0.356238668477312
301.826	0.43441820973905
301.906	0.463203334287022
301.987	0.454417965904139
302.068	0.421097872768547
302.149	0.354399171757449
302.23	0.253683423994935
302.311	0.144830093801559
302.392	0.0542885845873685
302.472	-0.0195350678260325
302.553	-0.0752512057213153
302.634	-0.122976080218894
302.715	-0.18523254194634
302.795	-0.239002020901499
302.876	-0.274186512239756
302.957	-0.290368958541172
303.038	-0.296829204101594
303.119	-0.307298003486632
303.199	-0.312843194280679
303.28	-0.287483785764989
303.361	-0.19802388246931
303.441	-0.102826666474097
303.522	-0.0251072264622829
303.603	0.0461214202147887
303.683	0.110696284009351
303.764	0.16740731117748
303.845	0.184456259285875
303.925	0.160979456952612
304.006	0.133429054377205
304.087	0.106076537806923
304.167	0.072862892306641
304.248	0.0404688104442528
304.328	0.0209294990314806
304.409	0.0184849479226936
304.49	0.0145414431923356
304.57	0.00871010088129704
304.651	0.00299427085673462
304.731	-0.00422553257965222
304.812	-0.0457241262604064
304.892	-0.121849138238088
304.973	-0.188901285059356
305.053	-0.216203040816806
305.134	-0.219003402491566
305.214	-0.199035380400744
305.295	-0.123819470705375
305.375	0.00274248477834806
305.456	0.118607555545653
305.536	0.21427877782058
305.617	0.265228795998782
305.697	0.283527897727064
305.778	0.270023582310323
305.858	0.208133521369522
305.939	0.116810461493987
306.019	0.015560454681297
306.099	-0.0746017822747628
306.18	-0.110979912870532
306.26	-0.0848389962676225
306.34	-0.0249839219703887
306.421	0.0298769803525639
306.501	0.0556133541348325
306.581	0.0503211452379658
306.662	0.0259589351213811
306.742	-0.0184405381888949
306.822	-0.0792694200655379
306.903	-0.137916582626036
306.983	-0.178844775091919
307.063	-0.183733319299979
307.144	-0.147202961324974
307.224	-0.104014340806138
307.304	-0.0831386297514498
307.384	-0.0750461537368965
307.465	-0.0673913509400569
307.545	-0.0664261471217024
307.625	-0.0759332572689241
307.705	-0.0879264769445837
307.785	-0.0704336234991057
307.865	-0.0351200185099212
307.946	-0.0173469219056418
308.026	-0.0103622975221603
308.106	-0.0254804674401613
308.186	-0.0566175779331249
308.266	-0.104110039795995
308.346	-0.164170898487129
308.426	-0.213913051231062
308.507	-0.25235152344088
308.587	-0.24984322117279
308.667	-0.197775617582314
308.747	-0.107933854849584
308.827	0.00650776997226598
308.907	0.131033649400783
308.987	0.215615742650724
309.067	0.263756203993457
309.147	0.28000072172027
309.227	0.271047773912008
309.307	0.251691238496127
309.387	0.190334346307288
309.467	0.113965135117065
309.547	0.0871680523575201
309.627	0.119777223655522
309.707	0.189215548412705
309.787	0.255865794464223
309.867	0.294727526038852
309.947	0.307332663187548
310.027	0.293660170082631
310.107	0.241490617306116
310.186	0.158937563612205
310.266	0.0445981130166303
310.346	-0.0914340919701098
310.426	-0.211227563166809
310.506	-0.297696555635055
310.586	-0.342860102873058
310.666	-0.350855761595656
310.745	-0.346657441926224
310.825	-0.32886836714674
310.905	-0.304319466652107
310.985	-0.26470064849725
311.065	-0.223111578792233
311.144	-0.202492119100769
311.224	-0.182467184837888
311.304	-0.151894002631728
311.384	-0.110921682501988
311.463	-0.0598214775719885
311.543	-0.0129524241363947
311.623	0.0399039089270811
311.703	0.0891801144110444
311.782	0.117144468333549
311.862	0.125993914383923
311.942	0.113069697257173
312.021	0.0900970421639999
312.101	0.0738226153552358
312.181	0.0621968680674936
312.26	0.0432902962339946
312.34	0.018633094661158
312.419	-0.000641067799071884
312.499	-0.00860065636639641
312.579	-0.0189412513323728
312.658	-0.0427388227307508
312.738	-0.0690768902296031
312.817	-0.0761779946521084
312.897	-0.061077673791388
312.976	-0.0257830475204794
313.056	0.0167476674898666
313.135	0.0389084051161572
313.215	0.049718715765511
313.294	0.0474434794996298
313.374	0.0238553351782641
313.453	-0.0190081609260956
313.533	-0.0875388253915745
313.612	-0.154455299215302
313.692	-0.209208786186639
313.771	-0.250358934344939
313.851	-0.246576614890436
313.93	-0.181485537059355
314.009	-0.0720519824801512
314.089	0.0338867652154596
314.168	0.115923735067822
314.248	0.173988448860244
314.327	0.207920892208923
314.406	0.211379557252829
314.486	0.167541193130765
314.565	0.0887071230996573
314.644	-0.000669240437751255
314.724	-0.0834358135184582
314.803	-0.142805399045859
314.882	-0.186226589381741
314.962	-0.208829603576178
315.041	-0.201763725874463
315.12	-0.181117263982831
315.199	-0.14525923615239
315.279	-0.0948185215137213
315.358	-0.032764526665506
315.437	0.0370166545834327
315.516	0.106086001185386
315.595	0.158822344127783
315.675	0.206966636177392
315.754	0.245113459123811
315.833	0.261002072986795
315.912	0.251131798803807
315.991	0.213629417684783
316.07	0.163206937389212
316.15	0.109244806397707
316.229	0.0507640958548868
316.308	-0.0106634525268653
316.387	-0.060504580508984
316.466	-0.0852240355194293
316.545	-0.103200309880845
316.624	-0.121175269738658
316.703	-0.14654441771703
316.782	-0.179138839116123
316.861	-0.212684845644711
316.94	-0.256137149597711
317.019	-0.297961361506667
317.098	-0.318682604381185
317.177	-0.31892922997048
317.256	-0.306088471342193
317.335	-0.276118235594931
317.414	-0.22082853609683
317.493	-0.139984298031329
317.572	-0.0406587510696492
317.651	0.0498715224836039
317.73	0.134003674323038
317.809	0.202630846781139
317.888	0.246216207690615
317.966	0.266750553015881
318.045	0.254787967282557
318.124	0.218481221224909
318.203	0.163174934552866
318.282	0.0962661019688525
318.361	0.0310322018993525
318.44	-0.0291612934949768
318.518	-0.0863487455476748
318.597	-0.136150665889764
318.676	-0.155819849275258
318.755	-0.144094179862838
318.833	-0.102577981527789
318.912	-0.0390838521050509
318.991	0.0203133744835506
319.07	0.0754267742909547
319.148	0.118952717541315
319.227	0.150056084718039
319.306	0.173055685272101
319.384	0.167903968345689
319.463	0.139295184908724
319.542	0.117040460209682
319.62	0.104898560360738
319.699	0.0895152050388614
319.778	0.055940750254205
319.856	0.0112231166138738
319.935	-0.0322923659331121
320.014	-0.0762135081275458
320.092	-0.132422557750594
320.171	-0.198373205890344
320.249	-0.261413037414856
320.328	-0.312101186568254
320.406	-0.347275405020587
320.485	-0.343367664474974
320.563	-0.30283286675969
320.642	-0.239065328591643
320.72	-0.157657148160275
320.799	-0.0663118768723425
320.877	0.0153729465794844
320.956	0.0909412021664555
321.034	0.149313331222916
321.113	0.180390053155837
321.191	0.188697314816925
321.27	0.178135287296324
321.348	0.155656070689936
321.426	0.116570293067985
321.505	0.0594366478910098
321.583	-0.000334116059592991
321.662	-0.0564626170188973
321.74	-0.096128058861581
321.818	-0.118835299828921
321.897	-0.13154242209124
321.975	-0.128880443964931
322.053	-0.120865731705726
322.132	-0.0978629120386985
322.21	-0.0584630764566278
322.288	-0.0262426336343877
322.366	0.00644904430676752
322.445	0.04903997346579
322.523	0.0958299545142228
322.601	0.134066917549061
322.679	0.148072290667733
322.758	0.144307011217851
322.836	0.128312658051035
322.914	0.106543288439601
322.992	0.084349259799297
323.07	0.0698208038734108
323.148	0.0558395395037371
323.227	0.0589792642717117
323.305	0.0670579699504704
323.383	0.06246636724742
323.461	0.0546993223296723
323.539	0.034562283671457
323.617	-0.00369053230286078
323.695	-0.0452127643446387
323.773	-0.0901763795284028
323.851	-0.118781667990522
323.929	-0.123752884417915
324.007	-0.131525985404826
324.085	-0.142753210043686
324.163	-0.137514918640766
324.241	-0.110787681421701
324.319	-0.0604971274481321
324.397	0.0100115953210359
324.475	0.0759660897836044
324.553	0.129432634905571
324.631	0.175323315072707
324.709	0.211807533990863
324.787	0.232027072336938
324.865	0.22879550363798
324.943	0.206527959491452
325.021	0.1800554999106
325.099	0.150804081978187
325.177	0.113644062269347
325.254	0.0726032407854193
325.332	0.0245203437184599
325.41	-0.0331408004612571
325.488	-0.0986184607199139
325.566	-0.165357505689125
325.643	-0.210562734235555
325.721	-0.229980034859814
325.799	-0.229404612107
325.877	-0.221356430530271
325.954	-0.202974246073166
326.032	-0.170003089019742
326.11	-0.12972468048717
326.188	-0.0964025903523241
326.265	-0.0845056775670995
326.343	-0.0813532938365713
326.421	-0.081460274443785
326.498	-0.0893026528119008
326.576	-0.102859144282959
326.654	-0.112632980405687
326.731	-0.0944877792176257
326.809	-0.0609210977358032
326.887	-0.0266530146525093
326.964	0.0168550772682497
327.042	0.0599448087699304
327.119	0.083451595061527
327.197	0.0931032231530354
327.274	0.0851329229055861
327.352	0.0716962008440248
327.429	0.0628595163254405
327.507	0.0479468554964408
327.584	0.0370261086620794
327.662	0.0344719862652742
327.739	0.0268390597114569
327.817	0.0238321240900416
327.894	0.0263788304415098
327.972	0.0210440269217806
328.049	0.014068762558682
328.127	0.0129114807639788
328.204	0.027013798959746
328.281	0.0624592476400808
328.359	0.0942740870070551
328.436	0.119575103690772
328.514	0.13905372494107
328.591	0.140566157863051
328.668	0.130750102851989
328.746	0.104748843996957
328.823	0.058523667001675
328.9	0.00471930023464101
328.977	-0.0563969687088416
329.055	-0.114400839781601
329.132	-0.153378356304827
329.209	-0.183358148568993
329.287	-0.209703637661117
329.364	-0.232241513655956
329.441	-0.24383237598038
329.518	-0.246424470196353
329.595	-0.248573850415664
329.673	-0.250941118234242
329.75	-0.240174003913908
329.827	-0.206483782809036
329.904	-0.162898273289251
329.981	-0.122024186625654
330.058	-0.0766321880069206
330.135	-0.0134835353920469
330.212	0.0677878008182753
330.29	0.135650925714949
330.367	0.171814745286303
330.444	0.185965156341196
330.521	0.186377201668115
330.598	0.173745120120662
330.675	0.140851764667306
330.752	0.0812009192441372
330.829	0.0205155776627695
330.906	-0.0295722669677889
330.983	-0.0636641395809758
331.06	-0.0683849854410272
331.137	-0.056155320537196
331.214	-0.0397466669816249
331.291	-0.0304603007674337
331.368	-0.0279909138168598
331.444	-0.0318798465390565
331.521	-0.0436079251579279
331.598	-0.0582795998664289
331.675	-0.0717151177161189
331.752	-0.0700034805622151
331.829	-0.0377048573933982
331.906	0.00751877956223659
331.982	0.0471420575552177
332.059	0.074470056141176
332.136	0.077325104123986
332.213	0.0683049668984005
332.29	0.05488064198897
332.366	0.0213976296977466
332.443	-0.016282888944241
332.52	-0.0337273445306988
332.597	-0.034237127808076
332.673	-0.0287489866338835
332.75	-0.0199976527017281
332.827	-0.0138582838896241
332.903	-0.0154649219258682
332.98	-0.0168054589771228
333.057	-0.0209451409509783
333.133	-0.0121145699201668
333.21	0.0202843676145851
333.287	0.0557225662607348
333.363	0.0775498187075313
333.44	0.0952960639022489
333.516	0.101377623298181
333.593	0.099076035274584
333.669	0.0888221229771351
333.746	0.0641550775210313
333.823	0.0436254370640608
333.899	0.0211862265270793
333.976	0.00185759940358921
334.052	-0.0209024582577438
334.129	-0.0567140738572005
334.205	-0.0920335521662469
334.281	-0.122418734055959
334.358	-0.145008553271511
334.434	-0.125255867968589
334.511	-0.0563322911999053
334.587	0.0171129230599894
334.664	0.0720211922969114
334.74	0.103867517104763
334.816	0.109721625502366
334.893	0.094544562495368
334.969	0.0559609729297189
335.045	-0.0235297632904765
335.122	-0.115254504407241
335.198	-0.190203371317328
335.274	-0.24834209275094
335.351	-0.275630503016846
335.427	-0.266642438387289
335.503	-0.22525686883774
335.579	-0.150411252911513
335.656	-0.0457743646373149
335.732	0.0688565302217679
335.808	0.160535732886805
335.884	0.215448474319768
335.96	0.234160829817152
336.036	0.214790084788032
336.113	0.1649483610473
336.189	0.0947744163919009
336.265	0.00633869243243845
336.341	-0.0666707253356676
336.417	-0.0985593522047281
336.493	-0.0918351102089915
336.569	-0.0458730089828266
336.645	0.00458364593879265
336.721	0.054420007714883
336.797	0.105824681796136
336.874	0.149795982919634
336.95	0.170889111132801
337.026	0.168687747557196
337.102	0.13965137712893
337.177	0.0920282056332599
337.253	0.0286426349827011
337.329	-0.0581648234486605
337.405	-0.141452823176318
337.481	-0.189817871708137
337.557	-0.193352094607894
337.633	-0.135898125953345
337.709	-0.0574479022954565
337.785	0.00503602231422811
337.861	0.0599917988377156
337.937	0.0987874138991789
338.012	0.11975800503045
338.088	0.106791441702026
338.164	0.0570216832968751
338.24	-0.00500059028280209
338.316	-0.0505105568553145
338.391	-0.0773933259536216
338.467	-0.108120431283033
338.543	-0.13836165273646
338.619	-0.15043858457329
338.694	-0.134906466664453
338.77	-0.0884554823822546
338.846	-0.0196699693701039
338.922	0.0484426557593535
338.997	0.101465084667288
339.073	0.148979857545853
339.148	0.173473488701804
339.224	0.170754928975866
339.3	0.142892680586648
339.375	0.0812755757140709
339.451	-0.00386681790231541
339.527	-0.0871531076518392
339.602	-0.1694331773707
339.678	-0.236874899174448
339.753	-0.272151566572899
339.829	-0.284025275889251
339.904	-0.268793236120161
339.98	-0.230699527160427
340.055	-0.178665622967402
340.131	-0.115585899139799
340.206	-0.0607266632773527
340.282	-0.00854546070942312
340.357	0.0358377066639993
340.433	0.0632945416108295
340.508	0.0823149444746533
340.583	0.0831398819455405
340.659	0.0701734651842692
340.734	0.0611905229575259
340.809	0.0535526740991652
340.885	0.0618423771290451
340.96	0.0908148202580667
341.035	0.128409554489213
341.111	0.169168074475128
341.186	0.194639210698619
341.261	0.209279157953922
341.337	0.207038005027769
341.412	0.180970986277782
341.487	0.132808642268122
341.562	0.053822749616826
341.638	-0.0378636060386454
341.713	-0.108058963636427
341.788	-0.151982610850793
341.863	-0.163906303492274
341.938	-0.148916273541234
342.013	-0.116445990878057
342.089	-0.0803383626085129
342.164	-0.0443187713497026
342.239	-0.00352487057731575
342.314	0.0302304843800104
342.389	0.0376448740012118
342.464	0.0195948669688602
342.539	-0.0216164437074439
342.614	-0.0706262000340686
342.689	-0.115575738550087
342.764	-0.164919924893803
342.839	-0.204408827740694
342.914	-0.212513143952091
342.989	-0.202971651218883
343.064	-0.195011269321001
343.139	-0.181027385080956
343.214	-0.171291640826724
343.289	-0.161958996618746
343.364	-0.152032743642014
343.439	-0.160005146826237
343.514	-0.155601702472244
343.589	-0.101557520779543
343.664	0.00300181880688899
343.738	0.112063111542633
343.813	0.201269943241482
343.888	0.2737179721769
343.963	0.332761279031996
344.038	0.373773502914832
344.112	0.38198638152222
344.187	0.355133895523078
344.262	0.306618235777737
344.337	0.245340650844471
344.411	0.173488561684426
344.486	0.0902709196010021
344.561	0.00908469653218561
344.635	-0.0635973322881019
344.71	-0.133359555851193
344.785	-0.182060920086371
344.859	-0.190806482330939
344.934	-0.169017791587888
345.009	-0.152063848356972
345.083	-0.145827625111245
345.158	-0.140650129354255
345.232	-0.139649737929201
345.307	-0.143638781246032
345.382	-0.149261118280079
345.456	-0.149354249810582
345.531	-0.135758719452655
345.605	-0.0967341166079951
345.68	-0.0426611078444809
345.754	0.0222337715864864
345.829	0.0770877899453177
345.903	0.101248442149355
345.978	0.0977247073430449
346.052	0.0827252155884886
346.126	0.0709619483713965
346.201	0.0665382803758415
346.275	0.0417874890457428
346.35	0.00955490690883951
346.424	-0.0186570614197305
346.498	-0.0431851736430982
346.573	-0.0599497474858153
346.647	-0.0934818443919867
346.721	-0.13871781409255
346.796	-0.165443480899777
346.87	-0.16041281485837
346.944	-0.131358287519339
347.018	-0.0719724088795323
347.093	0.00326332159052821
347.167	0.0940191477056845
347.241	0.171678056389261
347.315	0.226573097125771
347.389	0.247081277478561
347.464	0.239637894632935
347.538	0.204961367977146
347.612	0.143001923163466
347.686	0.0592443934055012
347.76	-0.0397530864869769
347.834	-0.129627714659766
347.908	-0.184109946218586
347.982	-0.199481904842199
348.056	-0.196345011861679
348.13	-0.178198516899139
348.205	-0.164906798273732
348.279	-0.162593491592766
348.353	-0.167980105946311
348.427	-0.180183927466248
348.501	-0.183186243233471
348.574	-0.158139771701347
348.648	-0.10615492595532
348.722	-0.04672603953694
348.796	0.0134711461328465
348.87	0.0797945408208204
348.944	0.13054129544757
349.018	0.153260700602681
349.092	0.160767013379978
349.166	0.151292493982079
349.24	0.140644390341036
349.313	0.145450335736601
349.387	0.141813683339093
349.461	0.123611984143915
349.535	0.105094685036464
349.609	0.0799716778624221
349.682	0.0461355362997838
349.756	0.00526989971993269
349.83	-0.0417317792240834
349.903	-0.101484550734336
349.977	-0.153831593655152
350.051	-0.180698609103317
350.125	-0.193431290460243
350.198	-0.197356765627716
350.272	-0.192720279570608
350.345	-0.20022160909119
350.419	-0.201095960932828
350.493	-0.183249954663707
350.566	-0.151271955988034
350.64	-0.0997404294248393
350.713	-0.0628513578439441
350.787	-0.0327453440149784
350.86	0.00361907165150912
350.934	0.048436570902583
351.007	0.0979563696473107
351.081	0.134643476642163
351.154	0.141616757047718
351.228	0.12822595357117
351.301	0.105701029928864
351.375	0.0659313833226519
351.448	0.0167606861139062
351.522	-0.0405608530070326
351.595	-0.0973468703967509
351.668	-0.133714267230054
351.742	-0.134992516954485
351.815	-0.114906559268484
351.888	-0.076037959281046
351.962	-0.0134797018252314
352.035	0.0628770996950236
352.108	0.137634532753528
352.182	0.210970547644337
352.255	0.277733968223443
352.328	0.318869252582618
352.401	0.343182346790995
352.475	0.340988604009588
352.548	0.308992177421524
352.621	0.262693835631141
352.694	0.19446513039917
352.767	0.106631858815374
352.84	0.031995679427975
352.914	-0.0204337420501829
352.987	-0.0599114858856786
353.06	-0.0880621284740368
353.133	-0.109022535654026
353.206	-0.121413043218755
353.279	-0.129475587795233
353.352	-0.141884606927055
353.425	-0.159104285521959
353.498	-0.174558955910922
353.571	-0.178469042875126
353.644	-0.167556881138839
353.717	-0.145514040656109
353.79	-0.121293983535954
353.863	-0.104624997204993
353.936	-0.0986549070113641
354.009	-0.0929696260412443
354.082	-0.0875946853548791
354.155	-0.0900200142057931
354.228	-0.103969114428741
354.3	-0.121698697554669
354.373	-0.12754870268113
354.446	-0.126393787501002
354.519	-0.126141588832834
354.592	-0.125007558916418
354.664	-0.128601931018364
354.737	-0.131263848811597
354.81	-0.127530225792316
354.883	-0.127255975266065
354.955	-0.117331664687796
355.028	-0.0873789172987719
355.101	-0.0506538147905843
355.174	-0.0215187966795759
355.246	0.0053812720818584
355.319	0.0271047608329968
355.392	0.0390912788466328
355.464	0.048738527846357
355.537	0.0344761585637507
355.609	0.00397940285972688
355.682	-0.0262523222407464
355.755	-0.0656360423199958
355.827	-0.111396068718417
355.9	-0.159125825041324
355.972	-0.205500020450273
356.045	-0.217447555458024
356.117	-0.172588033105423
356.19	-0.105545123629462
356.262	-0.0381935981193707
356.335	0.0220984737868417
356.407	0.0741414864628858
356.479	0.126847168491385
356.552	0.184622307058154
356.624	0.224078147587182
356.697	0.232354122539396
356.769	0.232891165595439
356.841	0.230629543198359
356.914	0.219197691231364
356.986	0.200977133780079
357.058	0.155589108715648
357.131	0.0804579635480088
357.203	0.00313653713227949
357.275	-0.0749403225283175
357.347	-0.151872354017432
357.42	-0.195721627935656
357.492	-0.209282178916351
357.564	-0.204848963682508
357.636	-0.160221515942998
357.708	-0.0833233449244127
357.78	-0.00866846188830951
357.853	0.0532429671933018
357.925	0.0959579561811242
357.997	0.124319179767334
358.069	0.162538118843215
358.141	0.202636707949309
358.213	0.215970422952929
358.285	0.22541970911182
358.357	0.238471223205061
358.429	0.245345727226997
358.501	0.25187519661563
358.573	0.241217496695447
358.645	0.199081076443546
358.717	0.137707300943946
358.789	0.0591234473477852
358.861	-0.0237620442673433
358.933	-0.0860235641815906
359.005	-0.136944036178193
359.077	-0.182755133705239
359.149	-0.214538777613711
359.221	-0.237542326651612
359.292	-0.251765964136227
359.364	-0.260615345995705
359.436	-0.286526455022312
359.508	-0.319417649046824
359.58	-0.352527626584127
359.651	-0.382585423184077
359.723	-0.394999658300635
359.795	-0.376944708046611
359.867	-0.34160931111559
359.938	-0.293744585713301
360.01	-0.231664338898842
360.082	-0.157756340356649
360.153	-0.0732866386817526
360.225	-0.00125844823528299
360.297	0.0539831604285367
360.368	0.0938304627992363
360.44	0.13707475262398
360.511	0.182568067945295
360.583	0.211426953051602
360.655	0.223816802925028
360.726	0.216803920127285
360.798	0.203519713534141
360.869	0.189432294933312
360.941	0.16483457897654
361.012	0.121053849072859
361.084	0.06493770431558
361.155	0.00400959903903003
361.226	-0.0460704521267016
361.298	-0.0676794774866959
361.369	-0.0586089124183062
361.441	-0.0126279440576718
361.512	0.0524122180122443
361.583	0.108049796500577
361.655	0.154042989837231
361.726	0.187488226004663
361.797	0.202896149612005
361.869	0.195781669186628
361.94	0.15892374096648
362.011	0.0886722370237567
362.082	0.0074853541901538
362.154	-0.0719513390742023
362.225	-0.152280397714525
362.296	-0.223663123083951
362.367	-0.27799264889534
362.439	-0.323127543878397
362.51	-0.356768736520514
362.581	-0.360434910114209
362.652	-0.304753443434601
362.723	-0.194638249144181
362.794	-0.0792799216458177
362.865	0.0161263081525367
362.936	0.095294060432644
363.007	0.154598270319305
363.078	0.196168400525834
363.149	0.207591894799892
363.22	0.180511150505413
363.291	0.13092714441174
363.362	0.0766790161464772
363.433	0.0257812977446823
363.504	-0.0270400002209713
363.575	-0.0763580926152694
363.646	-0.119459674652933
363.717	-0.154340853084216
363.788	-0.177631464787371
363.859	-0.179854594604157
363.93	-0.164602979804943
364	-0.134826882825347
364.071	-0.0878254265585888
364.142	-0.0375563790517454
364.213	0.00883443422158082
364.284	0.0628029017490413
364.354	0.123034556371956
364.425	0.175015903337516
364.496	0.211990969675817
364.567	0.24145259806969
364.637	0.251577128052436
364.708	0.254613814254772
364.779	0.250908424211089
364.849	0.215990180074405
364.92	0.160612058605312
364.991	0.103112722217721
365.061	0.0410534803953938
365.132	-0.0182781425042403
365.202	-0.0648567302655734
365.273	-0.112340466066905
365.343	-0.146853935535304
365.414	-0.170420435729737
365.484	-0.193008537956062
365.555	-0.204661713717863
365.625	-0.213283631509104
365.696	-0.224690735991609
365.766	-0.225651670008562
365.837	-0.216994937922188
365.907	-0.201622792565854
365.978	-0.173566301543319
366.048	-0.145607107892945
366.118	-0.126338940412085
366.189	-0.106445475241971
366.259	-0.085499443324399
366.329	-0.0712263117545502
366.4	-0.0572008358637715
366.47	-0.0415677941575698
366.54	-0.0235866804374925
366.61	-0.00337058446916674
366.681	0.0128346025525521
366.751	0.014008915773291
366.821	0.00498947965411497
366.891	-0.00743994032224718
366.962	-0.0244775870467306
367.032	-0.0492722976442709
367.102	-0.0843784211460033
367.172	-0.115833832817575
367.242	-0.128003704667887
367.312	-0.114932219527993
367.382	-0.0829098871648714
367.452	-0.0501471608002088
367.522	-0.0128694744577341
367.592	0.0328170426636406
367.662	0.0725781277661601
367.732	0.102930060517812
367.802	0.12427765637056
367.872	0.131660940942199
367.942	0.13156721621716
368.012	0.129352536753127
368.082	0.119669122929301
368.152	0.112919755448171
368.222	0.117807260787451
368.292	0.136505048963281
368.362	0.163767465221307
368.432	0.185149829021346
368.501	0.201825127025507
368.571	0.204898727811947
368.641	0.185610124586208
368.711	0.152381837594078
368.781	0.102735998044889
368.85	0.0334298444187199
368.92	-0.0358262299277697
368.99	-0.0909763639887248
369.059	-0.137801748495107
369.129	-0.172243028692929
369.199	-0.190149994652861
369.268	-0.197481755169785
369.338	-0.196846829466109
369.408	-0.200795132242702
369.477	-0.221013257310396
369.547	-0.251133582551814
369.616	-0.279741498162127
369.686	-0.29776522002378
369.756	-0.305339613986607
369.825	-0.302769567951699
369.895	-0.282354323016407
369.964	-0.236250756098996
370.034	-0.167379190104861
370.103	-0.0785218810629961
370.172	0.0236990098510919
370.242	0.110940834620862
370.311	0.186290630981265
370.381	0.255887523246969
370.45	0.302354963190389
370.519	0.334974231224463
370.589	0.343148175449672
370.658	0.314313516530309
370.727	0.263252020106612
370.797	0.196936171564849
370.866	0.11279267156491
370.935	0.016431675521176
371.004	-0.0946247525102848
371.074	-0.21317238511333
371.143	-0.310902239254545
371.212	-0.380901903893978
371.281	-0.427739041253624
371.35	-0.439509491596804
371.42	-0.412967481346263
371.489	-0.340686483388713
371.558	-0.222119005249053
371.627	-0.0957750832141915
371.696	0.00795140622424092
371.765	0.104237522965586
371.834	0.182070513838906
371.903	0.229942923297008
371.972	0.247704443711877
372.041	0.230705081201526
372.11	0.172795247397369
372.179	0.0995083725355201
372.248	0.0280927190905283
372.317	-0.0383348482406459
372.386	-0.0917850293652536
372.455	-0.134867627027406
372.524	-0.166226375096855
372.593	-0.18666415347311
372.661	-0.192413026758261
372.73	-0.191312308865312
372.799	-0.193319452729565
372.868	-0.190413694166194
372.937	-0.1586628446492
373.005	-0.0919301392708608
373.074	0.00348546212487206
373.143	0.092989054667214
373.212	0.171989127263218
373.28	0.247374330773778
373.349	0.29613716674927
373.418	0.307411551270683
373.486	0.294712522568566
373.555	0.2449404321384
373.624	0.165557533195959
373.692	0.080422877734673
373.761	-0.0164037139891981
373.829	-0.120024472237379
373.898	-0.188791538036682
373.967	-0.215140637437532
374.035	-0.21639791003732
374.104	-0.169582899623335
374.172	-0.0909605672746418
374.241	-0.0190935563367785
374.309	0.0484172809143038
374.377	0.113490612000072
374.446	0.173067356912851
374.514	0.229764673466734
374.583	0.27302954889765
374.651	0.274729903841988
374.719	0.251527987587254
374.788	0.215422805086183
374.856	0.166617941163846
374.924	0.0958140387415296
374.993	-0.0013492826065064
375.061	-0.122864667317204
375.129	-0.243824584606817
375.197	-0.339419187897152
375.266	-0.392841041159388
375.334	-0.381543257675815
375.402	-0.313266893845925
375.47	-0.229837020410278
375.538	-0.149289880774978
375.606	-0.076101675095375
375.675	-0.0142330054385838
375.743	0.0360751307086703
375.811	0.0687746982116259
375.879	0.0798690194477587
375.947	0.0829900180403724
376.015	0.0833456944091569
376.083	0.0792971239415391
376.151	0.0851752097171385
376.219	0.0996680778140363
376.287	0.127332414653621
376.355	0.15899002912139
376.423	0.166811151520962
376.491	0.151209976839559
376.559	0.13152457997599
376.626	0.113222075754391
376.694	0.0888730553441567
376.762	0.053365736008859
376.83	0.00141108479257368
376.898	-0.0530247950299177
376.966	-0.0915622628488666
377.033	-0.117926148802536
377.101	-0.132966277441639
377.169	-0.136542065219471
377.237	-0.135707637235807
377.304	-0.130960481467518
377.372	-0.121660566378583
377.44	-0.109184705382518
377.507	-0.100274927011098
377.575	-0.100119961814543
377.643	-0.111798506276762
377.71	-0.129615870416978
377.778	-0.149357809765599
377.845	-0.167815334377951
377.913	-0.187917056236708
377.981	-0.20918629923638
378.048	-0.231890373723871
378.116	-0.238680649827148
378.183	-0.224064003286801
378.251	-0.19432673651566
378.318	-0.15374112909848
378.385	-0.102705599831791
378.453	-0.0579185093166618
378.52	-0.0131787764873191
378.588	0.0334981063299158
378.655	0.0630955200452682
378.722	0.0708759574695422
378.79	0.0703786270601321
378.857	0.0606764252513014
378.924	0.0499248216537662
378.992	0.0502126429915376
379.059	0.0605991988959068
379.126	0.0721321588780614
379.193	0.0826349922370362
379.261	0.101403187161029
379.328	0.126626810490471
379.395	0.156123761020411
379.462	0.187398269257712
379.529	0.209496980084409
379.596	0.211575682928389
379.664	0.197737073989909
379.731	0.182445911057924
379.798	0.156402965016979
379.865	0.111631971968308
379.932	0.0525998705965464
379.999	-0.0197214403538216
380.066	-0.0974880393523765
380.133	-0.158790448650362
380.2	-0.194055065198405
380.267	-0.207085672068844
380.334	-0.203444085151824
380.401	-0.193269382145448
380.468	-0.184073480085412
380.534	-0.18086120636882
380.601	-0.186830072017538
380.668	-0.199212039003514
380.735	-0.216682952844407
380.802	-0.236982400277753
380.869	-0.239675523512375
380.935	-0.219246114480605
381.002	-0.187541770379142
381.069	-0.136236247577553
381.136	-0.0702003797903394
381.202	-0.00529348227714472
381.269	0.0388375432175449
381.336	0.0628865354484183
381.402	0.0650840067759984
381.469	0.0553948371929367
381.536	0.0526825999285187
381.602	0.0618327862160934
381.669	0.063753208275398
381.735	0.0541071009788305
381.802	0.0460036689785942
381.869	0.0393545396469973
381.935	0.0384716533889098
382.002	0.0522572470861366
382.068	0.0641548796553972
382.135	0.0630908671827019
382.201	0.0659518874884851
382.267	0.0701307097399995
382.334	0.0846483842020543
382.4	0.106977101232766
382.467	0.124102686462436
382.533	0.131330157595405
382.599	0.124401388248757
382.666	0.100277838578982
382.732	0.0776376666680996
382.798	0.0702867217236328
382.865	0.068657679495431
382.931	0.0683699421777514
382.997	0.0767347157114247
383.063	0.0801118162214167
383.129	0.0787578446796377
383.196	0.0813385743397422
383.262	0.075469773741824
383.328	0.0649924900530941
383.394	0.0697026289943901
383.46	0.0807639246417543
383.526	0.0850211410971622
383.592	0.100999967220738
383.658	0.129292700473559
383.725	0.149363579940652
383.791	0.157414985703307
383.857	0.148541290251631
383.923	0.111518372406383
383.989	0.0578286245374561
384.054	0.000918308298448928
384.12	-0.0667475554948132
384.186	-0.144344598578235
384.252	-0.210740748836942
384.318	-0.260702533800798
384.384	-0.29840055273184
384.45	-0.317132907524222
384.516	-0.310420330705723
384.581	-0.282333261484331
384.647	-0.251034457326537
384.713	-0.22606265019954
384.779	-0.207715022792984
384.845	-0.190406013116602
384.91	-0.174225204792921
384.976	-0.158566479374744
385.042	-0.148927036109559
385.107	-0.14508428809244
385.173	-0.132031417602512
385.239	-0.101702495610979
385.304	-0.0686512437917309
385.37	-0.0251025666113645
385.435	0.031166309808416
385.501	0.0936420768718641
385.567	0.159633684543872
385.632	0.211948784267969
385.698	0.237304282485303
385.763	0.241880555879267
385.829	0.230025768491707
385.894	0.202815679230716
385.959	0.160330318630588
386.025	0.102133655489372
386.09	0.031836795050009
386.156	-0.0374019807536541
386.221	-0.100027079914554
386.286	-0.148866071332208
386.352	-0.178479892498966
386.417	-0.191558878829922
386.482	-0.194629092599852
386.548	-0.185050511378302
386.613	-0.172364383825665
386.678	-0.15435472455758
386.743	-0.122734049363633
386.808	-0.0811989393713902
386.874	-0.037889080709054
386.939	-0.00326941762370427
387.004	0.0194680426852217
387.069	0.0250632790676799
387.134	0.0178879227806315
387.199	0.00121260070509136
387.264	-0.020637011128369
387.329	-0.0385045614837112
387.394	-0.0380305146515432
387.459	-0.0245026106197196
387.524	-0.0114871339495705
387.589	0.00535537500301107
387.654	0.0244511330489366
387.719	0.0418576615048053
387.784	0.0614107049335979
387.849	0.0758415195245582
387.914	0.069521791893134
387.979	0.0483243116010988
388.044	0.034109667173256
388.109	0.0350722814534788
388.173	0.0524050171084383
388.238	0.0852250403414411
388.303	0.113645350641631
388.368	0.130767215219419
388.433	0.147733308454223
388.497	0.160988521576181
388.562	0.164018737868895
388.627	0.155604192805674
388.691	0.128401543149981
388.756	0.080566955060135
388.821	0.0283696972799036
388.885	-0.0172548686964964
388.95	-0.0634947056152748
389.014	-0.101535925782823
389.079	-0.120178675522328
389.144	-0.118725648479504
389.208	-0.113790246319331
389.273	-0.1052508868008
389.337	-0.0896926768561987
389.402	-0.075200841625391
389.466	-0.0657419710675129
389.53	-0.0504581098263621
389.595	-0.0365166953549265
389.659	-0.0363021366487609
389.724	-0.0351360148326578
389.788	-0.0220108675891278
389.852	-0.00230914383178479
389.917	0.0202676044495875
389.981	0.0419946826455236
390.045	0.0604981195651558
390.109	0.0817382597278901
390.174	0.110765117484482
390.238	0.137705926852359
390.302	0.15412031815259
390.366	0.152832029681114
390.431	0.137072956948612
390.495	0.113546639949095
390.559	0.0853488195101385
390.623	0.0427054117542242
390.687	-0.013185295814358
390.751	-0.074058616922053
390.815	-0.128681677610235
390.879	-0.173212952543847
390.943	-0.201027968899283
391.007	-0.219866320182716
391.071	-0.236147913096973
391.135	-0.249971264503996
391.199	-0.256643701557273
391.263	-0.256580782779908
391.327	-0.249406801936417
391.391	-0.239020870097522
391.455	-0.22609703386796
391.519	-0.211754469301195
391.582	-0.189186965985888
391.646	-0.161420347803849
391.71	-0.142492928166086
391.774	-0.130365180268252
391.838	-0.119299140470994
391.901	-0.11537793295109
391.965	-0.128483753236455
392.029	-0.148650690167058
392.092	-0.17487468297776
392.156	-0.20618328891396
392.22	-0.232898558507305
392.283	-0.243775200291928
392.347	-0.239650137475541
392.411	-0.219301559206545
392.474	-0.185630921684739
392.538	-0.13221821299738
392.601	-0.0679864821433578
392.665	0.00313037120969755
392.728	0.0791341127532946
392.792	0.165141094561383
392.855	0.252752775287535
392.919	0.342387859190997
392.982	0.425408442350167
393.046	0.493501732504067
393.109	0.538470690196219
393.172	0.564123442472889
393.236	0.569933491864522
393.299	0.554575687011644
393.362	0.515658957862358
393.426	0.448851187859645
393.489	0.357742004942494
393.552	0.251435276317633
393.615	0.140175341396461
393.679	0.0295204753416981
393.742	-0.0681489962489727
393.805	-0.147464760761045
393.868	-0.205188078677296
393.931	-0.237877030301624
393.994	-0.24520204108966
394.057	-0.243599683741974
394.121	-0.241065963236553
394.184	-0.241597977705644
394.247	-0.245872828541102
394.31	-0.24984229096645
394.373	-0.253449916054483
394.436	-0.265356095856131
394.499	-0.290748935960638
394.562	-0.320212139912159
394.625	-0.342951283333401
394.687	-0.357979105102783
394.75	-0.364711528653341
394.813	-0.362146694630953
394.876	-0.356439262449427
394.939	-0.35793509987487
395.002	-0.364984310746876
395.065	-0.372099143778107
395.127	-0.374912193168024
395.19	-0.370884545233072
395.253	-0.360109437739898
395.316	-0.357500224508028
395.378	-0.366587031054386
395.441	-0.378046410595567
395.504	-0.386686021562075
395.566	-0.387833283509215
395.629	-0.373523135452587
395.691	-0.338951856288044
395.754	-0.291398826919826
395.817	-0.248728055834327
395.879	-0.206879651213811
395.942	-0.162845206483149
396.004	-0.121046369589441
396.067	-0.073607450926152
396.129	-0.0199661745501489
396.192	0.0373700032585533
396.254	0.098025009190141
396.316	0.175520254670866
396.379	0.274512440346362
396.441	0.378165355889562
396.504	0.472325595080795
396.566	0.546679151233474
396.628	0.598474518365824
396.69	0.625291988286694
396.753	0.627306434741119
396.815	0.605435022161781
396.877	0.557134802469288
396.939	0.481448474447118
397.002	0.383051588658836
397.064	0.275952477503922
397.126	0.167339143975922
397.188	0.0649337910186898
397.25	-0.0234416732387116
397.312	-0.0982651786687551
397.374	-0.161552428340031
397.437	-0.219157918559551
397.499	-0.272421185197838
397.561	-0.320520597780826
397.623	-0.359904158588826
397.685	-0.390008452820902
397.747	-0.410319889104395
397.809	-0.420291958243849
397.87	-0.41960524222706
397.932	-0.406225851000378
397.994	-0.381726613297579
398.056	-0.351634605466009
398.118	-0.316408015070605
398.18	-0.277140076470224
398.242	-0.239086003754627
398.303	-0.207164814195187
398.365	-0.184147705263057
398.427	-0.167233705816822
398.489	-0.154786699039482
398.55	-0.142383956056518
398.612	-0.129887759499742
398.674	-0.121000589342799
398.735	-0.119276311015115
398.797	-0.121823789921011
398.859	-0.123525466224831
398.92	-0.120696159981395
398.982	-0.113691124040569
399.043	-0.104942704009263
399.105	-0.0918932241716461
399.166	-0.0743699940914067
399.228	-0.0513203140568621
399.289	-0.0200559718743196
399.351	0.0183807789669028
399.412	0.0536412448659237
399.474	0.0790115056980508
399.535	0.0920899101282386
399.597	0.0938201696317286
399.658	0.087314174065267
399.719	0.0751214649118384
399.781	0.055814780466796
399.842	0.0265164593079817
399.903	-0.00557179229240285
399.964	-0.0268506789722248
400.026	-0.0239665845429536
400.087	0.00601181831504989
400.148	0.0456789986838673
400.209	0.0782542173881441
400.27	0.108282753952077
400.332	0.129311015840908
400.393	0.138869296179165
400.454	0.141873071722708
400.515	0.136476844519217
400.576	0.109228132985949
400.637	0.0627672973381908
400.698	0.0111753249252954
400.759	-0.0387764805245716
400.82	-0.0861820652177533
400.881	-0.124627564339756
400.942	-0.150489386809223
401.003	-0.172300203042269
401.064	-0.194583196379721
401.125	-0.214779079600436
401.185	-0.230069541955699
401.246	-0.24110770194672
401.307	-0.245642844771992
401.368	-0.243507803856116
401.429	-0.239203109500506
401.489	-0.23595754531367
401.55	-0.223185412542927
401.611	-0.194507380845275
401.672	-0.156985518782494
401.732	-0.114409237978293
401.793	-0.0704904249181957
401.854	-0.0347896897037377
401.914	-0.00369655814678403
401.975	0.0291888141424101
402.035	0.058267532552483
402.096	0.0771095624062868
402.157	0.0827155008753238
402.217	0.0774496395390854
402.278	0.0621838472952451
402.338	0.0420552529666285
402.399	0.0239737590771028
402.459	0.010689149379166
402.519	0.00458742720062787
402.58	0.0174775612600046
402.64	0.0535716661881926
402.701	0.0986142620930857
402.761	0.140008231492147
402.821	0.189469634818133
402.882	0.243078005156047
402.942	0.285793718951687
403.002	0.318653492070348
403.062	0.341250129775332
403.123	0.334435209222534
403.183	0.304764978698248
403.243	0.263366481113256
403.303	0.213160190715369
403.363	0.144229586677065
403.423	0.0648820297293602
403.483	-0.0136395361896054
403.544	-0.0938721374720473
403.604	-0.16576948110917
403.664	-0.219108813560299
403.724	-0.250076275473215
403.784	-0.269624242540387
403.844	-0.272341611360709
403.904	-0.257172129679631
403.964	-0.224808627373473
404.023	-0.17480102093067
404.083	-0.103793159046537
404.143	-0.0173969992279125
404.203	0.0576221547468144
404.263	0.10850973377604
404.323	0.147790314996014
404.383	0.174659718773944
404.442	0.184558783546254
404.502	0.179681495503522
404.562	0.157411195941217
404.622	0.106701034832659
404.681	0.0309569358129238
404.741	-0.0493688637871899
404.801	-0.113648774003903
404.86	-0.160143844965733
404.92	-0.194396021833974
404.979	-0.208188154490872
405.039	-0.205163106344085
405.099	-0.190701988390821
405.158	-0.172659589804025
405.218	-0.153880341562004
405.277	-0.134717507012498
405.337	-0.114449065208743
405.396	-0.0971541422108834
405.455	-0.0825438109407597
405.515	-0.0744141035907686
405.574	-0.0775485471302834
405.634	-0.0856828735188833
405.693	-0.0910751882588082
405.752	-0.0894387925054246
405.812	-0.0789079489264095
405.871	-0.0533550945973621
405.93	-0.0109170300242997
405.989	0.0301418034990456
406.049	0.0598032670331805
406.108	0.0853197276433117
406.167	0.105592246132985
406.226	0.119284831836842
406.285	0.126269525025043
406.344	0.122078739359713
406.404	0.094840835610704
406.463	0.0480226343848939
406.522	0.000387301726306463
406.581	-0.0343274804529531
406.64	-0.0498362830692813
406.699	-0.0436474088341163
406.758	-0.0178714295524681
406.817	0.00392902945419318
406.876	0.016609963756463
406.935	0.0292842180242973
406.993	0.0388245647096316
407.052	0.0459691690004146
407.111	0.0516065852932719
407.17	0.0550784967953368
407.229	0.0504273245240941
407.288	0.0449478674472262
407.346	0.0519971211181125
407.405	0.0696081311645766
407.464	0.0868158059044331
407.523	0.104459175538828
407.581	0.119143842347536
407.64	0.125159684656358
407.699	0.120524342901278
407.757	0.106154605427938
407.816	0.0801904581063503
407.874	0.0486175395961615
407.933	0.0205827887692695
407.991	-0.000109411342139097
408.05	-0.0146614551467014
408.109	-0.0212755502485221
408.167	-0.0217105479559521
408.225	-0.0202066886340179
408.284	-0.0211131373371169
408.342	-0.0278323546874508
408.401	-0.0439100258819327
408.459	-0.0670327922671251
408.517	-0.0955581527787161
408.576	-0.128364872899899
408.634	-0.159099996661972
408.692	-0.184284865296032
408.751	-0.199369508346665
408.809	-0.203192913374163
408.867	-0.199774938243684
408.925	-0.19427822060891
408.984	-0.186017669369737
409.042	-0.174266052747589
409.1	-0.159907117621756
409.158	-0.143678420961085
409.216	-0.125529809066518
409.274	-0.109814892632795
409.332	-0.0966355230163575
409.39	-0.0801570913495749
409.448	-0.0593354809941415
409.506	-0.036765167650739
409.564	-0.0104210379729182
409.622	0.0221202512270786
409.68	0.060238457138813
409.738	0.102351388581502
409.796	0.141978103119955
409.854	0.173045344242938
409.912	0.195150168470584
409.97	0.209169692966175
410.027	0.215278814682075
410.085	0.211702975601608
410.143	0.196803292017827
410.201	0.169643020581234
410.258	0.132966605868191
410.316	0.0922440405272299
410.374	0.0536975278250515
410.431	0.0204002893569396
410.489	-0.0065041956636748
410.547	-0.0237523036091209
410.604	-0.033150428065913
410.662	-0.0380757530919386
410.719	-0.0402246741046868
410.777	-0.0421253354105428
410.834	-0.0462274927607649
410.892	-0.051551175170709
410.949	-0.0589024114246079
411.007	-0.0678958691706124
411.064	-0.0787982287835405
411.122	-0.0924770247711952
411.179	-0.106038344500842
411.236	-0.118052117138679
411.294	-0.127515104584594
411.351	-0.129469755248552
411.408	-0.119094686280831
411.466	-0.0987913574444393
411.523	-0.0806343002997118
411.58	-0.063472020421908
411.637	-0.0446326985924386
411.695	-0.0246214767445213
411.752	-0.00581576053255258
411.809	0.00965594842908077
411.866	0.0202248405758527
411.923	0.0200231193670458
411.98	0.0106937522530668
412.037	-0.00241310140422479
412.094	-0.0136938742547424
412.151	-0.0221909414229801
412.208	-0.0307077532768305
412.265	-0.0366974421764121
412.322	-0.0377506827297141
412.379	-0.0348785593168367
412.436	-0.0350861049985556
412.493	-0.0336035478721018
412.55	-0.0282966135186125
412.607	-0.0227512305992505
412.664	-0.0151029234011824
412.721	0.00172050895030326
412.777	0.0298598480148248
412.834	0.0568827818745551
412.891	0.0773328981818242
412.948	0.0986169925039626
413.004	0.120192322633008
413.061	0.136055305430695
413.118	0.141939715258597
413.174	0.142467696291523
413.231	0.132408205610989
413.287	0.106478167005319
413.344	0.0695760438461869
413.401	0.0294101719906992
413.457	-0.0110569341095364
413.514	-0.0573904896755057
413.57	-0.0996948118514895
413.627	-0.131020566050277
413.683	-0.150493861154969
413.739	-0.159697828144242
413.796	-0.155436909596565
413.852	-0.132053639601032
413.909	-0.0873949522654071
413.965	-0.0316042718563409
414.021	0.0153263469079463
414.078	0.0502676713801039
414.134	0.0783378779875982
414.19	0.0975215875340336
414.246	0.107058526664741
414.303	0.109173772650455
414.359	0.103321093379136
414.415	0.0802481278653605
414.471	0.0437644012968491
414.527	0.00961268963505752
414.583	-0.0175202361369583
414.639	-0.0382963542424456
414.695	-0.0526469201181591
414.751	-0.0553889213798428
414.807	-0.0510864672944403
414.863	-0.0461734219512232
414.919	-0.0346486205402723
414.975	-0.0155956659082598
415.031	0.0034913749502411
415.087	0.0188589154913336
415.143	0.0346944389945988
415.199	0.0540381998354924
415.255	0.0703048237932173
415.311	0.0808132972268168
415.366	0.0892293794999504
415.422	0.0937862295216966
415.478	0.0885244633980538
415.534	0.0723140204209267
415.589	0.0535469373061797
415.645	0.0359128865415175
415.701	0.0152078823147501
415.756	-0.00978343380509946
415.812	-0.0367736992537278
415.868	-0.0614180854157433
415.923	-0.0836135139090312
415.979	-0.10539449179036
416.034	-0.123076738644777
416.09	-0.136056738703758
416.145	-0.144716167234305
416.201	-0.151468467838107
416.256	-0.151209073976888
416.312	-0.141048068023212
416.367	-0.129668814088949
416.422	-0.12186030074952
416.478	-0.114447352953716
416.533	-0.105880016744545
416.588	-0.0966191797477644
416.644	-0.083726649211995
416.699	-0.0646931912905924
416.754	-0.0423746799056756
416.809	-0.019080509371564
416.865	0.00538083025449736
416.92	0.0299992636436731
416.975	0.0537055065067629
417.03	0.0746255645690174
417.085	0.0940972191757943
417.14	0.109320024062976
417.195	0.117781668561881
417.25	0.120342242653119
417.305	0.116685783894212
417.36	0.106914826713513
417.415	0.0905521012350875
417.47	0.0725446880163841
417.525	0.0546919490728381
417.58	0.0343027170355432
417.635	0.0155142136122642
417.69	0.00254268814647192
417.745	-0.00383413594002336
417.8	-0.00980466824189389
417.854	-0.0190262014549032
417.909	-0.0263506267361091
417.964	-0.0308382380600808
418.019	-0.0341804966681814
418.073	-0.0359182372314577
418.128	-0.0346235180989933
418.183	-0.0295252887808174
418.238	-0.0213651771402743
418.292	-0.00770361722859129
418.347	0.0102613068503876
418.401	0.0256895999049171
418.456	0.0366956741370266
418.51	0.0427019237798371
418.565	0.0438665698390876
418.619	0.0438106747401903
418.674	0.0441595533770301
418.728	0.0409224965178362
418.783	0.0246787002478833
418.837	-0.00468408821868548
418.892	-0.0385274493410956
418.946	-0.0709779439057348
419	-0.0985501291361095
419.055	-0.116591005865799
419.109	-0.121177051200373
419.163	-0.118812663297609
419.217	-0.116567102574267
419.272	-0.10884052428411
419.326	-0.0900329579615553
419.38	-0.0567232430864013
419.434	-0.015367159769671
419.488	0.0240532956652287
419.542	0.0580670833225478
419.597	0.0855243600666749
419.651	0.107258132152168
419.705	0.126370487200025
419.759	0.145630204517646
419.813	0.161519892062889
419.867	0.163576103529501
419.921	0.153869654029397
419.975	0.138217917477962
420.028	0.119865553257335
420.082	0.100345236378785
420.136	0.0796257879326922
420.19	0.0585942425597905
420.244	0.0340096187891893
420.298	0.00463110686542229
420.351	-0.024556170109631
420.405	-0.0505567952302794
420.459	-0.0728337557521914
420.513	-0.0923883576510506
420.566	-0.103880056121822
420.62	-0.107084147066717
420.674	-0.110639149175657
420.727	-0.118219589350191
420.781	-0.125550928173227
420.834	-0.132210696428217
420.888	-0.137263815147639
420.942	-0.139183523980651
420.995	-0.13650368019402
421.049	-0.127576110846338
421.102	-0.11047050440592
421.155	-0.0877458811720458
421.209	-0.0663261088044939
421.262	-0.0472165092565101
421.316	-0.0292104763983989
421.369	-0.0162536672063782
421.422	-0.00807439401971206
421.476	-0.00202563351906272
421.529	-0.000301741210714796
421.582	-0.0109155532122757
421.635	-0.0358359833247461
421.689	-0.0679647683314988
421.742	-0.0963748540967686
421.795	-0.119037137837748
421.848	-0.137726762060699
421.901	-0.148571212482711
421.954	-0.146418248079342
422.007	-0.133823773071193
422.06	-0.110788815457698
422.113	-0.0705519823866728
422.166	-0.00850381255614089
422.219	0.0702513000627209
422.272	0.149086358426012
422.325	0.209822037686484
422.378	0.252580620221611
422.431	0.280571832203045
422.484	0.292158934904812
422.537	0.288861003188987
422.59	0.272957576634374
422.643	0.244421466327429
422.695	0.196830919064983
422.748	0.124233085124084
422.801	0.0406043283323662
422.854	-0.0358182486078967
422.906	-0.0924803690583832
422.959	-0.135148780441256
423.012	-0.16607848448293
423.064	-0.177496980473846
423.117	-0.170086642523163
423.169	-0.151723351104236
423.222	-0.131169864103851
423.274	-0.113675896318832
