278.848	-0.000834850849500796
278.931	-0.000755543952830106
279.014	-0.000683436491032002
279.097	-0.000621118342484298
279.18	-0.000570794581081974
279.264	-0.000532137084559122
279.347	-0.000505274100529615
279.43	-0.000487198109669346
279.513	-0.000473467967966617
279.596	-0.000459541783849392
279.679	-0.000441137528145539
279.762	-0.000414197116389975
279.845	-0.000377236664262663
279.928	-0.000330219253768942
280.011	-0.000275987887952103
280.094	-0.000218750565459732
280.177	-0.000162965787661969
280.26	-0.000113423795506031
280.343	-7.38317704479896E-05
280.426	-4.72897017111554E-05
280.509	-3.42539676346316E-05
280.592	-3.31704275497432E-05
280.675	-4.08787454425539E-05
280.758	-5.27872222079447E-05
280.841	-6.42115418743881E-05
280.924	-7.00584176425051E-05
281.007	-6.60576335124079E-05
281.09	-4.99147022092124E-05
281.173	-2.18024942523121E-05
281.256	1.55835673003695E-05
281.339	5.75962761682352E-05
281.422	9.95698971034588E-05
281.505	0.000136668156411094
281.588	0.000164498002285647
281.671	0.000181036673051784
281.754	0.000185797736301602
281.836	0.000178809120753957
281.919	0.0001640867747934
282.002	0.00014414713755954
282.085	0.000123112792311771
282.168	0.00010479931681552
282.251	9.12754477804271E-05
282.334	8.38938101971929E-05
282.416	8.08438261827388E-05
282.499	8.12131549725391E-05
282.582	8.09299975434595E-05
282.665	7.58945705845042E-05
282.748	6.29522419953436E-05
282.831	4.05372200288266E-05
282.913	8.60168864114085E-06
282.996	-2.98794535139009E-05
283.079	-7.08880315869893E-05
283.162	-0.000108693210821125
283.244	-0.000138287346731986
283.327	-0.000154640870531435
283.41	-0.00015546839199695
283.493	-0.000140116274386158
283.575	-0.00011187778195038
283.658	-7.28481324310397E-05
283.741	-2.96323698055459E-05
283.824	1.22587442435592E-05
283.906	4.71599070327484E-05
283.989	7.42343841224853E-05
284.072	9.11952421482896E-05
284.154	9.75049145069249E-05
284.237	9.64862574746003E-05
284.32	8.98208281252394E-05
284.402	7.93190127530127E-05
284.485	6.89425335316895E-05
284.568	6.01835214992273E-05
284.65	5.42367675622688E-05
284.733	5.3178227380864E-05
284.816	5.68764825003068E-05
284.898	6.47151651679258E-05
284.981	7.70377914503609E-05
285.063	9.05584788084291E-05
285.146	0.000104406625270171
285.229	0.000114679013296843
285.311	0.000118313604808278
285.394	0.000115223086325415
285.476	0.000104376019576328
285.559	8.83602021282365E-05
285.641	6.84214156465557E-05
285.724	4.82262453524315E-05
285.806	2.96770146465217E-05
285.889	1.50725857908424E-05
285.971	4.46987066616825E-06
286.054	-1.18781981408554E-06
286.136	-3.45601578678858E-06
286.219	-2.33951110857197E-06
286.301	1.22355394769049E-07
286.384	3.75592951003104E-06
286.466	6.29961360539621E-06
286.549	7.84672368545793E-06
286.631	6.28355991854506E-06
286.714	2.16756079514473E-06
286.796	-5.35299027584061E-06
286.879	-1.43098269485957E-05
286.961	-2.40026959154529E-05
287.043	-3.20445115418314E-05
287.126	-3.60388593739946E-05
287.208	-3.53361016742515E-05
287.291	-2.79442659984071E-05
287.373	-1.55674805466211E-05
287.455	1.45340416909002E-06
287.538	2.20203109860929E-05
287.62	4.24126198730211E-05
287.702	6.13266159618655E-05
287.785	7.78368684997128E-05
287.867	8.97436782064426E-05
287.95	9.79781478414091E-05
288.032	0.00010126745794517
288.114	0.000100727967319322
288.196	9.71748857201904E-05
288.279	9.18175976923656E-05
288.361	8.45046035283751E-05
288.443	7.65508793029793E-05
288.526	6.94012496984404E-05
288.608	6.28388618151368E-05
288.69	5.75125496151484E-05
288.772	5.34694114194209E-05
288.855	5.10506600908674E-05
288.937	4.90732533523662E-05
289.019	4.77872562818065E-05
289.101	4.713954823991E-05
289.184	4.77217012275479E-05
289.266	4.86633498057308E-05
289.348	5.00820409126245E-05
289.43	5.16228551351011E-05
289.512	5.25612807987E-05
289.594	5.22702724422073E-05
289.677	5.08854124241738E-05
289.759	4.76160754925985E-05
289.841	4.3217570662471E-05
289.923	3.81831268396814E-05
290.005	3.27625795461674E-05
290.087	2.70911171315567E-05
290.169	2.10868983187629E-05
290.252	1.53516605649398E-05
290.334	9.4211230479405E-06
290.416	3.52816768437165E-06
290.498	-1.68309524282518E-06
290.58	-5.71085129023253E-06
290.662	-8.10671950155702E-06
290.744	-8.72730295890488E-06
290.826	-7.81960150876732E-06
290.908	-5.36978822988941E-06
290.99	-1.48138976565792E-06
291.072	3.74084383657955E-06
291.154	1.03874347378374E-05
291.236	1.83502346287743E-05
291.318	2.74152665076054E-05
291.4	3.6943517832861E-05
291.482	4.62844992391482E-05
291.564	5.45430818928642E-05
291.646	6.09701582789653E-05
291.728	6.52632406203107E-05
291.81	6.72521735638428E-05
291.892	6.72053467399356E-05
291.974	6.53321782333793E-05
292.056	6.15910825014448E-05
292.138	5.62249078895553E-05
292.22	4.94294795209481E-05
292.302	4.13684562081951E-05
292.384	3.24464829931605E-05
292.465	2.31780782301135E-05
292.547	1.47360904454332E-05
292.629	8.10290333499102E-06
292.711	3.87626630142186E-06
292.793	2.23721712120756E-06
292.875	3.19651461716479E-06
292.957	6.20533183808159E-06
293.038	1.03613556148604E-05
293.12	1.60028394861171E-05
293.202	2.23001649858505E-05
293.284	2.88142300519788E-05
293.366	3.53242406042979E-05
293.447	4.08229092321769E-05
293.529	4.56303044399836E-05
293.611	4.8824151539785E-05
293.693	4.9814554890341E-05
293.775	4.85260638764188E-05
293.856	4.48881277100998E-05
293.938	3.98641123539065E-05
294.02	3.39304964471246E-05
294.101	2.74061606517816E-05
294.183	2.12391488675711E-05
294.265	1.57656402091155E-05
294.347	1.11486136791655E-05
294.428	7.35762863062112E-06
294.51	4.58226999687572E-06
294.592	2.5904887939158E-06
294.673	1.40305955346389E-06
294.755	1.52752572142187E-06
294.837	2.98081841168238E-06
294.918	5.29643304946045E-06
295	8.98853054348743E-06
295.081	1.33571576999804E-05
295.163	1.84783829432844E-05
295.245	2.36162854117423E-05
295.326	2.76777572972315E-05
295.408	3.08264336731203E-05
295.489	3.24153598339538E-05
295.571	3.30173225550852E-05
295.653	3.28138084957295E-05
295.734	3.21746875638115E-05
295.816	3.22056414613658E-05
295.897	3.2733903149001E-05
295.979	3.3994102091251E-05
296.06	3.51627047904214E-05
296.142	3.60061550702448E-05
296.223	3.54159387171563E-05
296.305	3.32964060780644E-05
296.386	2.93108981499786E-05
296.468	2.42938820243882E-05
296.549	1.87430292693418E-05
296.631	1.37558761890558E-05
296.712	9.88703509531171E-06
296.794	7.83589995626324E-06
296.875	7.27951038003726E-06
296.956	8.16990024146161E-06
297.038	1.03337222469895E-05
297.119	1.28821173523056E-05
297.201	1.57366079739371E-05
297.282	1.82452871019638E-05
297.363	2.06114243267402E-05
297.445	2.30530451887474E-05
297.526	2.51238824119893E-05
297.607	2.68376170905152E-05
297.689	2.84166583408251E-05
297.77	2.92503867957503E-05
297.851	2.93790804788774E-05
297.933	2.90718285247794E-05
298.014	2.79258609948061E-05
298.095	2.62407032861593E-05
298.177	2.43256992242764E-05
298.258	2.18242022286036E-05
298.339	1.90179732469786E-05
298.42	1.58770683912057E-05
298.502	1.26692502740566E-05
298.583	9.45463800951512E-06
298.664	6.61241273871192E-06
298.745	4.44893043451982E-06
298.827	3.45690204674441E-06
298.908	3.63608896849423E-06
298.989	5.10000577868087E-06
299.07	7.66677569454992E-06
299.151	1.09617780382642E-05
299.233	1.46668471546874E-05
299.314	1.81391657746055E-05
299.395	2.10331702376555E-05
299.476	2.30807773864037E-05
299.557	2.40425882388667E-05
299.638	2.38584570308717E-05
299.72	2.28588860951151E-05
299.801	2.10240911485838E-05
299.882	1.87602022951717E-05
299.963	1.63121539330541E-05
300.044	1.39347540083279E-05
300.125	1.16741337468907E-05
300.206	9.73071971118753E-06
300.287	8.11246048784481E-06
300.368	6.70020048985773E-06
300.449	5.73943827752526E-06
300.53	5.38006368885245E-06
300.611	5.89848098276922E-06
300.692	7.30689510908323E-06
300.773	9.30738949747226E-06
300.854	1.18828767220233E-05
300.935	1.47968827626442E-05
301.016	1.75775461504036E-05
301.097	1.98948810209559E-05
301.178	2.14585514212403E-05
301.259	2.22443010178457E-05
301.34	2.21646994159274E-05
301.421	2.11436316929614E-05
301.502	1.93226125389081E-05
301.583	1.68933670105131E-05
301.664	1.40485933963775E-05
301.745	1.10053785324264E-05
301.826	8.08839576783047E-06
301.906	5.45236545817451E-06
301.987	3.46519941079963E-06
302.068	2.16906945351354E-06
302.149	1.51505544492988E-06
302.23	1.60969411185359E-06
302.311	2.40946143773695E-06
302.392	3.83397320712639E-06
302.472	5.65978063675695E-06
302.553	7.99692438740282E-06
302.634	1.06844218507408E-05
302.715	1.33442914889068E-05
302.795	1.56681630562647E-05
302.876	1.79062486968394E-05
302.957	1.95634833855657E-05
303.038	2.0650868029727E-05
303.119	2.10420318383086E-05
303.199	2.07091817109275E-05
303.28	2.00622443373305E-05
303.361	1.87352750301832E-05
303.441	1.67373113801223E-05
303.522	1.44008115951864E-05
303.603	1.15590423778352E-05
303.683	8.36634554949777E-06
303.764	5.10802685617718E-06
303.845	2.07477954076114E-06
303.925	-5.81946550192925E-07
304.006	-2.66584672280218E-06
304.087	-4.04133007250847E-06
304.167	-4.71866981580557E-06
304.248	-4.61057646480752E-06
304.328	-4.00271406878656E-06
304.409	-2.90361611418611E-06
304.49	-1.28575358972792E-06
304.57	6.22363529555663E-07
304.651	2.9182489241233E-06
304.731	5.39000440885886E-06
304.812	8.09135446072202E-06
304.892	1.07537192431633E-05
304.973	1.33450917038916E-05
305.053	1.54415332875744E-05
305.134	1.70584798449314E-05
305.214	1.78406112492552E-05
305.295	1.79180534213071E-05
305.375	1.71914762003479E-05
305.456	1.5833163968003E-05
305.536	1.38941614618383E-05
305.617	1.17037592306094E-05
305.697	9.41823508374275E-06
305.778	7.15099335126827E-06
305.858	4.7835600367982E-06
305.939	2.36125911467595E-06
306.019	3.12764149684192E-08
306.099	-2.06650654836834E-06
306.18	-3.7713841992851E-06
306.26	-4.99033617151807E-06
306.34	-5.62593116455695E-06
306.421	-5.56686146314131E-06
306.501	-4.95907008191495E-06
306.581	-3.83834061754707E-06
306.662	-2.22903963483214E-06
306.742	-4.10262182895364E-07
306.822	1.64222268941932E-06
306.903	4.00044608375584E-06
306.983	6.41891796426864E-06
307.063	8.87102488886875E-06
307.144	1.12518864942965E-05
307.224	1.32264811216415E-05
307.304	1.47701783956967E-05
307.384	1.56859852432543E-05
307.465	1.59822445610942E-05
307.545	1.55365753143008E-05
307.625	1.43999490904381E-05
307.705	1.27384082880922E-05
307.785	1.06439127598915E-05
307.865	8.33750106912749E-06
307.946	6.20783754060716E-06
308.026	4.44040918516265E-06
308.106	3.1389894748866E-06
308.186	2.21238148518062E-06
308.266	1.49174245158199E-06
308.346	8.68592853225082E-07
308.426	1.60392550146041E-07
308.507	-7.68500362101949E-07
308.587	-1.9325482353033E-06
308.667	-3.20456573837981E-06
308.747	-4.41565716515583E-06
308.827	-5.26802880165837E-06
308.907	-5.59120851134904E-06
308.987	-5.30152711883971E-06
309.067	-4.25387524200704E-06
309.147	-2.48786839806647E-06
309.227	-6.93636838709223E-08
309.307	2.79530811475327E-06
309.387	5.74001328182198E-06
309.467	8.51615248922087E-06
309.547	1.08196198571529E-05
309.627	1.23704097790441E-05
309.707	1.3074093309943E-05
309.787	1.28976111626661E-05
309.867	1.19612152287747E-05
309.947	1.05085242629737E-05
310.027	8.84342118401347E-06
310.107	7.29064236398716E-06
310.186	5.99742800500665E-06
310.266	5.06988485865327E-06
310.346	4.48175674393663E-06
310.426	4.17616147570532E-06
310.506	4.09848580765704E-06
310.586	4.06397598783297E-06
310.666	3.8929884585139E-06
310.745	3.47064628351468E-06
310.825	2.79878256975098E-06
310.905	1.85830205154619E-06
310.985	6.55933117858353E-07
311.065	-7.60095084087966E-07
311.144	-2.2274686250065E-06
311.224	-3.54347842281921E-06
311.304	-4.52105276050537E-06
311.384	-4.98374676150146E-06
311.463	-4.84876426429525E-06
311.543	-4.04650684669118E-06
311.623	-2.73223192534552E-06
311.703	-1.1199507898648E-06
311.782	5.18701092777918E-07
311.862	2.09528629648537E-06
311.942	3.4860264115901E-06
312.021	4.61111069313992E-06
312.101	5.58264116169246E-06
312.181	6.4334540160334E-06
312.26	7.13980869715956E-06
312.34	7.78535147466208E-06
312.419	8.31505242813417E-06
312.499	8.73234450640496E-06
312.579	8.96493654714261E-06
312.658	8.95724785485871E-06
312.738	8.73809544496532E-06
312.817	8.2499059432691E-06
312.897	7.45129873904548E-06
312.976	6.20896216245954E-06
313.056	4.52280205458568E-06
313.135	2.44243069412731E-06
313.215	7.00559550256349E-08
313.294	-2.35623628011964E-06
313.374	-4.63536167758456E-06
313.453	-6.45833388125191E-06
313.533	-7.60763505438206E-06
313.612	-8.01127975568964E-06
313.692	-7.63174845498572E-06
313.771	-6.63634609698822E-06
313.851	-5.12193771688304E-06
313.93	-3.29214345761146E-06
314.009	-1.24817631656544E-06
314.089	9.89579802520203E-07
314.168	3.23779974688582E-06
314.248	5.43311158788762E-06
314.327	7.34387047655246E-06
314.406	8.87848988718491E-06
314.486	9.95607613109876E-06
314.565	1.04982997594308E-05
314.644	1.05744852555315E-05
314.724	1.02839486099656E-05
314.803	9.68560837837449E-06
314.882	8.82884923123236E-06
314.962	7.67939780608859E-06
315.041	6.14828730162328E-06
315.12	4.15985038393399E-06
315.199	1.76843164841425E-06
315.279	-8.54747093692109E-07
315.358	-3.37522373245561E-06
315.437	-5.49421074213998E-06
315.516	-6.91380032263049E-06
315.595	-7.41451644259662E-06
315.675	-6.932089257711E-06
315.754	-5.67220501836264E-06
315.833	-3.94355317569377E-06
315.912	-2.05986305711574E-06
315.991	-2.37383781274424E-07
316.07	1.39038627630697E-06
316.15	2.83064485747079E-06
316.229	4.06207708052307E-06
316.308	5.15567080804093E-06
316.387	6.15840116597412E-06
316.466	7.00642740332941E-06
316.545	7.55566410499524E-06
316.624	7.68125948614446E-06
316.703	7.29790900356309E-06
316.782	6.45058893238039E-06
316.861	5.27614535726694E-06
316.94	3.91424204725937E-06
317.019	2.49391575827454E-06
317.098	1.08866015074068E-06
317.177	-3.30444551806443E-07
317.256	-1.81350146637155E-06
317.335	-3.31184724088574E-06
317.414	-4.73710755404951E-06
317.493	-5.95426799612053E-06
317.572	-6.82944754976162E-06
317.651	-7.25734478765397E-06
317.73	-7.11843510952016E-06
317.809	-6.38289537139883E-06
317.888	-5.15816723042011E-06
317.966	-3.64335894276189E-06
318.045	-1.93354870860968E-06
318.124	-1.81073212497585E-07
318.203	1.57589430433556E-06
318.282	3.31252170014366E-06
318.361	4.95347508382143E-06
318.44	6.45090715088865E-06
318.518	7.72931171378764E-06
318.597	8.80540986450786E-06
318.676	9.66016045895565E-06
318.755	1.02768419758023E-05
318.833	1.05944151410455E-05
318.912	1.05121931648968E-05
318.991	9.84182279620404E-06
319.07	8.50181215619736E-06
319.148	6.57792529322352E-06
319.227	4.24766085828485E-06
319.306	1.78124744385271E-06
319.384	-5.66306220286133E-07
319.463	-2.66052197052651E-06
319.542	-4.43826577641736E-06
319.62	-5.95375939637203E-06
319.699	-7.2701565120262E-06
319.778	-8.36567649459095E-06
319.856	-9.19798332337331E-06
319.935	-9.69312450070075E-06
320.014	-9.74014752999561E-06
320.092	-9.21121902894226E-06
320.171	-8.03667074689806E-06
320.249	-6.41070892580689E-06
320.328	-4.48149054944257E-06
320.406	-2.49822159164496E-06
320.485	-5.28735338182302E-07
320.563	1.29398073780783E-06
320.642	3.02796914189637E-06
320.72	4.62073917089725E-06
320.799	6.10100293325725E-06
320.877	7.33768189215082E-06
320.956	8.29281962197299E-06
321.034	8.87826144861332E-06
321.113	9.12224754201663E-06
321.191	9.05390234436349E-06
321.27	8.76912388739585E-06
321.348	8.32186076223918E-06
321.426	7.71304358465392E-06
321.505	6.88418319205905E-06
321.583	5.74583957911308E-06
321.662	4.19199051150442E-06
321.74	2.34125752247115E-06
321.818	3.30214617751935E-07
321.897	-1.64961449204021E-06
321.975	-3.33715949151021E-06
322.053	-4.63990484362539E-06
322.132	-5.48095492156504E-06
322.21	-5.98335191102054E-06
322.288	-6.37624643376941E-06
322.366	-6.74371841370022E-06
322.445	-7.12529008185786E-06
322.523	-7.47017511460659E-06
322.601	-7.65330528440925E-06
322.679	-7.52446564658975E-06
322.758	-6.85740643356784E-06
322.836	-5.63153096694587E-06
322.914	-3.96386660612012E-06
322.992	-2.03603655795207E-06
323.07	-4.11936181435004E-08
323.148	1.87721429241222E-06
323.227	3.6691999387536E-06
323.305	5.2438702794489E-06
323.383	6.62328121928817E-06
323.461	7.79430858077736E-06
323.539	8.73901858623312E-06
323.617	9.42557052083111E-06
323.695	9.80858486551743E-06
323.773	9.86249006454193E-06
323.851	9.59625813328475E-06
323.929	9.06727340470864E-06
324.007	8.35508768527865E-06
324.085	7.52916637500256E-06
324.163	6.63646596621011E-06
324.241	5.68135452122368E-06
324.319	4.59076233739169E-06
324.397	3.22399458029253E-06
324.475	1.50968119024519E-06
324.553	-4.6010561687284E-07
324.631	-2.51661169956327E-06
324.709	-4.45379155305369E-06
324.787	-6.06976932490462E-06
324.865	-7.17634640907581E-06
324.943	-7.63380744880063E-06
325.021	-7.49740198673028E-06
325.099	-7.00731657725877E-06
325.177	-6.39372088853782E-06
325.254	-5.80641275682542E-06
325.332	-5.28727353244862E-06
325.41	-4.81879887782812E-06
325.488	-4.33201129200511E-06
325.566	-3.73373291712499E-06
325.643	-2.94112968781643E-06
325.721	-1.9221474182559E-06
325.799	-7.58059344742129E-07
325.877	4.64034546815259E-07
325.954	1.62878306711352E-06
326.032	2.71039350224524E-06
326.11	3.65994707332584E-06
326.188	4.47105828730066E-06
326.265	5.14191550513538E-06
326.343	5.70550971432195E-06
326.421	6.14880873952969E-06
326.498	6.4566519808392E-06
326.576	6.61398063126171E-06
326.654	6.56368870826693E-06
326.731	6.26387497935218E-06
326.809	5.71472258547245E-06
326.887	4.9710119431386E-06
326.964	4.1230332187714E-06
327.042	3.24683762000856E-06
327.119	2.44036082024578E-06
327.197	1.74204765066389E-06
327.274	1.15986306485734E-06
327.352	5.77889129437935E-07
327.429	-1.48329820213955E-07
327.507	-1.13605121736517E-06
327.584	-2.37482790470702E-06
327.662	-3.80350497751952E-06
327.739	-5.23787680036042E-06
327.817	-6.52616797800511E-06
327.894	-7.45218624588691E-06
327.972	-7.88113571084067E-06
328.049	-7.75991710160908E-06
328.127	-7.13882329700291E-06
328.204	-6.16858003475183E-06
328.281	-4.99140717348801E-06
328.359	-3.71558333763076E-06
328.436	-2.46916311279184E-06
328.514	-1.26678203550153E-06
328.591	-1.72812272436025E-07
328.668	8.21277830668598E-07
328.746	1.72474408721086E-06
328.823	2.50428310488151E-06
328.9	3.17574766900071E-06
328.977	3.74076455895855E-06
329.055	4.2066318125877E-06
329.132	4.55768244244904E-06
329.209	4.80423561418557E-06
329.287	4.95821624998798E-06
329.364	5.02590196485868E-06
329.441	5.02886540521926E-06
329.518	4.97953200470456E-06
329.595	4.88231297342114E-06
329.673	4.72457695790059E-06
329.75	4.4743208331523E-06
329.827	4.07857876487646E-06
329.904	3.48710346760956E-06
329.981	2.7069486007753E-06
330.058	1.79522413708629E-06
330.135	8.35112112033534E-07
330.212	-8.00242447685517E-08
330.29	-8.74300238157781E-07
330.367	-1.46041489305361E-06
330.444	-1.82571166323842E-06
330.521	-2.03710812208467E-06
330.598	-2.22357180379474E-06
330.675	-2.49933871127986E-06
330.752	-2.89921742622185E-06
330.829	-3.39257625897072E-06
330.906	-3.90922802109359E-06
330.983	-4.36112931921458E-06
331.06	-4.65700463931139E-06
331.137	-4.70356446927882E-06
331.214	-4.46022264950648E-06
331.291	-3.96412673629172E-06
331.368	-3.29047421259309E-06
331.444	-2.53427990378533E-06
331.521	-1.74406169093605E-06
331.598	-9.75489213131992E-07
331.675	-2.56919802351941E-07
331.752	4.01059319932429E-07
331.829	9.95242078655477E-07
331.906	1.5223145465499E-06
331.982	1.9748003626459E-06
332.059	2.36925998081739E-06
332.136	2.69730314109513E-06
332.213	2.96096931610979E-06
332.29	3.15840040213963E-06
332.366	3.28392218001694E-06
332.443	3.33824227665743E-06
332.52	3.31226781895811E-06
332.597	3.20828430888678E-06
332.673	3.03911841222111E-06
332.75	2.8181571052705E-06
332.827	2.56296095245354E-06
332.903	2.29212674227236E-06
332.98	2.0079204499784E-06
333.057	1.70192785254355E-06
333.133	1.34073968576261E-06
333.21	8.63518206254222E-07
333.287	2.44649499375119E-07
333.363	-4.835643342523E-07
333.44	-1.28602551666994E-06
333.516	-2.07560831945939E-06
333.593	-2.79272242474763E-06
333.669	-3.34312554410553E-06
333.746	-3.66266603937981E-06
333.823	-3.71352468739407E-06
333.899	-3.5305238285649E-06
333.976	-3.16427998658936E-06
334.052	-2.69637924246348E-06
334.129	-2.17875195356233E-06
334.205	-1.67426922086175E-06
334.281	-1.20434268493555E-06
334.358	-7.73472581241615E-07
334.434	-3.97503578898296E-07
334.511	-6.05520927302261E-08
334.587	2.34347705093394E-07
334.664	5.05283376714957E-07
334.74	7.51320494462721E-07
334.816	9.82328777450284E-07
334.893	1.20102230269476E-06
334.969	1.39684617635647E-06
335.045	1.56926725430118E-06
335.122	1.71651334551827E-06
335.198	1.83131016576549E-06
335.274	1.91713657520269E-06
335.351	1.97740174394489E-06
335.427	2.01419490741473E-06
335.503	2.03411615681992E-06
335.579	2.03969615835016E-06
335.656	2.03191558512799E-06
335.732	2.00526355616457E-06
335.808	1.95115755049646E-06
335.884	1.85766741882434E-06
335.96	1.71240808864998E-06
336.036	1.51077678265051E-06
336.113	1.2590366705879E-06
336.189	9.84281653389433E-07
336.265	7.09216429444564E-07
336.341	4.57342923533885E-07
336.417	2.4492566328809E-07
336.493	7.69289822230445E-08
336.569	-5.79164466503735E-08
336.645	-1.93582291726318E-07
336.721	-3.79294799336208E-07
336.797	-6.52941022142097E-07
336.874	-1.0193396502965E-06
336.95	-1.43889043516519E-06
337.026	-1.87028388913932E-06
337.102	-2.26164203331946E-06
337.177	-2.56244785537384E-06
337.253	-2.73267157064574E-06
337.329	-2.74041650976928E-06
337.405	-2.59789370793412E-06
337.481	-2.33896642688594E-06
337.557	-2.00635580072819E-06
337.633	-1.63980123146101E-06
337.709	-1.26712939996806E-06
337.785	-9.05298978670322E-07
337.861	-5.64713439588456E-07
337.937	-2.49935818966757E-07
338.012	3.1690466637213E-08
338.088	2.86462991375677E-07
338.164	5.09283205152749E-07
338.24	6.9899821059621E-07
338.316	8.56062314321561E-07
338.391	9.79908724335306E-07
338.467	1.07688147902207E-06
338.543	1.14737012415456E-06
338.619	1.19474456855491E-06
338.694	1.22120035280145E-06
338.77	1.23131635486715E-06
338.846	1.22465238168368E-06
338.922	1.20041888144025E-06
338.997	1.15798422772842E-06
339.073	1.0996757091436E-06
339.148	1.0292758941649E-06
339.224	9.50473047317685E-07
339.3	8.67306797746763E-07
339.375	7.81270153802182E-07
339.451	6.88752229869701E-07
339.527	5.81454897716617E-07
339.602	4.4442343455176E-07
339.678	2.5988068450955E-07
339.753	2.99248539245057E-08
339.829	-2.3774800545628E-07
339.904	-5.16022739007294E-07
339.98	-7.85257258223341E-07
340.055	-1.01323806774025E-06
340.131	-1.17828280616592E-06
340.206	-1.25801072796175E-06
340.282	-1.25127033192356E-06
340.357	-1.1727945370921E-06
340.433	-1.04032151039311E-06
340.508	-8.79845326635725E-07
340.583	-7.07381767667384E-07
340.659	-5.3202657621142E-07
340.734	-3.67171370102768E-07
340.809	-2.13898019080262E-07
340.885	-7.25743681507389E-08
340.96	5.12103020199697E-08
341.035	1.59927636113289E-07
341.111	2.55502255352832E-07
341.186	3.35146922452184E-07
341.261	4.01536880620515E-07
341.337	4.56695910719827E-07
341.412	4.99049223765286E-07
341.487	5.30618352588276E-07
341.562	5.51972154857846E-07
341.638	5.64336095600338E-07
341.713	5.68085594409291E-07
341.788	5.66422560531689E-07
341.863	5.61758494919913E-07
341.938	5.56964814595216E-07
342.013	5.54116405781184E-07
342.089	5.54585093276639E-07
342.164	5.58654298427108E-07
342.239	5.65609923922907E-07
342.314	5.73030773407371E-07
342.389	5.77297689771467E-07
342.464	5.74786844132019E-07
342.539	5.6344566814885E-07
342.614	5.42048596537622E-07
342.689	5.09440818328247E-07
342.764	4.6587142594265E-07
342.839	4.13968722880749E-07
342.914	3.5882995953709E-07
342.989	3.05955838933182E-07
343.064	2.58884015798491E-07
343.139	2.18501496561114E-07
343.214	1.83402883381826E-07
343.289	1.49018765104358E-07
343.364	1.05180081997042E-07
343.439	3.64246115519372E-08
343.514	-7.1484483556265E-08
343.589	-2.21055591506199E-07
343.664	-4.01809908025128E-07
343.738	-5.93842284256413E-07
343.813	-7.82654591765649E-07
343.888	-9.45597406810928E-07
343.963	-1.06240097343861E-06
344.038	-1.11700456530257E-06
344.112	-1.10674281909757E-06
344.187	-1.04060830194892E-06
344.262	-9.34347985611537E-07
344.337	-8.04683017790624E-07
344.411	-6.67815433231072E-07
344.486	-5.29726886328847E-07
344.561	-3.98409231811658E-07
344.635	-2.78968356580162E-07
344.71	-1.69114958237499E-07
344.785	-7.19016522191444E-08
344.859	1.0908585530887E-08
344.934	8.22506233713499E-08
345.009	1.40825287063349E-07
345.083	1.86165244988212E-07
345.158	2.2055491310233E-07
345.232	2.42602986026428E-07
345.307	2.54897833661174E-07
345.382	2.59184869506887E-07
345.456	2.57838249928325E-07
345.531	2.5406243656688E-07
345.605	2.49649312035652E-07
345.68	2.47133867474987E-07
345.754	2.47020452003795E-07
345.829	2.50294960075827E-07
345.903	2.55335082231331E-07
345.978	2.61397998166258E-07
346.052	2.66371748930624E-07
346.126	2.69447574144893E-07
346.201	2.7038723557306E-07
346.275	2.68680949143405E-07
346.35	2.64771400835262E-07
346.424	2.57957253815466E-07
346.498	2.47628514342655E-07
346.573	2.31780534993467E-07
346.647	2.0719898337674E-07
346.721	1.70317501808553E-07
346.796	1.18722089772711E-07
346.87	5.58561055129746E-08
346.944	-1.36838668000395E-08
347.018	-8.39963156556556E-08
347.093	-1.4940172238512E-07
347.167	-2.02342269427296E-07
347.241	-2.37992809913486E-07
347.315	-2.52970441172843E-07
347.389	-2.48507874625605E-07
347.464	-2.28245314162119E-07
347.538	-1.97878588774919E-07
347.612	-1.61901818956838E-07
347.686	-1.23924908464301E-07
347.76	-8.64371727136298E-08
347.834	-5.09241749523444E-08
347.908	-1.81585180764032E-08
347.982	1.13477400165503E-08
348.056	3.71008761269506E-08
348.13	5.88284101892293E-08
348.205	7.6737407481705E-08
348.279	9.02533820251904E-08
348.353	1.00266055982794E-07
348.427	1.07441019193951E-07
348.501	1.12630191936226E-07
348.574	1.16296554063457E-07
348.648	1.19356999155473E-07
348.722	1.22101532535535E-07
348.796	1.24508999575277E-07
348.87	1.26067864639069E-07
348.944	1.25767408572461E-07
349.018	1.22440766246256E-07
349.092	1.15827029698607E-07
349.166	1.06568660213431E-07
349.24	9.56179722982346E-08
349.313	8.44071685783585E-08
349.387	7.41698130940462E-08
349.461	6.62029180655282E-08
349.535	6.17621752430875E-08
349.609	6.12626732784917E-08
349.682	6.39971843913044E-08
349.756	6.88734154859995E-08
349.83	7.46237992422519E-08
349.903	8.02981304739143E-08
349.977	8.55971790117625E-08
350.051	9.03350911017559E-08
350.125	9.45915150323045E-08
350.198	9.85180000122574E-08
350.272	1.02529117491331E-07
350.345	1.066503022312E-07
350.419	1.1073848935309E-07
350.493	1.14451148892308E-07
350.566	1.16793715650701E-07
350.64	1.16321486561066E-07
350.713	1.11054317570506E-07
350.787	9.76741559893328E-08
350.86	7.33372518022583E-08
350.934	3.50588236735539E-08
351.007	-1.53776766947921E-08
351.081	-7.56642341874171E-08
351.154	-1.3890264715013E-07
351.228	-2.01029896618637E-07
351.301	-2.5443058998988E-07
351.375	-2.94903041727427E-07
351.448	-3.17081388234119E-07
351.522	-3.20565305278394E-07
351.595	-3.0765339856447E-07
351.668	-2.82557221793598E-07
351.742	-2.49279316394897E-07
351.815	-2.12825770117238E-07
351.888	-1.75852185287847E-07
351.962	-1.40092800625392E-07
352.035	-1.08340305378268E-07
352.108	-8.09592923277007E-08
352.182	-5.79969197276875E-08
352.255	-4.00494059275636E-08
352.328	-2.60506686285201E-08
352.401	-1.51128144475054E-08
352.475	-5.99536244670674E-09
352.548	1.91249171871716E-09
352.621	9.62272612514479E-09
352.694	1.76357999980596E-08
352.767	2.59082161254724E-08
352.84	3.40311388829282E-08
352.914	4.17057555342574E-08
352.987	4.80593595584307E-08
353.06	5.31772316475099E-08
353.133	5.70815212126342E-08
353.206	5.98795748376687E-08
353.279	6.18900191928258E-08
353.352	6.3397422855769E-08
353.425	6.46830224001936E-08
353.498	6.59971253629297E-08
353.571	6.72839388217856E-08
353.644	6.84987114661672E-08
353.717	6.95814297508293E-08
353.79	7.02972964000144E-08
353.863	7.05007380936168E-08
353.936	7.01087268088768E-08
354.009	6.8995639930355E-08
354.082	6.71375974481656E-08
354.155	6.45216759188943E-08
354.228	6.10507235004026E-08
354.3	5.66924495709917E-08
354.373	5.13366771460709E-08
354.446	4.48465681193493E-08
354.519	3.72339248051874E-08
354.592	2.86942725460271E-08
354.664	1.97841969737074E-08
354.737	1.08664032736595E-08
354.81	2.48123810079031E-09
354.883	-4.8382683532271E-09
354.955	-1.04978080113576E-08
355.028	-1.41276769059927E-08
355.101	-1.55696654559876E-08
355.174	-1.5101800035734E-08
355.246	-1.32042933015628E-08
355.319	-1.02049168525527E-08
355.392	-6.55564882307548E-09
355.464	-2.69878797452014E-09
355.537	1.11239994931312E-09
355.609	4.53397784954343E-09
355.682	7.72946570425748E-09
355.755	1.0630116286225E-08
355.827	1.31979204471322E-08
355.9	1.55656248900048E-08
355.972	1.7603654601171E-08
356.045	1.92711207355723E-08
356.117	2.0273744033451E-08
356.19	2.03397896455325E-08
356.262	1.89993234894011E-08
356.335	1.60618279607839E-08
356.407	1.17973266015262E-08
356.479	6.53385365897827E-09
356.552	8.27631518531286E-10
356.624	-4.5660543228515E-09
356.697	-9.21042368840485E-09
356.769	-1.24916805458176E-08
356.841	-1.41470135496637E-08
356.914	-1.42068883223198E-08
356.986	-1.30868731153327E-08
357.058	-1.13241162644242E-08
357.131	-9.31370007680341E-09
357.203	-7.40737673944436E-09
357.275	-5.64562076460977E-09
357.347	-3.98497569070925E-09
357.42	-2.38169173555863E-09
357.492	-7.37114702880845E-10
357.564	1.23085253025146E-09
357.636	3.57953466226747E-09
357.708	6.28415406624396E-09
357.78	9.2749294480866E-09
357.853	1.24086282700733E-08
357.925	1.55760247930037E-08
357.997	1.87167923851102E-08
358.069	2.16997981671673E-08
358.141	2.44980250859894E-08
358.213	2.70414655897149E-08
358.285	2.92480075877914E-08
358.357	3.10641212368921E-08
358.429	3.24113277626597E-08
358.501	3.31993773623627E-08
358.573	3.33901010151008E-08
358.645	3.28380333085137E-08
358.717	3.13345569023094E-08
358.789	2.86251309666595E-08
358.861	2.44033341665344E-08
358.933	1.83988351748992E-08
359.005	1.05608929931947E-08
359.077	1.15536491418359E-09
359.149	-9.28781367243128E-09
359.221	-1.99860618942316E-08
359.292	-2.9966043873405E-08
359.364	-3.87176840312044E-08
359.436	-4.53949957935454E-08
359.508	-4.95769716467908E-08
359.58	-5.12022611872619E-08
359.651	-5.06358665605321E-08
359.723	-4.84233593845016E-08
359.795	-4.5249312876763E-08
359.867	-4.1628546144029E-08
359.938	-3.79694384259046E-08
360.01	-3.43044123440665E-08
360.082	-3.0732713957443E-08
360.153	-2.73186794698213E-08
360.225	-2.3825702472783E-08
360.297	-2.02336793812854E-08
360.368	-1.66084516408955E-08
360.44	-1.28756328650742E-08
360.511	-9.32888926018949E-09
360.583	-5.98114692896971E-09
360.655	-2.98756175800519E-09
360.726	-4.37081260169544E-10
360.798	1.76321357359107E-09
360.869	3.55443474021627E-09
360.941	5.11559615580735E-09
361.012	6.37158990203964E-09
361.084	7.48810366462966E-09
361.155	8.46532773626941E-09
361.226	9.34060957547828E-09
361.298	1.01903467366973E-08
361.369	1.0944697976859E-08
361.441	1.16118920470978E-08
361.512	1.2138358244811E-08
361.583	1.25386391593935E-08
361.655	1.2832061997251E-08
361.726	1.3057737694679E-08
361.797	1.3204754757937E-08
361.869	1.32387135932314E-08
361.94	1.31202396974336E-08
362.011	1.28973064728998E-08
362.082	1.26556189171326E-08
362.154	1.24253382366095E-08
362.225	1.20593294622499E-08
362.296	1.16005837595895E-08
362.367	1.11170880771507E-08
362.439	1.06367769581681E-08
362.51	1.02042684891949E-08
362.581	9.78251208583376E-09
362.652	9.34327033595424E-09
362.723	8.92011949212348E-09
362.794	8.4874957812588E-09
362.865	8.00844987116194E-09
362.936	7.49829506783014E-09
363.007	6.96492638913354E-09
363.078	6.36853967532121E-09
363.149	5.77871793190451E-09
363.22	5.26771158637979E-09
363.291	4.84301997331835E-09
363.362	4.50103020507968E-09
363.433	4.25122491860628E-09
363.504	4.05554611292738E-09
363.575	3.96356213730456E-09
363.646	3.97638299274203E-09
363.717	4.02272436773836E-09
363.788	4.11542798991734E-09
363.859	4.28225587405676E-09
363.93	4.4497689878161E-09
364	4.54906311584431E-09
364.071	4.52037362075047E-09
364.142	4.26423118128439E-09
364.213	3.7156901930648E-09
364.284	2.75469957576047E-09
364.354	1.36209465835751E-09
364.425	-3.61606522568546E-10
364.496	-2.22025387210951E-09
364.567	-4.05747025690662E-09
364.637	-5.71890059167734E-09
364.708	-7.11316130751137E-09
364.779	-8.02455938253596E-09
364.849	-8.39125583652764E-09
364.92	-8.33232508686547E-09
364.991	-7.99618296997766E-09
365.061	-7.56160281695296E-09
365.132	-7.11022165896587E-09
365.202	-6.69854163271906E-09
365.273	-6.36950583196169E-09
365.343	-6.11055530265852E-09
365.414	-5.85811512127691E-09
365.484	-5.61457304448442E-09
365.555	-5.29009792927069E-09
365.625	-4.81741248054192E-09
365.696	-4.20765190242514E-09
365.766	-3.55698604536994E-09
365.837	-2.86058777075357E-09
365.907	-2.19036222732859E-09
365.978	-1.54860546728313E-09
366.048	-9.29147870186501E-10
366.118	-3.27683880084038E-10
366.189	2.54308574166722E-10
366.259	8.31997137505094E-10
366.329	1.41016065391901E-09
366.4	1.95440574644019E-09
366.47	2.41969022303577E-09
366.54	2.85656364820706E-09
366.61	3.29001714219369E-09
366.681	3.68470298038375E-09
366.751	3.9975924712753E-09
366.821	4.26126599764286E-09
366.891	4.49079550315088E-09
366.962	4.74858706783187E-09
367.032	5.02207452140065E-09
367.102	5.23421660199194E-09
367.172	5.38094456432606E-09
367.242	5.46315791112141E-09
367.312	5.48043742218213E-09
367.382	5.4320683359322E-09
367.452	5.30463915829586E-09
367.522	5.10316587684255E-09
367.592	4.84590832952522E-09
367.662	4.53230940638958E-09
367.732	4.14797306752673E-09
367.802	3.65666762866883E-09
367.872	3.05661184784294E-09
367.942	2.30783814014904E-09
368.012	1.40617228873096E-09
368.082	3.91809473677521E-10
368.152	-6.98378022323148E-10
368.222	-1.8353917291737E-09
368.292	-2.94694780124244E-09
368.362	-3.96545508327887E-09
368.432	-4.82567764691089E-09
368.501	-5.44624402616199E-09
368.571	-5.78163463222294E-09
368.641	-5.88517114552359E-09
368.711	-5.79742189270221E-09
368.781	-5.50005265067949E-09
368.85	-5.05035647911592E-09
368.92	-4.52297234022974E-09
368.99	-3.97401667918956E-09
369.059	-3.46112372694999E-09
369.129	-3.02738978788807E-09
369.199	-2.61574950930646E-09
369.268	-2.18893259313665E-09
369.338	-1.75778336485469E-09
369.408	-1.36025168998943E-09
369.477	-9.73525149857523E-10
369.547	-5.99482241805227E-10
369.616	-2.49583242992794E-10
369.686	1.00790487062491E-10
369.756	3.97045951593403E-10
369.825	5.67115021449411E-10
369.895	6.84634348978481E-10
369.964	7.50096651177098E-10
370.034	7.78320962932155E-10
370.103	7.95794319013767E-10
370.172	8.11059441500889E-10
370.242	8.21607226360032E-10
370.311	8.6213525170604E-10
370.381	9.02368179770725E-10
370.45	9.11229535856038E-10
370.519	9.49711420165974E-10
370.589	9.96765114394448E-10
370.658	1.07045416917633E-09
370.727	1.17998366563669E-09
370.797	1.23870691405178E-09
370.866	1.24788024280364E-09
370.935	1.31847310760003E-09
371.004	1.42605727125226E-09
371.074	1.50900891668302E-09
371.143	1.60333968195732E-09
371.212	1.70025215983979E-09
371.281	1.76019243470178E-09
371.35	1.81213244245925E-09
371.42	1.83576642607516E-09
371.489	1.77918968288713E-09
371.558	1.72208847033996E-09
371.627	1.68982383498716E-09
371.696	1.61452517891242E-09
371.765	1.53178847266765E-09
371.834	1.48586920434922E-09
371.903	1.45964973334908E-09
371.972	1.46361189727357E-09
372.041	1.4735590514704E-09
372.11	1.48221768082665E-09
372.179	1.5040499945287E-09
372.248	1.51756207485179E-09
372.317	1.51919632314156E-09
372.386	1.53886814284021E-09
372.455	1.5761081316526E-09
372.524	1.66422187003764E-09
372.593	1.75889902488037E-09
372.661	1.78135683822734E-09
372.73	1.73038117018578E-09
372.799	1.6234051867382E-09
372.868	1.43374445546377E-09
372.937	1.14980402910425E-09
373.005	8.13041189598236E-10
373.074	4.25532720081334E-10
373.143	3.49951179139923E-11
373.212	-2.99811842064381E-10
373.28	-5.81005577151602E-10
373.349	-8.23967006075853E-10
373.418	-1.00124686369827E-09
373.486	-1.12562403905627E-09
373.555	-1.25443866484242E-09
373.624	-1.39223510594915E-09
373.692	-1.53510559937208E-09
373.761	-1.66569413956268E-09
373.829	-1.79134240934649E-09
373.898	-1.94556704269901E-09
373.967	-2.09077144704825E-09
374.035	-2.19244045381294E-09
374.104	-2.23629337520432E-09
374.172	-2.2057453665693E-09
374.241	-2.14049578291345E-09
374.309	-2.04966255289653E-09
374.377	-1.88128934829772E-09
374.446	-1.66309344212317E-09
374.514	-1.46222845050272E-09
374.583	-1.24852583905047E-09
374.651	-1.03789310533246E-09
374.719	-8.48565995608439E-10
374.788	-6.57170207357114E-10
374.856	-4.74019934527885E-10
374.924	-3.61168761629778E-10
374.993	-2.72652900294412E-10
375.061	-1.60778390613949E-10
375.129	-5.38754596505289E-11
375.197	3.66127128608132E-11
375.266	1.28864030549149E-10
375.334	1.96357596829606E-10
375.402	2.50097276190776E-10
375.47	3.50986351032611E-10
375.538	4.77218486835613E-10
375.606	6.02270677592821E-10
375.675	6.87270240481737E-10
375.743	6.90658641150559E-10
375.811	6.52893960904094E-10
375.879	5.97006000013205E-10
375.947	4.96255036940385E-10
376.015	4.05865563297485E-10
376.083	3.4551361765693E-10
376.151	2.86522583395929E-10
376.219	2.75476086348618E-10
376.287	3.56258800174692E-10
376.355	4.58792781438348E-10
376.423	6.03043836906704E-10
376.491	7.4339090411337E-10
376.559	8.03540567094988E-10
376.626	8.0441031581178E-10
376.694	7.86839704193437E-10
376.762	7.39342142790168E-10
376.83	6.76107170021346E-10
376.898	5.93887605583495E-10
376.966	5.06633623813982E-10
377.033	4.27538448996766E-10
377.101	3.79842379699704E-10
377.169	3.46060957607881E-10
377.237	3.0880231700287E-10
377.304	2.68857824856024E-10
377.372	2.27980745367109E-10
377.44	1.9735035825803E-10
377.507	1.74923187030962E-10
377.575	1.66896274564294E-10
377.643	1.51506140954785E-10
377.71	1.52676982156377E-10
377.778	1.85554460668251E-10
377.845	2.1863888475079E-10
377.913	2.24998464279037E-10
377.981	2.08663530876664E-10
378.048	1.9462342846548E-10
378.116	1.84650517081769E-10
378.183	1.47821310736606E-10
378.251	9.13997766319038E-11
378.318	-6.02629057766717E-13
378.385	-9.66836610818532E-11
378.453	-1.42139966473719E-10
378.52	-1.66776259483166E-10
378.588	-2.05270911400853E-10
378.655	-2.37856734336938E-10
378.722	-2.42793118972515E-10
378.79	-2.39598563240688E-10
378.857	-2.47880049850293E-10
378.924	-2.48599696415034E-10
378.992	-2.47041276354981E-10
379.059	-2.38068231823179E-10
379.126	-2.01661132257852E-10
379.193	-1.39634193106787E-10
379.261	-7.53245243984627E-11
379.328	-9.28279675353894E-12
379.395	6.69038158185133E-11
379.462	1.3076562054548E-10
379.529	1.50292667189053E-10
379.596	1.37356570552586E-10
379.664	1.16611387206285E-10
379.731	7.35578264938344E-11
379.798	1.80848669371655E-11
379.865	-1.09259268300008E-11
379.932	-3.56783491645954E-11
379.999	-3.96661592468968E-11
380.066	-3.06288328034057E-12
380.133	4.22382129263671E-11
380.2	7.38782368587176E-11
380.267	1.13338449730066E-10
380.334	1.16364473605637E-10
380.401	8.38316083183022E-11
380.468	4.40154579441104E-11
380.534	9.08251251981223E-12
380.601	-1.520328307703E-11
380.668	-3.81983333853261E-12
380.735	1.98197014354119E-11
380.802	5.14399633986343E-11
380.869	9.35327371066165E-11
380.935	1.56584523113243E-10
381.002	2.24178453553233E-10
381.069	2.41569209051516E-10
381.136	1.97620142452961E-10
381.202	1.30001565060033E-10
381.269	4.87894169497771E-11
381.336	-3.88996612706654E-11
381.402	-1.2517265003071E-10
381.469	-2.00396033121037E-10
381.536	-2.59276267156355E-10
381.602	-2.69932853883342E-10
381.669	-2.42610598307223E-10
381.735	-2.14383066877376E-10
381.802	-1.87373006017357E-10
381.869	-1.60281787854954E-10
381.935	-1.63898783447467E-10
382.002	-1.93876692496851E-10
382.068	-2.5912405557964E-10
382.135	-3.37210259772303E-10
382.201	-4.11445433363955E-10
382.267	-4.7783632617685E-10
382.334	-5.17317078197492E-10
382.4	-5.19459697613827E-10
382.467	-4.91120144672926E-10
382.533	-4.46311765422657E-10
382.599	-3.90342647170328E-10
382.666	-2.94215540862491E-10
382.732	-1.82467485582143E-10
382.798	-8.57716120387244E-11
382.865	-1.58446589183659E-11
382.931	3.41326966684933E-11
382.997	9.19482268060184E-11
383.063	1.60295998683977E-10
383.129	2.03182581849823E-10
383.196	2.25956586749072E-10
383.262	2.45138798119423E-10
383.328	2.62393440274558E-10
383.394	2.810180976414E-10
383.46	2.65264699060086E-10
383.526	1.99266381153548E-10
383.592	1.13087539326529E-10
383.658	5.74216230103842E-11
383.725	1.1726619675232E-11
383.791	-3.0714653043634E-11
383.857	-6.28647134368385E-11
383.923	-7.40203454113381E-11
383.989	-6.15718587245821E-11
384.054	1.06552544564807E-11
384.12	1.30764288277851E-10
384.186	2.30667040996876E-10
384.252	2.89696933067023E-10
384.318	3.36113803399842E-10
384.384	3.55919071929277E-10
384.45	3.19955173415538E-10
384.516	2.5729418592378E-10
384.581	2.04713579400469E-10
384.647	1.91012539100886E-10
384.713	2.23294493981224E-10
384.779	2.96750179940398E-10
384.845	3.40138583907352E-10
384.91	3.41261907563285E-10
384.976	3.5981151385222E-10
385.042	3.89527299228994E-10
385.107	3.82134768200077E-10
385.173	3.29953397882854E-10
385.239	2.49960274669571E-10
385.304	1.71016534252587E-10
385.37	1.14840359437607E-10
385.435	1.0575940123099E-10
385.501	1.41212153071967E-10
385.567	2.0147483679369E-10
385.632	2.81967116282582E-10
385.698	3.75069752963247E-10
385.763	4.56925164267179E-10
385.829	5.11861664034279E-10
385.894	5.36987343336E-10
385.959	5.49873701975821E-10
386.025	5.42585753956953E-10
386.09	5.28630250544889E-10
386.156	4.91777063395074E-10
386.221	4.1985637180343E-10
386.286	3.36431993318593E-10
386.352	2.56075605132264E-10
386.417	1.47523548921445E-10
386.482	-5.29898347424745E-12
386.548	-1.94318339216132E-10
386.613	-4.06834788163103E-10
386.678	-6.1007876547017E-10
386.743	-7.67098496129448E-10
386.808	-8.60057359034639E-10
386.874	-9.02036556967239E-10
386.939	-8.88720875064869E-10
387.004	-8.35355562849604E-10
387.069	-7.2599404292425E-10
387.134	-5.66792613004496E-10
387.199	-4.10102729637422E-10
387.264	-2.77123324326596E-10
387.329	-1.51770707124547E-10
387.394	-6.4181771011035E-11
387.459	-2.02393657389187E-13
387.524	9.12654396459365E-11
387.589	1.74842362794783E-10
387.654	1.83223436406178E-10
387.719	1.72184044785082E-10
387.784	1.77729164702905E-10
387.849	1.64878555239675E-10
387.914	1.65232938429077E-10
387.979	1.97049931907626E-10
388.044	2.13868034370402E-10
388.109	2.16555218178627E-10
388.173	2.27776020241415E-10
388.238	2.4278690166463E-10
388.303	2.68134625577977E-10
388.368	2.81251244476505E-10
388.433	2.48165932217619E-10
388.497	1.83119297486487E-10
388.562	1.19112053546655E-10
388.627	8.64106564042869E-11
388.691	6.75957068074131E-11
388.756	5.351452614234E-11
388.821	3.81830123067843E-11
388.885	7.06790181934369E-12
388.95	-5.59055024511674E-11
389.014	-1.2947209971642E-10
389.079	-2.16641371532252E-10
389.144	-3.03326475094497E-10
389.208	-3.65305674665639E-10
389.273	-3.9601089082478E-10
389.337	-4.36245928365451E-10
389.402	-5.00074870527083E-10
389.466	-5.33296074110106E-10
389.53	-5.1548409998289E-10
389.595	-4.50343873405298E-10
389.659	-3.52441964563901E-10
389.724	-2.07871719858877E-10
389.788	-5.26992893781783E-11
389.852	1.11435971555282E-10
389.917	2.94456681216806E-10
389.981	4.63669769138672E-10
390.045	5.89056803161603E-10
390.109	6.84221123968998E-10
390.174	7.00617785763728E-10
390.238	6.22520035326559E-10
390.302	5.24378762496628E-10
390.366	4.38752811763647E-10
390.431	3.53820972458085E-10
390.495	3.04327896170397E-10
390.559	2.78167044914959E-10
390.623	2.3636870236081E-10
390.687	2.00627736626072E-10
390.751	1.78981274229854E-10
390.815	1.58452584374183E-10
390.879	1.38996369959731E-10
390.943	1.4895351617695E-10
391.007	1.98272065412892E-10
391.071	2.66008104397178E-10
391.135	3.21204396362446E-10
391.199	3.71899844184521E-10
391.263	4.10820266609759E-10
391.327	4.25979473826253E-10
391.391	4.12968770206128E-10
391.455	3.77984754535605E-10
391.519	2.86471069047601E-10
391.582	1.43868472680307E-10
391.646	3.48276962824305E-12
391.71	-1.03127173472816E-10
391.774	-1.814907113649E-10
391.838	-2.43178810451364E-10
391.901	-2.68063793420883E-10
391.965	-2.71746292172256E-10
392.029	-2.76107248214178E-10
392.092	-2.38514874546093E-10
392.156	-1.4481071898214E-10
392.22	-2.16535678279186E-11
392.283	1.36287425780018E-10
392.347	3.41503270048756E-10
392.411	5.39711830636963E-10
392.474	6.95962398580121E-10
392.538	8.28786816609754E-10
392.601	9.33412013912194E-10
392.665	9.78986002895664E-10
392.728	9.46050126678836E-10
392.792	8.1837403487037E-10
392.855	6.27186968829957E-10
392.919	4.32597069183993E-10
392.982	2.63825850020553E-10
393.046	1.06532116456047E-10
393.109	-1.17794662913423E-11
393.172	-9.67843583101964E-11
393.236	-1.78285941581441E-10
393.299	-2.46335507578053E-10
393.362	-2.64682387153881E-10
393.426	-2.86220713837542E-10
393.489	-3.41768280401449E-10
393.552	-3.99045130352287E-10
393.615	-4.3400671954611E-10
393.679	-4.68525773843333E-10
393.742	-4.76916617422811E-10
393.805	-4.38862279946427E-10
393.868	-4.00066313490745E-10
393.931	-3.84390963577612E-10
393.994	-3.37362027259821E-10
394.057	-2.78927658786719E-10
394.121	-2.56858867541913E-10
394.184	-2.5903224013548E-10
394.247	-2.81523138174415E-10
394.31	-3.44241080145045E-10
394.373	-4.22221702134669E-10
394.436	-4.97670571543755E-10
394.499	-5.53415535773295E-10
394.562	-5.77844106064848E-10
394.625	-5.86573678690255E-10
394.687	-6.14468809356831E-10
394.75	-6.68158528728321E-10
394.813	-7.16536608082159E-10
394.876	-7.58141993916059E-10
394.939	-7.86105070236581E-10
395.002	-8.24085910961889E-10
395.065	-8.96685837095246E-10
395.127	-9.87651849681311E-10
395.19	-1.05779640658268E-09
395.253	-1.09384434903032E-09
395.316	-1.09066844504261E-09
395.378	-1.05405384476272E-09
395.441	-9.83807591432454E-10
395.504	-9.16821174955013E-10
395.566	-8.70069128234765E-10
395.629	-8.30987057288669E-10
395.691	-7.83543452649853E-10
395.754	-7.51507301115891E-10
395.817	-7.41150807667551E-10
395.879	-7.57708562846917E-10
395.942	-8.08707323656831E-10
396.004	-8.65334582142142E-10
396.067	-8.70824523981377E-10
396.129	-8.36001379583568E-10
396.192	-7.99195931974918E-10
396.254	-7.71891328930443E-10
396.316	-7.24715621110466E-10
396.379	-6.48153420034434E-10
396.441	-5.29718269389047E-10
396.504	-3.54361762218761E-10
396.566	-1.69068203895587E-10
396.628	-8.71991368004892E-12
396.69	1.42592382335985E-10
396.753	2.94697155523868E-10
396.815	4.11924716474201E-10
396.877	4.80068651383067E-10
396.939	4.96343188648497E-10
397.002	4.68350691452915E-10
397.064	4.0849013052663E-10
397.126	3.37858185815545E-10
397.188	2.56851206937068E-10
397.25	1.48645984399175E-10
397.312	5.16522380409317E-11
397.374	8.83182416085412E-12
397.437	2.6158408772061E-11
397.499	9.94657689496408E-11
397.561	2.13825179761661E-10
397.623	3.10623082762691E-10
397.685	3.95304899846876E-10
397.747	5.00843144609664E-10
397.809	6.14950312704743E-10
397.87	7.08476610460303E-10
397.932	7.84502906773042E-10
397.994	8.29053492180048E-10
398.056	8.10108646503371E-10
398.118	7.48806794068055E-10
398.18	6.82272238472902E-10
398.242	6.31105389970603E-10
398.303	6.25609563957557E-10
398.365	6.64527543882268E-10
398.427	7.47616857031152E-10
398.489	8.69227134336601E-10
398.55	1.00158148391506E-09
398.612	1.13409881421584E-09
398.674	1.25172050424102E-09
398.735	1.3280603274942E-09
398.797	1.34806965499564E-09
398.859	1.31108479542547E-09
398.92	1.25228760616129E-09
398.982	1.17097709238231E-09
399.043	1.0491225660484E-09
399.105	9.02980134701346E-10
399.166	7.60348894667954E-10
399.228	6.34290175737028E-10
399.289	5.87597081929685E-10
399.351	5.69434277346535E-10
399.412	5.56082957304511E-10
399.474	5.3828941289858E-10
399.535	5.13987741125346E-10
399.597	5.00309127335087E-10
399.658	5.29129406816497E-10
399.719	6.06033001376398E-10
399.781	6.85424383682263E-10
399.842	7.31484872406069E-10
399.903	7.52326645142685E-10
399.964	7.44764472038414E-10
400.026	6.5500560509555E-10
400.087	5.38111555170131E-10
400.148	4.4846415460034E-10
400.209	3.52925466566739E-10
400.27	2.16539230967075E-10
400.332	1.00508490414264E-10
400.393	7.20190573818159E-11
400.454	1.07407860377778E-10
400.515	1.97719174346738E-10
400.576	3.38034933321006E-10
400.637	4.67047733711824E-10
400.698	5.53132872685113E-10
400.759	6.28405105531811E-10
400.82	6.88825440893562E-10
400.881	6.99923452284614E-10
400.942	6.31860785716081E-10
401.003	4.64328797525784E-10
401.064	2.42096787032691E-10
401.125	5.95770099902654E-11
401.185	-8.10596034772173E-11
401.246	-2.09737005562939E-10
401.307	-3.03467695463272E-10
401.368	-3.68206687430048E-10
401.429	-4.27757829249315E-10
401.489	-4.42958891886798E-10
401.55	-4.16731427230989E-10
401.611	-4.00670496860988E-10
401.672	-4.40067316017885E-10
401.732	-5.06817254959026E-10
401.793	-6.05548500415434E-10
401.854	-7.5252981652234E-10
401.914	-9.4695573649589E-10
401.975	-1.17252241318328E-09
402.035	-1.39268430218554E-09
402.096	-1.55187662840796E-09
402.157	-1.61419566732487E-09
402.217	-1.61901758797322E-09
402.278	-1.6070935706249E-09
402.338	-1.55308444003832E-09
402.399	-1.42528244863591E-09
402.459	-1.29732258353552E-09
402.519	-1.18941789821429E-09
402.58	-1.0949994250664E-09
402.64	-1.03582864561603E-09
402.701	-9.85226012370112E-10
402.761	-9.12296349991712E-10
402.821	-8.51245185813742E-10
402.882	-8.05571387698943E-10
402.942	-7.09701297981575E-10
403.002	-5.4328452862343E-10
403.062	-3.1732305677029E-10
403.123	-6.10991257606677E-11
403.183	1.45073508751061E-10
403.243	2.32968089237181E-10
403.303	2.61728638727587E-10
403.363	2.45890419106909E-10
403.423	1.78915549026808E-10
403.483	6.92343959916478E-11
403.544	-7.13400449850932E-11
403.604	-2.44272491153189E-10
403.664	-3.71023101199958E-10
403.724	-4.13229228698356E-10
403.784	-4.09329459300454E-10
403.844	-3.74077879853353E-10
403.904	-3.34972605265419E-10
403.964	-3.01494051991799E-10
404.023	-2.55664378589412E-10
404.083	-1.35576883062736E-10
404.143	4.18498569123696E-11
404.203	2.19145368494513E-10
404.263	3.81889630956333E-10
404.323	5.85364645473078E-10
404.383	8.32526491842795E-10
404.442	1.10187237051607E-09
404.502	1.35119648711797E-09
404.562	1.57350687911E-09
404.622	1.72633884816011E-09
404.681	1.78689574088731E-09
404.741	1.79384640314283E-09
404.801	1.77085634887908E-09
404.86	1.68137548187322E-09
404.92	1.52363743727791E-09
404.979	1.40987754704813E-09
405.039	1.34753208500784E-09
405.099	1.30678312529989E-09
405.158	1.29237864770791E-09
405.218	1.32774924300311E-09
405.277	1.37470101874027E-09
405.337	1.38801015029649E-09
405.396	1.45134126833409E-09
405.455	1.611266896385E-09
405.515	1.81915016218517E-09
405.574	2.03679672920083E-09
405.634	2.24788898353571E-09
405.693	2.40545294504693E-09
405.752	2.43630271215751E-09
405.812	2.35429009343568E-09
405.871	2.17265982746417E-09
405.93	1.89305304586059E-09
405.989	1.51571333147399E-09
406.049	1.04535291479453E-09
406.108	5.4716142712815E-10
406.167	1.04511732596047E-10
406.226	-1.76348824447731E-10
406.285	-2.75150124944385E-10
406.344	-1.9896184701754E-10
406.404	3.23803206464832E-11
406.463	3.7036418369743E-10
406.522	7.25864479370302E-10
406.581	1.10754050313973E-09
406.64	1.41594313951229E-09
406.699	1.56197121781302E-09
406.758	1.5529559848225E-09
406.817	1.46197609467148E-09
406.876	1.31469213207235E-09
406.935	1.13060627462893E-09
406.993	9.77038671712376E-10
407.052	8.34604607298556E-10
407.111	7.15842940223445E-10
407.17	6.60188792304906E-10
407.229	7.0672867533157E-10
407.288	8.39347924144994E-10
407.346	9.4347307699651E-10
407.405	1.02047592546285E-09
407.464	1.06556297062427E-09
407.523	1.03436459344203E-09
407.581	9.15705066908819E-10
407.64	7.40683514247528E-10
407.699	5.64353008610311E-10
407.757	3.10515169084731E-10
407.816	-1.22465371178077E-11
407.874	-2.98282509847502E-10
407.933	-5.61931279443827E-10
407.991	-8.20414070349527E-10
408.05	-1.05742448186904E-09
408.109	-1.24482646490551E-09
408.167	-1.39254563532957E-09
408.225	-1.50507351139881E-09
408.284	-1.60464486271786E-09
408.342	-1.73686021271834E-09
408.401	-1.89565774368725E-09
408.459	-2.03073891242549E-09
408.517	-2.16471751869383E-09
408.576	-2.34243869020726E-09
408.634	-2.51764931442037E-09
408.692	-2.73376877065275E-09
408.751	-2.98465874683173E-09
408.809	-3.15627235956851E-09
408.867	-3.22114335723803E-09
408.925	-3.19532967263196E-09
408.984	-3.14990978241663E-09
409.042	-3.0434366184678E-09
409.1	-2.89011037742008E-09
409.158	-2.65699262944548E-09
409.216	-2.33265729227054E-09
409.274	-1.96201022288195E-09
409.332	-1.53748625060744E-09
409.39	-1.10026809945785E-09
409.448	-7.87036325310369E-10
409.506	-6.17296991491503E-10
409.564	-4.0558079125628E-10
409.622	-1.8733159469853E-10
409.68	-1.27971078186934E-10
409.738	-1.78420278567445E-10
409.796	-2.8660518407108E-10
409.854	-4.45588566144093E-10
409.912	-6.39052144739606E-10
409.97	-7.63897057013188E-10
410.027	-8.76551387414305E-10
410.085	-1.12372144985683E-09
410.143	-1.47129708524807E-09
410.201	-1.73819703226462E-09
410.258	-1.87963766950088E-09
410.316	-1.95615968059762E-09
410.374	-2.02392158792896E-09
410.431	-2.11429618481109E-09
410.489	-2.1714678967428E-09
410.547	-2.15568718663663E-09
410.604	-2.03738692791047E-09
410.662	-1.78838433111438E-09
410.719	-1.45334955287264E-09
410.777	-1.18730980673262E-09
410.834	-1.02717745473232E-09
410.892	-9.33508937253592E-10
410.949	-9.16717813191325E-10
411.007	-1.02074604376639E-09
411.064	-1.22722243553838E-09
411.122	-1.39071487755941E-09
411.179	-1.49168688623703E-09
411.236	-1.59826130236065E-09
411.294	-1.67635128141617E-09
411.351	-1.64593294684775E-09
411.408	-1.49553036733172E-09
411.466	-1.25845478561675E-09
411.523	-9.46956180585101E-10
411.58	-5.78279313490752E-10
411.637	-2.59490873267071E-10
411.695	-1.30693234013678E-11
411.752	1.58745461208033E-10
411.809	2.90573565167012E-10
411.866	3.92981647146461E-10
411.923	4.55465665079672E-10
411.98	5.55503864975189E-10
412.037	7.67130580986395E-10
412.094	1.10264974867706E-09
412.151	1.45651823829039E-09
412.208	1.74019154490356E-09
412.265	1.96972127303484E-09
412.322	2.11808215186911E-09
412.379	2.23963203287549E-09
412.436	2.3612172189592E-09
412.493	2.39948216563484E-09
412.55	2.26219021037286E-09
412.607	1.9864203595598E-09
412.664	1.78821246539216E-09
412.721	1.7165531203933E-09
412.777	1.75753789145457E-09
412.834	1.93145588225354E-09
412.891	2.21442730573737E-09
412.948	2.5164383878319E-09
413.004	2.73706879008862E-09
413.061	2.93439117018635E-09
413.118	3.08113045713273E-09
413.174	3.08495273295012E-09
413.231	2.931546556761E-09
413.287	2.73966160493323E-09
413.344	2.57021337216048E-09
413.401	2.40751396306489E-09
413.457	2.27428164930663E-09
413.514	2.22509188604364E-09
413.57	2.27102159042453E-09
413.627	2.37475638871244E-09
413.683	2.57774312673871E-09
413.739	2.91683810012917E-09
413.796	3.20258974382353E-09
413.852	3.30374904665079E-09
413.909	3.2834441778203E-09
413.965	3.23175929938948E-09
414.021	3.11117198186305E-09
414.078	2.91704038276367E-09
414.134	2.72758548708279E-09
414.19	2.51205722574314E-09
414.246	2.17013584644547E-09
414.303	1.695038552525E-09
414.359	1.25179799780804E-09
414.415	7.54520445837692E-10
414.471	1.81869408405592E-10
414.527	-3.34414829217661E-10
414.583	-7.43733186424746E-10
414.639	-1.07636521975626E-09
414.695	-1.3762898608028E-09
414.751	-1.49789969429212E-09
414.807	-1.40433154093087E-09
414.863	-1.22923737930825E-09
414.919	-1.07034459130956E-09
414.975	-8.1439799381877E-10
415.031	-5.26546695272926E-10
415.087	-3.51120244052619E-10
415.143	-1.83033477280201E-10
415.199	1.00643049444835E-10
415.255	4.14183354194566E-10
415.311	6.26910301252394E-10
415.366	8.57872883473564E-10
415.422	1.17613985148536E-09
415.478	1.53839341147561E-09
415.534	1.89446036456394E-09
415.589	2.2474972968535E-09
415.645	2.57688270389685E-09
415.701	2.71361599489115E-09
415.756	2.67301691534679E-09
415.812	2.48238629343952E-09
415.868	2.15886686072531E-09
415.923	1.75798930813559E-09
415.979	1.27037424943264E-09
416.034	7.52804263087519E-10
416.09	1.22693188934453E-10
416.145	-5.97799365743493E-10
416.201	-1.3986720680326E-09
416.256	-2.11269579831771E-09
416.312	-2.66684186201236E-09
416.367	-3.03290681918105E-09
416.422	-3.32293093593707E-09
416.478	-3.55460483901826E-09
416.533	-3.70641029666309E-09
416.588	-3.8081510239997E-09
416.644	-3.82929100273692E-09
416.699	-3.67089503913044E-09
416.754	-3.33113448491562E-09
416.809	-3.02262659803111E-09
416.865	-2.8315596574245E-09
416.92	-2.71781864050369E-09
416.975	-2.64115973884936E-09
417.03	-2.55506427453435E-09
417.085	-2.40400544205015E-09
417.14	-2.18866447427561E-09
417.195	-2.05325112678639E-09
417.25	-2.00646266469773E-09
417.305	-2.00648486915827E-09
417.36	-2.02974670610637E-09
417.415	-2.08746953274381E-09
417.47	-2.27044650005401E-09
417.525	-2.55828081268951E-09
417.58	-2.92425395437406E-09
417.635	-3.22728078116025E-09
417.69	-3.32145600464396E-09
417.745	-3.27580874074671E-09
417.8	-3.09609227624136E-09
417.854	-2.78520618068169E-09
417.909	-2.3959074752891E-09
417.964	-1.92009275330514E-09
418.019	-1.3735261826238E-09
418.073	-8.23434432090502E-10
418.128	-4.32275215716155E-10
418.183	-1.6975154616736E-10
418.238	1.34559252620121E-10
418.292	5.68882274459005E-10
418.347	9.97308013452948E-10
418.401	1.252837610647E-09
418.456	1.47653178463675E-09
418.51	1.69790847903879E-09
418.565	1.95369653597345E-09
418.619	2.28786234140207E-09
418.674	2.66657606750893E-09
418.728	2.89809420485892E-09
418.783	2.79597944405831E-09
418.837	2.49644438143154E-09
418.892	2.13721462521177E-09
418.946	1.71436753535078E-09
419	1.22079390966069E-09
419.055	7.39336813719654E-10
419.109	3.15789616628469E-10
419.163	-3.18532977777252E-11
419.217	-2.09718131771516E-10
419.272	-4.49768000631135E-11
419.326	3.46276784963793E-10
419.38	7.62280904773936E-10
419.434	1.02337849253546E-09
419.488	1.05014064056091E-09
419.542	9.6879082487046E-10
419.597	8.50369774234951E-10
419.651	8.24491141686425E-10
419.705	8.48716430108084E-10
419.759	7.35541405290469E-10
419.813	4.73963312928961E-10
419.867	2.72120104224022E-11
419.921	-4.14659751066178E-10
419.975	-5.82718096168083E-10
420.028	-3.80674380978955E-10
420.082	-3.03673752815207E-11
420.136	1.96101579400178E-10
420.19	3.116660262717E-10
420.244	4.2370817956344E-10
420.298	6.44660546958815E-10
420.351	9.65774793004681E-10
420.405	1.30219679399115E-09
420.459	1.64280122703594E-09
420.513	1.98148808276039E-09
420.566	2.32707253196149E-09
420.62	2.75573719019642E-09
420.674	3.3954556886237E-09
420.727	4.16812428147371E-09
420.781	4.83276550942331E-09
420.834	5.25184894193199E-09
420.888	5.47246269023992E-09
420.942	5.62070699513758E-09
420.995	5.76533308319688E-09
421.049	5.84856339424525E-09
421.102	5.84074498170693E-09
421.155	5.69434098251703E-09
421.209	5.40292209511382E-09
421.262	5.21538499914664E-09
421.316	5.12460472742764E-09
421.369	5.04331930500375E-09
421.422	4.99928652780059E-09
421.476	5.02391393889861E-09
421.529	4.93084438729674E-09
421.582	4.56144321273551E-09
421.635	4.12811384223363E-09
421.689	3.75815178270594E-09
421.742	3.36764082719261E-09
421.795	2.69570299052648E-09
421.848	1.79906511748301E-09
421.901	9.28324972018097E-10
421.954	1.63342672719667E-11
422.007	-1.069868860743E-09
422.06	-2.17909091009106E-09
422.113	-2.95063218738283E-09
422.166	-3.32502437247926E-09
422.219	-3.5535380257101E-09
422.272	-3.71979281402931E-09
422.325	-3.78691512199324E-09
422.378	-3.66190767269085E-09
422.431	-3.47232376788354E-09
422.484	-3.35900896551043E-09
422.537	-3.24136618071923E-09
422.59	-3.14335857837231E-09
422.643	-3.2372423683032E-09
422.695	-3.67105913009408E-09
422.748	-4.38312676004607E-09
422.801	-5.17458766064904E-09
422.854	-6.0801823760772E-09
422.906	-7.12084038716045E-09
422.959	-8.34541483847955E-09
423.012	-9.50401184494001E-09
423.064	-1.03986648721781E-08
423.117	-1.10066920628425E-08
423.169	-1.1335746627895E-08
423.222	-1.15720961261326E-08
423.274	-1.18939966361599E-08
