2.78728117600000e+02 0.00000000000000e+00
2.78813031100000e+02 0.00000000000000e+00
2.78897934600000e+02 0.00000000000000e+00
2.78982828100000e+02 0.00000000000000e+00
2.79067711600000e+02 0.00000000000000e+00
2.79152585200000e+02 0.00000000000000e+00
2.79237448700000e+02 0.00000000000000e+00
2.79322302300000e+02 0.00000000000000e+00
2.79407145800000e+02 0.00000000000000e+00
2.79491979300000e+02 0.00000000000000e+00
2.79576802800000e+02 0.00000000000000e+00
2.79661616300000e+02 0.00000000000000e+00
2.79746419700000e+02 0.00000000000000e+00
2.79831213200000e+02 0.00000000000000e+00
2.79915996500000e+02 0.00000000000000e+00
2.80000769900000e+02 0.00000000000000e+00
2.80085533100000e+02 0.00000000000000e+00
2.80170286400000e+02 0.00000000000000e+00
2.80255029500000e+02 0.00000000000000e+00
2.80339762600000e+02 0.00000000000000e+00
2.80424485700000e+02 0.00000000000000e+00
2.80509198600000e+02 0.00000000000000e+00
2.80593901500000e+02 0.00000000000000e+00
2.80678594300000e+02 0.00000000000000e+00
2.80763277000000e+02 0.00000000000000e+00
2.80847949600000e+02 0.00000000000000e+00
2.80932612100000e+02 0.00000000000000e+00
2.81017264500000e+02 0.00000000000000e+00
2.81101906800000e+02 0.00000000000000e+00
2.81186539000000e+02 0.00000000000000e+00
2.81271161100000e+02 0.00000000000000e+00
2.81355773000000e+02 0.00000000000000e+00
2.81440374800000e+02 0.00000000000000e+00
2.81524966400000e+02 0.00000000000000e+00
2.81609548000000e+02 0.00000000000000e+00
2.81694119300000e+02 0.00000000000000e+00
2.81778680500000e+02 0.00000000000000e+00
2.81863231600000e+02 0.00000000000000e+00
2.81947772500000e+02 0.00000000000000e+00
2.82032303200000e+02 0.00000000000000e+00
2.82116823800000e+02 0.00000000000000e+00
2.82201334200000e+02 0.00000000000000e+00
2.82285834400000e+02 0.00000000000000e+00
2.82370324400000e+02 0.00000000000000e+00
2.82454804200000e+02 0.00000000000000e+00
2.82539273800000e+02 0.00000000000000e+00
2.82623733200000e+02 0.00000000000000e+00
2.82708182400000e+02 0.00000000000000e+00
2.82792621400000e+02 0.00000000000000e+00
2.82877050200000e+02 0.00000000000000e+00
2.82961468700000e+02 0.00000000000000e+00
2.83045877000000e+02 0.00000000000000e+00
2.83130275100000e+02 0.00000000000000e+00
2.83214663000000e+02 0.00000000000000e+00
2.83299040600000e+02 0.00000000000000e+00
2.83383407900000e+02 0.00000000000000e+00
2.83467765000000e+02 0.00000000000000e+00
2.83552111800000e+02 0.00000000000000e+00
2.83636448400000e+02 0.00000000000000e+00
2.83720774700000e+02 0.00000000000000e+00
2.83805090700000e+02 0.00000000000000e+00
2.83889396400000e+02 0.00000000000000e+00
2.83973691900000e+02 0.00000000000000e+00
2.84057977000000e+02 0.00000000000000e+00
2.84142251900000e+02 0.00000000000000e+00
2.84226516400000e+02 0.00000000000000e+00
2.84310770700000e+02 0.00000000000000e+00
2.84395014600000e+02 0.00000000000000e+00
2.84479248300000e+02 0.00000000000000e+00
2.84563471600000e+02 0.00000000000000e+00
2.84647684500000e+02 0.00000000000000e+00
2.84731887200000e+02 0.00000000000000e+00
2.84816079500000e+02 0.00000000000000e+00
2.84900261400000e+02 0.00000000000000e+00
2.84984433000000e+02 0.00000000000000e+00
2.85068594300000e+02 0.00000000000000e+00
2.85152745200000e+02 0.00000000000000e+00
2.85236885700000e+02 0.00000000000000e+00
2.85321015900000e+02 0.00000000000000e+00
2.85405135700000e+02 0.00000000000000e+00
2.85489245100000e+02 0.00000000000000e+00
2.85573344100000e+02 0.00000000000000e+00
2.85657432800000e+02 0.00000000000000e+00
2.85741511000000e+02 0.00000000000000e+00
2.85825578900000e+02 0.00000000000000e+00
2.85909636300000e+02 0.00000000000000e+00
2.85993683300000e+02 0.00000000000000e+00
2.86077719900000e+02 0.00000000000000e+00
2.86161746100000e+02 0.00000000000000e+00
2.86245761900000e+02 0.00000000000000e+00
2.86329767200000e+02 0.00000000000000e+00
2.86413762100000e+02 0.00000000000000e+00
2.86497746600000e+02 0.00000000000000e+00
2.86581720600000e+02 0.00000000000000e+00
2.86665684200000e+02 0.00000000000000e+00
2.86749637300000e+02 0.00000000000000e+00
2.86833579900000e+02 0.00000000000000e+00
2.86917512100000e+02 0.00000000000000e+00
2.87001433800000e+02 0.00000000000000e+00
2.87085345000000e+02 0.00000000000000e+00
2.87169245800000e+02 0.00000000000000e+00
2.87253136000000e+02 0.00000000000000e+00
2.87337015800000e+02 0.00000000000000e+00
2.87420885100000e+02 0.00000000000000e+00
2.87504743800000e+02 0.00000000000000e+00
2.87588592100000e+02 0.00000000000000e+00
2.87672429800000e+02 0.00000000000000e+00
2.87756257100000e+02 0.00000000000000e+00
2.87840073800000e+02 0.00000000000000e+00
2.87923879900000e+02 0.00000000000000e+00
2.88007675600000e+02 0.00000000000000e+00
2.88091460700000e+02 0.00000000000000e+00
2.88175235200000e+02 0.00000000000000e+00
2.88258999200000e+02 0.00000000000000e+00
2.88342752700000e+02 0.00000000000000e+00
2.88426495600000e+02 0.00000000000000e+00
2.88510227900000e+02 0.00000000000000e+00
2.88593949700000e+02 0.00000000000000e+00
2.88677660800000e+02 0.00000000000000e+00
2.88761361400000e+02 0.00000000000000e+00
2.88845051500000e+02 0.00000000000000e+00
2.88928730900000e+02 0.00000000000000e+00
2.89012399700000e+02 0.00000000000000e+00
2.89096057900000e+02 0.00000000000000e+00
2.89179705600000e+02 0.00000000000000e+00
2.89263342600000e+02 0.00000000000000e+00
2.89346969000000e+02 0.00000000000000e+00
2.89430584700000e+02 0.00000000000000e+00
2.89514189900000e+02 0.00000000000000e+00
2.89597784400000e+02 0.00000000000000e+00
2.89681368300000e+02 0.00000000000000e+00
2.89764941500000e+02 0.00000000000000e+00
2.89848504100000e+02 0.00000000000000e+00
2.89932056000000e+02 0.00000000000000e+00
2.90015597300000e+02 0.00000000000000e+00
2.90099127900000e+02 0.00000000000000e+00
2.90182647900000e+02 0.00000000000000e+00
2.90266157100000e+02 0.00000000000000e+00
2.90349655700000e+02 0.00000000000000e+00
2.90433143600000e+02 0.00000000000000e+00
2.90516620900000e+02 0.00000000000000e+00
2.90600087400000e+02 0.00000000000000e+00
2.90683543200000e+02 0.00000000000000e+00
2.90766988400000e+02 0.00000000000000e+00
2.90850422800000e+02 0.00000000000000e+00
2.90933846500000e+02 0.00000000000000e+00
2.91017259500000e+02 0.00000000000000e+00
2.91100661700000e+02 0.00000000000000e+00
2.91184053200000e+02 0.00000000000000e+00
2.91267434000000e+02 0.00000000000000e+00
2.91350804100000e+02 0.00000000000000e+00
2.91434163400000e+02 0.00000000000000e+00
2.91517511900000e+02 0.00000000000000e+00
2.91600849700000e+02 0.00000000000000e+00
2.91684176800000e+02 0.00000000000000e+00
2.91767493100000e+02 0.00000000000000e+00
2.91850798600000e+02 0.00000000000000e+00
2.91934093300000e+02 0.00000000000000e+00
2.92017377200000e+02 0.00000000000000e+00
2.92100650400000e+02 0.00000000000000e+00
2.92183912800000e+02 0.00000000000000e+00
2.92267164300000e+02 0.00000000000000e+00
2.92350405100000e+02 0.00000000000000e+00
2.92433635100000e+02 0.00000000000000e+00
2.92516854200000e+02 0.00000000000000e+00
2.92600062500000e+02 0.00000000000000e+00
2.92683260000000e+02 0.00000000000000e+00
2.92766446700000e+02 0.00000000000000e+00
2.92849622600000e+02 0.00000000000000e+00
2.92932787600000e+02 0.00000000000000e+00
2.93015941700000e+02 0.00000000000000e+00
2.93099085100000e+02 0.00000000000000e+00
2.93182217500000e+02 0.00000000000000e+00
2.93265339100000e+02 0.00000000000000e+00
2.93348449900000e+02 0.00000000000000e+00
2.93431549700000e+02 0.00000000000000e+00
2.93514638700000e+02 0.00000000000000e+00
2.93597716800000e+02 0.00000000000000e+00
2.93680784100000e+02 0.00000000000000e+00
2.93763840400000e+02 0.00000000000000e+00
2.93846885900000e+02 0.00000000000000e+00
2.93929920400000e+02 0.00000000000000e+00
2.94012944100000e+02 0.00000000000000e+00
2.94095956800000e+02 0.00000000000000e+00
2.94178958600000e+02 0.00000000000000e+00
2.94261949500000e+02 4.89401478507608e+04
2.94344929500000e+02 4.57497348507838e+04
2.94427898500000e+02 4.72637631836992e+04
2.94510856600000e+02 4.74371489555841e+04
2.94593803800000e+02 4.68422852154301e+04
2.94676740000000e+02 4.66366612286215e+04
2.94759665200000e+02 4.49580588015771e+04
2.94842579500000e+02 4.40473335057993e+04
2.94925482900000e+02 4.23068440374670e+04
2.95008375300000e+02 4.16806291898610e+04
2.95091256700000e+02 4.11823615901761e+04
2.95174127100000e+02 4.06090051249957e+04
2.95256986500000e+02 4.02355361860862e+04
2.95339835000000e+02 4.09787631324323e+04
2.95422672500000e+02 4.25238198177190e+04
2.95505498900000e+02 4.41718787537545e+04
2.95588314400000e+02 4.55058319688973e+04
2.95671118800000e+02 4.65781866556547e+04
2.95753912300000e+02 4.69005454735345e+04
2.95836694700000e+02 4.67771143906607e+04
2.95919466100000e+02 4.66365821596056e+04
2.96002226500000e+02 4.64314465093904e+04
2.96084975800000e+02 4.58097593540045e+04
2.96167714100000e+02 4.46815416228313e+04
2.96250441300000e+02 4.31479462233628e+04
2.96333157500000e+02 4.12738889383680e+04
2.96415862700000e+02 3.91448752283291e+04
2.96498556800000e+02 3.71649229605421e+04
2.96581239800000e+02 3.54306362693057e+04
2.96663911700000e+02 3.37963261402208e+04
2.96746572600000e+02 3.25341418985512e+04
2.96829222400000e+02 3.21279854364277e+04
2.96911861100000e+02 3.24744017830680e+04
2.96994488700000e+02 3.29363126746302e+04
2.97077105200000e+02 3.35627527754912e+04
2.97159710700000e+02 3.52062057959745e+04
2.97242305000000e+02 3.78844944286971e+04
2.97324888200000e+02 4.08574474239340e+04
2.97407460300000e+02 4.41697963849180e+04
2.97490021200000e+02 4.79350054695519e+04
2.97572571100000e+02 5.13625841482723e+04
2.97655109800000e+02 5.35128713207900e+04
2.97737637300000e+02 5.42610191284767e+04
2.97820153800000e+02 5.37915499241820e+04
2.97902659000000e+02 5.21824220545001e+04
2.97985153200000e+02 4.94562718010465e+04
2.98067636100000e+02 4.58208453948048e+04
2.98150107900000e+02 4.23534890138865e+04
2.98232568600000e+02 3.95575739494665e+04
2.98315018000000e+02 3.74889845942096e+04
2.98397456300000e+02 3.66704552616366e+04
2.98479883400000e+02 3.67262741558203e+04
2.98562299300000e+02 3.77015648742545e+04
2.98644704000000e+02 4.01235414471040e+04
2.98727097500000e+02 4.34896439324152e+04
2.98809479800000e+02 4.69471547499152e+04
2.98891850900000e+02 4.96591018965241e+04
2.98974210800000e+02 5.16415495582952e+04
2.99056559500000e+02 5.29053374644202e+04
2.99138896900000e+02 5.26624378681886e+04
2.99221223100000e+02 5.16684303972150e+04
2.99303538100000e+02 5.12053302613800e+04
2.99385841900000e+02 5.14727363536375e+04
2.99468134400000e+02 5.22499267912629e+04
2.99550415600000e+02 5.25216188572079e+04
2.99632685600000e+02 5.17346998998766e+04
2.99714944300000e+02 5.06181874281488e+04
2.99797191700000e+02 4.87768097607585e+04
2.99879427900000e+02 4.59020394329623e+04
2.99961652800000e+02 4.23061086572117e+04
3.00043866500000e+02 3.85583496756797e+04
3.00126068800000e+02 3.64876464435290e+04
3.00208259900000e+02 3.68032790491943e+04
3.00290439600000e+02 3.82872549598396e+04
3.00372608000000e+02 3.97630946125152e+04
3.00454765200000e+02 4.06634943858990e+04
3.00536911000000e+02 4.14343084113540e+04
3.00619045500000e+02 4.23061210023576e+04
3.00701168700000e+02 4.30611001037843e+04
3.00783280600000e+02 4.40130248304257e+04
3.00865381100000e+02 4.48057606259578e+04
3.00947470300000e+02 4.58897126631951e+04
3.01029548100000e+02 4.79748614265428e+04
3.01111614600000e+02 5.03547658141103e+04
3.01193669700000e+02 5.22775561828379e+04
3.01275713500000e+02 5.31086713874585e+04
3.01357745900000e+02 5.27151742658414e+04
3.01439767000000e+02 5.16297754312191e+04
3.01521776700000e+02 4.96538467084069e+04
3.01603775000000e+02 4.67048395877598e+04
3.01685761900000e+02 4.31642569203176e+04
3.01767737400000e+02 3.91765733540446e+04
3.01849701500000e+02 3.55122793578142e+04
3.01931654200000e+02 3.34779625837185e+04
3.02013595500000e+02 3.34266974210241e+04
3.02095525400000e+02 3.42600758854495e+04
3.02177443900000e+02 3.54663701127785e+04
3.02259351000000e+02 3.70928297001637e+04
3.02341246600000e+02 3.94108310787051e+04
3.02423130800000e+02 4.28168931305433e+04
3.02505003600000e+02 4.61141644463799e+04
3.02586865000000e+02 4.82357409232282e+04
3.02668714800000e+02 4.96932441860512e+04
3.02750553300000e+02 5.10710978843751e+04
3.02832380200000e+02 5.26550638968544e+04
3.02914195800000e+02 5.45834550477842e+04
3.02995999800000e+02 5.60172991735219e+04
3.03077792400000e+02 5.65083026282373e+04
3.03159573500000e+02 5.67737052752623e+04
3.03241343100000e+02 5.72595590614641e+04
3.03323101200000e+02 5.75836028986968e+04
3.03404847800000e+02 5.68975989778392e+04
3.03486583000000e+02 5.45815852456963e+04
3.03568306600000e+02 5.19220981640045e+04
3.03650018700000e+02 4.99152046319544e+04
3.03731719300000e+02 4.78098713105725e+04
3.03813408400000e+02 4.52539458182166e+04
3.03895086000000e+02 4.29642919783392e+04
3.03976752000000e+02 4.23437655394936e+04
3.04058406500000e+02 4.34471655314223e+04
3.04140049500000e+02 4.46232659034995e+04
3.04221680900000e+02 4.54635979921394e+04
3.04303300800000e+02 4.64569570962095e+04
3.04384909100000e+02 4.70595821318623e+04
3.04466505800000e+02 4.69460377177589e+04
3.04548091000000e+02 4.68196871216591e+04
3.04629664600000e+02 4.71531238725848e+04
3.04711226700000e+02 4.76777497436016e+04
3.04792777100000e+02 4.79836578992796e+04
3.04874316000000e+02 4.89687324321435e+04
3.04955843300000e+02 5.13904805944030e+04
3.05037359000000e+02 5.39595907904121e+04
3.05118863000000e+02 5.51979999244141e+04
3.05200355500000e+02 5.51663387990808e+04
3.05281836400000e+02 5.47825307006895e+04
3.05363305600000e+02 5.36459020770080e+04
3.05444763200000e+02 5.03023230580613e+04
3.05526209200000e+02 4.58549528024086e+04
3.05607643600000e+02 4.22555113587549e+04
3.05689066300000e+02 4.00857406483929e+04
3.05770477400000e+02 3.91267449728608e+04
3.05851876800000e+02 3.88748716313452e+04
3.05933264600000e+02 3.94107700294589e+04
3.06014640800000e+02 4.07246895998278e+04
3.06096005200000e+02 4.20626390311597e+04
3.06177358000000e+02 4.32481326915924e+04
3.06258699100000e+02 4.41569274813234e+04
3.06340028600000e+02 4.38570560535658e+04
3.06421346300000e+02 4.23424086343488e+04
3.06502652400000e+02 4.09456591547075e+04
3.06583946800000e+02 4.06737219793086e+04
3.06665229400000e+02 4.17378368744832e+04
3.06746500400000e+02 4.33310886807851e+04
3.06827759700000e+02 4.48063123103961e+04
3.06909007200000e+02 4.64271901801891e+04
3.06990243000000e+02 4.83307947577850e+04
3.07071467100000e+02 5.01850165946585e+04
3.07152679500000e+02 5.12675432771207e+04
3.07233880100000e+02 5.10718806159881e+04
3.07315069000000e+02 5.05028815075279e+04
3.07396246200000e+02 5.04674804325824e+04
3.07477411500000e+02 5.06032941674125e+04
3.07558565200000e+02 5.03931411096987e+04
3.07639707100000e+02 5.02124428215832e+04
3.07720837200000e+02 5.02847310242142e+04
3.07801955500000e+02 5.03418016530617e+04
3.07883062100000e+02 4.96327547757713e+04
3.07964156800000e+02 4.82890030102293e+04
3.08045239800000e+02 4.74645831539616e+04
3.08126311000000e+02 4.76162513429203e+04
3.08207370400000e+02 4.81069972096874e+04
3.08288418000000e+02 4.85045553526655e+04
3.08369453800000e+02 4.87991735833957e+04
3.08450477800000e+02 4.89955985242941e+04
3.08531490000000e+02 4.91048369268059e+04
3.08612490300000e+02 4.90841281165356e+04
3.08693478800000e+02 4.81564634857232e+04
3.08774455500000e+02 4.59798987001099e+04
3.08855420300000e+02 4.33042395669251e+04
3.08936373300000e+02 4.08196725027896e+04
3.09017314400000e+02 3.87494299176302e+04
3.09098243700000e+02 3.73921186186987e+04
3.09179161100000e+02 3.69748816895027e+04
3.09260066700000e+02 3.71768650837024e+04
3.09340960400000e+02 3.72325267949719e+04
3.09421842200000e+02 3.71390851441630e+04
3.09502712200000e+02 3.77384190371289e+04
3.09583570200000e+02 3.88654575204898e+04
3.09664416400000e+02 3.89128038153449e+04
3.09745250600000e+02 3.72510520291498e+04
3.09826073000000e+02 3.51687141971469e+04
3.09906883500000e+02 3.41221790988814e+04
3.09987682000000e+02 3.46264030956092e+04
3.10068468700000e+02 3.59669831688741e+04
3.10149243400000e+02 3.77158714169234e+04
3.10230006100000e+02 4.02167988482409e+04
3.10310757000000e+02 4.35321379810701e+04
3.10391495900000e+02 4.73605898998753e+04
3.10472222900000e+02 5.12193817501845e+04
3.10552937900000e+02 5.43681636127628e+04
3.10633641000000e+02 5.63638696567334e+04
3.10714332100000e+02 5.73298068105150e+04
3.10795011300000e+02 5.78976867041118e+04
3.10875678500000e+02 5.84336270652761e+04
3.10956333700000e+02 5.88545592195007e+04
3.11036976900000e+02 5.87966067442565e+04
3.11117608200000e+02 5.78902722365783e+04
3.11198227400000e+02 5.69339200084281e+04
3.11278834700000e+02 5.65030274771180e+04
3.11359430000000e+02 5.57533824066760e+04
3.11440013200000e+02 5.44042427973882e+04
3.11520584500000e+02 5.27369862312521e+04
3.11601143700000e+02 5.10232379912960e+04
3.11681691000000e+02 4.95583863047647e+04
3.11762226200000e+02 4.80772194930172e+04
3.11842749400000e+02 4.66190084519340e+04
3.11923260500000e+02 4.58146071755407e+04
3.12003759600000e+02 4.58807392229713e+04
3.12084246600000e+02 4.66627321369096e+04
3.12164721600000e+02 4.76002252207453e+04
3.12245184600000e+02 4.81645848994426e+04
3.12325635500000e+02 4.86068625820333e+04
3.12406074300000e+02 4.93811560118271e+04
3.12486501000000e+02 5.03112652169547e+04
3.12566915700000e+02 5.06840643866900e+04
3.12647318300000e+02 5.05452029768088e+04
3.12727708800000e+02 5.03469171870225e+04
3.12808087200000e+02 5.04260519802435e+04
3.12888453500000e+02 5.05461115901193e+04
3.12968807800000e+02 5.02451371956477e+04
3.13049149900000e+02 4.96248748546626e+04
3.13129479900000e+02 4.88267810855977e+04
3.13209797700000e+02 4.81155481608584e+04
3.13290103500000e+02 4.77762054805749e+04
3.13370397100000e+02 4.77202793863830e+04
3.13450678600000e+02 4.81876604885612e+04
3.13530948000000e+02 4.93203398454164e+04
3.13611205200000e+02 5.08048785572793e+04
3.13691450300000e+02 5.23025130088420e+04
3.13771683200000e+02 5.35420875908082e+04
3.13851903900000e+02 5.46242249228287e+04
3.13932112500000e+02 5.51907716475806e+04
3.14012308900000e+02 5.42196500916850e+04
3.14092493200000e+02 5.15188982637662e+04
3.14172665300000e+02 4.83000368113529e+04
3.14252825200000e+02 4.58705838630715e+04
3.14332972800000e+02 4.41985045661911e+04
3.14413108300000e+02 4.27205907447594e+04
3.14493231600000e+02 4.18307763784222e+04
3.14573342700000e+02 4.25710293415850e+04
3.14653441600000e+02 4.48471510941578e+04
3.14733528300000e+02 4.73663291019300e+04
3.14813602700000e+02 4.93813882728532e+04
3.14893665000000e+02 5.07940786166819e+04
3.14973715000000e+02 5.18203009126069e+04
3.15053752700000e+02 5.24537686515768e+04
3.15133778200000e+02 5.21068534570010e+04
3.15213791500000e+02 5.11250720125339e+04
3.15293792500000e+02 5.01041579858146e+04
3.15373781300000e+02 4.84794416744505e+04
3.15453757800000e+02 4.60828281173236e+04
3.15533722000000e+02 4.33542660919037e+04
3.15613674000000e+02 4.05804326762713e+04
3.15693613700000e+02 3.82840905478383e+04
3.15773541100000e+02 3.64405463144608e+04
3.15853456200000e+02 3.49729804690463e+04
3.15933359000000e+02 3.45673018823637e+04
3.16013249500000e+02 3.55502229134394e+04
3.16093127700000e+02 3.72727609680668e+04
3.16172993700000e+02 3.91015543512732e+04
3.16252847300000e+02 4.09463460207449e+04
3.16332688500000e+02 4.27957735636294e+04
3.16412517500000e+02 4.48446171674074e+04
3.16492334100000e+02 4.66077062054106e+04
3.16572138400000e+02 4.74854787531107e+04
3.16651930400000e+02 4.82762899952979e+04
3.16731710000000e+02 4.97337245467143e+04
3.16811477200000e+02 5.16595404836513e+04
3.16891232100000e+02 5.36465677613162e+04
3.16970974700000e+02 5.53029258154560e+04
3.17050704900000e+02 5.66443745454009e+04
3.17130422700000e+02 5.79337015381871e+04
3.17210128100000e+02 5.87782288132023e+04
3.17289821200000e+02 5.90532019752019e+04
3.17369501800000e+02 5.90174509554453e+04
3.17449170100000e+02 5.82281308074318e+04
3.17528826000000e+02 5.63976034161257e+04
3.17608469500000e+02 5.38220763792102e+04
3.17688100600000e+02 5.09912711018618e+04
3.17767719200000e+02 4.84182590670099e+04
3.17847325500000e+02 4.57599211991481e+04
3.17926919300000e+02 4.29764354873204e+04
3.18006500700000e+02 4.08332815743674e+04
3.18086069700000e+02 3.97908223764561e+04
3.18165626200000e+02 3.98493445955136e+04
3.18245170300000e+02 4.08455352610106e+04
3.18324701900000e+02 4.23701868872201e+04
3.18404221100000e+02 4.41410475013325e+04
3.18483727900000e+02 4.60923692762669e+04
3.18563222100000e+02 4.81871459014053e+04
3.18642703900000e+02 5.05467759917231e+04
3.18722173300000e+02 5.24816930984241e+04
3.18801630100000e+02 5.30548924520095e+04
3.18881074500000e+02 5.24562775667706e+04
3.18960506400000e+02 5.10976488625546e+04
3.19039925700000e+02 4.95001233883206e+04
3.19119332600000e+02 4.79391470831602e+04
3.19198727000000e+02 4.60558973558050e+04
3.19278108900000e+02 4.43401026734141e+04
3.19357478200000e+02 4.34834061412405e+04
3.19436835100000e+02 4.36551368585919e+04
3.19516179400000e+02 4.52366168336109e+04
3.19595511200000e+02 4.74565649833868e+04
3.19674830400000e+02 4.89308449704299e+04
3.19754137100000e+02 4.97028898056704e+04
3.19833431300000e+02 5.06822206414883e+04
3.19912712900000e+02 5.19438958356232e+04
3.19991981900000e+02 5.30783402862852e+04
3.20071238400000e+02 5.39731374842237e+04
3.20150482400000e+02 5.48702786068724e+04
3.20229713700000e+02 5.59476360435633e+04
3.20308932500000e+02 5.73094511780871e+04
3.20388138700000e+02 5.85029645298828e+04
3.20467332300000e+02 5.92443388519838e+04
3.20546513300000e+02 5.94309709367082e+04
3.20625681700000e+02 5.86120931555765e+04
3.20704837600000e+02 5.68885390591031e+04
3.20783980800000e+02 5.48145538010934e+04
3.20863111400000e+02 5.23778306451471e+04
3.20942229400000e+02 4.97331489788069e+04
3.21021334700000e+02 4.71864937865269e+04
3.21100427500000e+02 4.49867379215312e+04
3.21179507600000e+02 4.35608313981264e+04
3.21258575000000e+02 4.31027554009833e+04
3.21337629800000e+02 4.33561967874339e+04
3.21416672000000e+02 4.39600328529344e+04
3.21495701500000e+02 4.50771234473236e+04
3.21574718400000e+02 4.68600308874308e+04
3.21653722600000e+02 4.86810187950176e+04
3.21732714100000e+02 5.02157463986208e+04
3.21811692900000e+02 5.12205414086993e+04
3.21890659100000e+02 5.13594980211172e+04
3.21969612600000e+02 5.11005804733070e+04
3.22048553400000e+02 5.06900353225083e+04
3.22127481500000e+02 5.00484516438269e+04
3.22206396900000e+02 4.91396646281965e+04
3.22285299600000e+02 4.75661514110535e+04
3.22364189600000e+02 4.57362247455994e+04
3.22443066800000e+02 4.44012569939720e+04
3.22521931400000e+02 4.32892210930634e+04
3.22600783200000e+02 4.19246431365774e+04
3.22679622300000e+02 4.03364767647781e+04
3.22758448700000e+02 3.93753910208134e+04
3.22837262300000e+02 3.95668662007744e+04
3.22916063100000e+02 4.03626027962365e+04
3.22994851200000e+02 4.12705916810231e+04
3.23073626600000e+02 4.21612045579977e+04
3.23152389200000e+02 4.28879888822469e+04
3.23231139000000e+02 4.37432638160570e+04
3.23309876100000e+02 4.44598878157106e+04
3.23388600400000e+02 4.46199875409868e+04
3.23467311900000e+02 4.47825750439737e+04
3.23546010600000e+02 4.52289608057686e+04
3.23624696500000e+02 4.56491631497670e+04
3.23703369600000e+02 4.66811750408288e+04
3.23782029900000e+02 4.82823406380691e+04
3.23860677400000e+02 4.96690555221798e+04
3.23939312100000e+02 5.09463043750248e+04
3.24017934000000e+02 5.17630785582733e+04
3.24096543000000e+02 5.21171080068806e+04
3.24175139300000e+02 5.29058853524022e+04
3.24253722600000e+02 5.37160541819897e+04
3.24332293200000e+02 5.39731938026949e+04
3.24410850900000e+02 5.36636554026725e+04
3.24489395700000e+02 5.28607485410329e+04
3.24567927700000e+02 5.18978724191470e+04
3.24646446900000e+02 5.12005467546244e+04
3.24724953100000e+02 5.05201292216961e+04
3.24803446500000e+02 4.96072141400564e+04
3.24881927100000e+02 4.88233211157928e+04
3.24960394700000e+02 4.86219512558561e+04
3.25038849500000e+02 4.91683497972361e+04
3.25117291300000e+02 5.00870616381551e+04
3.25195720300000e+02 5.15310685800454e+04
3.25274136400000e+02 5.36010955461834e+04
3.25352539600000e+02 5.57507140192528e+04
3.25430929800000e+02 5.76071014284983e+04
3.25509307100000e+02 5.93732412727483e+04
3.25587671600000e+02 6.14469879197820e+04
3.25666023000000e+02 6.37063544574689e+04
3.25744361600000e+02 6.54458431055268e+04
3.25822687200000e+02 6.62855590014280e+04
3.25900999900000e+02 6.67403849667200e+04
3.25979299600000e+02 6.72547331789525e+04
3.26057586400000e+02 6.74852132433189e+04
3.26135860200000e+02 6.68810099276062e+04
3.26214121100000e+02 6.57561414110466e+04
3.26292368900000e+02 6.50414918607473e+04
3.26370603900000e+02 6.49884376612246e+04
3.26448825800000e+02 6.52127297899061e+04
3.26527034700000e+02 6.53199702597282e+04
3.26605230700000e+02 6.54430377577888e+04
3.26683413700000e+02 6.57594932302713e+04
3.26761583600000e+02 6.60323323111658e+04
3.26839740600000e+02 6.56829507663526e+04
3.26917884500000e+02 6.47783588260736e+04
3.26996015500000e+02 6.41561975212934e+04
3.27074133400000e+02 6.35961404459104e+04
3.27152238300000e+02 6.29686246659618e+04
3.27230330200000e+02 6.27687833800181e+04
3.27308409000000e+02 6.27034472949217e+04
3.27386474800000e+02 6.26406660293739e+04
3.27464527500000e+02 6.26692247281422e+04
3.27542567200000e+02 6.23175161944940e+04
3.27620593800000e+02 6.15449976525415e+04
3.27698607400000e+02 6.06922113465695e+04
3.27776607900000e+02 5.98217415069003e+04
3.27854595300000e+02 5.91415750414640e+04
3.27932569700000e+02 5.87123892759819e+04
3.28010531000000e+02 5.83634946090136e+04
3.28088479200000e+02 5.83019485428354e+04
3.28166414300000e+02 5.85320368439102e+04
3.28244336300000e+02 5.85753118889051e+04
3.28322245200000e+02 5.80268911202069e+04
3.28400140900000e+02 5.69667593880642e+04
3.28478023600000e+02 5.62617692520057e+04
3.28555893200000e+02 5.62528728649835e+04
3.28633749600000e+02 5.66528135569468e+04
3.28711592900000e+02 5.76505968188582e+04
3.28789423100000e+02 5.90081916269936e+04
3.28867240100000e+02 6.06082205171234e+04
3.28945044000000e+02 6.28084666823743e+04
3.29022834800000e+02 6.53204497198888e+04
3.29100612400000e+02 6.77912758567096e+04
3.29178376800000e+02 6.95669495190349e+04
3.29256128100000e+02 7.03427179488987e+04
3.29333866200000e+02 7.08841215237385e+04
3.29411591100000e+02 7.16088939480207e+04
3.29489302800000e+02 7.22362458010220e+04
3.29567001400000e+02 7.25175775952508e+04
3.29644686700000e+02 7.26424966512190e+04
3.29722358900000e+02 7.32470793533128e+04
3.29800017900000e+02 7.40910898890348e+04
3.29877663600000e+02 7.41105942102777e+04
3.29955296200000e+02 7.30759136193185e+04
3.30032915500000e+02 7.17947968934637e+04
3.30110521700000e+02 7.07821164747012e+04
3.30188114500000e+02 6.94049140300562e+04
3.30265694200000e+02 6.69011831797117e+04
3.30343260600000e+02 6.36155456854909e+04
3.30420813800000e+02 6.09873731435698e+04
3.30498353700000e+02 5.98767791250746e+04
3.30575880400000e+02 5.95724199005558e+04
3.30653393900000e+02 5.94310730699470e+04
3.30730894000000e+02 5.94001422639033e+04
3.30808380900000e+02 5.98425147503178e+04
3.30885854500000e+02 6.08575397531245e+04
3.30963314900000e+02 6.16493154238394e+04
3.31040761900000e+02 6.18471477142641e+04
3.31118195700000e+02 6.14538426011444e+04
3.31195616200000e+02 6.06286236214829e+04
3.31273023400000e+02 6.00630178078442e+04
3.31350417300000e+02 5.99433165683548e+04
3.31427797800000e+02 6.00651755427960e+04
3.31505165100000e+02 6.05725760117552e+04
3.31582519000000e+02 6.13042455166478e+04
3.31659859600000e+02 6.20889263853629e+04
3.31737186900000e+02 6.28946255279493e+04
3.31814500900000e+02 6.34758000197158e+04
3.31891801500000e+02 6.33656708480169e+04
3.31969088700000e+02 6.23997710626698e+04
3.32046362700000e+02 6.10703974720346e+04
3.32123623200000e+02 6.00209318946720e+04
3.32200870400000e+02 5.96469665921310e+04
3.32278104200000e+02 5.99961864407401e+04
3.32355324700000e+02 6.02708140398142e+04
3.32432531800000e+02 6.02654488579061e+04
3.32509725500000e+02 6.07008863357352e+04
3.32586905800000e+02 6.12671872266288e+04
3.32664072700000e+02 6.12838411938244e+04
3.32741226300000e+02 6.10454249578705e+04
3.32818366400000e+02 6.07810766046974e+04
3.32895493100000e+02 6.03376079103910e+04
3.32972606400000e+02 6.01978471576931e+04
3.33049706300000e+02 6.02644376653117e+04
3.33126792800000e+02 6.01574245231237e+04
3.33203865900000e+02 5.99371083781021e+04
3.33280925500000e+02 5.91277919109560e+04
3.33357971600000e+02 5.74906781233272e+04
3.33435004400000e+02 5.60321028375911e+04
3.33512023700000e+02 5.51739873474481e+04
3.33589029500000e+02 5.44904038087459e+04
3.33666021900000e+02 5.40628720467169e+04
3.33743000800000e+02 5.40922700092853e+04
3.33819966200000e+02 5.48679260144001e+04
3.33896918200000e+02 5.60047885226507e+04
3.33973856700000e+02 5.71176122324593e+04
3.34050781700000e+02 5.83417712405750e+04
3.34127693200000e+02 5.94907879056101e+04
3.34204591200000e+02 6.05068560003445e+04
3.34281475700000e+02 6.15561322150528e+04
3.34358346700000e+02 6.23743463155212e+04
3.34435204200000e+02 6.30412238791300e+04
3.34512048200000e+02 6.35125226440402e+04
3.34588878700000e+02 6.27230875244988e+04
3.34665695600000e+02 6.09749069301447e+04
3.34742499100000e+02 5.97335829688565e+04
3.34819288900000e+02 5.93031502747896e+04
3.34896065300000e+02 5.92202486223340e+04
3.34972828100000e+02 5.93623958271981e+04
3.35049577300000e+02 5.97320003548524e+04
3.35126313000000e+02 6.06428150198978e+04
3.35203035100000e+02 6.26614184817884e+04
3.35279743700000e+02 6.47625066056322e+04
3.35356438700000e+02 6.58390660904260e+04
3.35433120100000e+02 6.60644764671629e+04
3.35509787900000e+02 6.52531461216980e+04
3.35586442100000e+02 6.31566491402186e+04
3.35663082800000e+02 6.01211745298852e+04
3.35739709800000e+02 5.64379182426054e+04
3.35816323300000e+02 5.22807753789292e+04
3.35892923100000e+02 4.85538569443793e+04
3.35969509300000e+02 4.60659729924579e+04
3.36046081900000e+02 4.50105252251875e+04
3.36122640900000e+02 4.54998526177790e+04
3.36199186300000e+02 4.74762980601226e+04
3.36275718000000e+02 5.01144077132862e+04
3.36352236100000e+02 5.26871075753719e+04
3.36428740500000e+02 5.46751685796396e+04
3.36505231300000e+02 5.54179971513408e+04
3.36581708400000e+02 5.48189587526888e+04
3.36658171900000e+02 5.32493190497848e+04
3.36734621700000e+02 5.11433036592637e+04
3.36811057800000e+02 4.89984893867707e+04
3.36887480300000e+02 4.70910279510621e+04
3.36963889100000e+02 4.56848110756020e+04
3.37040284200000e+02 4.52496734277387e+04
3.37116665600000e+02 4.57809603184764e+04
3.37193033300000e+02 4.72798080549205e+04
3.37269387300000e+02 4.95966590228497e+04
3.37345727600000e+02 5.21545657429857e+04
3.37422054200000e+02 5.47381740126159e+04
3.37498367100000e+02 5.71772342184165e+04
3.37574666300000e+02 5.86291930671151e+04
3.37650951700000e+02 5.88887606602249e+04
3.37727223400000e+02 5.80845025722270e+04
3.37803481400000e+02 5.65957276308643e+04
3.37879725600000e+02 5.54495286132819e+04
3.37955956100000e+02 5.46197966707487e+04
3.38032172800000e+02 5.37032850510072e+04
3.38108375700000e+02 5.33098402796909e+04
3.38184565000000e+02 5.39818569365339e+04
3.38260740400000e+02 5.57144638980462e+04
3.38336902000000e+02 5.80242687476336e+04
3.38413049900000e+02 5.97011104274590e+04
3.38489184000000e+02 6.01052136762448e+04
3.38565304300000e+02 6.03140926584003e+04
3.38641410900000e+02 6.11883470558545e+04
3.38717503600000e+02 6.19899355742212e+04
3.38793582500000e+02 6.19647485330237e+04
3.38869647600000e+02 6.10091896181420e+04
3.38945698900000e+02 5.93058111854423e+04
3.39021736400000e+02 5.77121410681885e+04
3.39097760000000e+02 5.67955550232285e+04
3.39173769800000e+02 5.60888662922838e+04
3.39249765800000e+02 5.53845748317948e+04
3.39325748000000e+02 5.52208941414385e+04
3.39401716200000e+02 5.58715437265470e+04
3.39477670700000e+02 5.73964331546414e+04
3.39553611300000e+02 5.96730981254793e+04
3.39629538000000e+02 6.20942413135517e+04
3.39705450900000e+02 6.44978183453539e+04
3.39781349900000e+02 6.66404846607586e+04
3.39857235000000e+02 6.79249840515886e+04
3.39933106200000e+02 6.84024953739175e+04
3.40008963600000e+02 6.84360104887664e+04
3.40084807000000e+02 6.81674064167539e+04
3.40160636600000e+02 6.75182977925323e+04
3.40236452300000e+02 6.64125185554500e+04
3.40312254000000e+02 6.50060361421737e+04
3.40388041900000e+02 6.34953450334414e+04
3.40463815800000e+02 6.20527185908171e+04
3.40539575800000e+02 6.09657468765427e+04
3.40615321900000e+02 6.00852926193073e+04
3.40691054000000e+02 5.93876948883464e+04
3.40766772200000e+02 5.92534400087776e+04
3.40842476500000e+02 5.93167759947275e+04
3.40918166800000e+02 5.93253485457577e+04
3.40993843100000e+02 5.91653787542627e+04
3.41069505500000e+02 5.83153705303903e+04
3.41145154000000e+02 5.70066957590615e+04
3.41220788400000e+02 5.59434847841284e+04
3.41296408900000e+02 5.53896278987188e+04
3.41372015500000e+02 5.50068495486566e+04
3.41447608000000e+02 5.45849399571534e+04
3.41523186500000e+02 5.47423568544011e+04
3.41598751100000e+02 5.60676403925584e+04
3.41674301600000e+02 5.84183426834539e+04
3.41749838100000e+02 6.10633333565289e+04
3.41825360700000e+02 6.29979852093637e+04
3.41900869200000e+02 6.39476206944352e+04
3.41976363700000e+02 6.41211052547040e+04
3.42051844200000e+02 6.37223172639082e+04
3.42127310600000e+02 6.30602513437634e+04
3.42202763000000e+02 6.23455808886690e+04
3.42278201400000e+02 6.17413359978332e+04
3.42353625700000e+02 6.08986147549726e+04
3.42429035900000e+02 5.99981029636451e+04
3.42504432100000e+02 5.98124113134394e+04
3.42579814300000e+02 6.06404752000305e+04
3.42655182400000e+02 6.22998553166294e+04
3.42730536400000e+02 6.39554624229298e+04
3.42805876300000e+02 6.48291793491152e+04
3.42881202100000e+02 6.51307004730002e+04
3.42956513900000e+02 6.52999537501840e+04
3.43031811600000e+02 6.49436033956901e+04
3.43107095100000e+02 6.44199046193303e+04
3.43182364600000e+02 6.42171713837193e+04
3.43257619900000e+02 6.37842560615207e+04
3.43332861200000e+02 6.29045223915729e+04
3.43408088300000e+02 6.18468304946176e+04
3.43483301300000e+02 6.09113094591838e+04
3.43558500200000e+02 6.04302046382876e+04
3.43633684900000e+02 6.00054527562935e+04
3.43708855500000e+02 5.80759443846066e+04
3.43784012000000e+02 5.44253320703300e+04
3.43859154300000e+02 5.06509491392143e+04
3.43934282400000e+02 4.75929134144845e+04
3.44009396400000e+02 4.51844528977354e+04
3.44084496200000e+02 4.30601399594358e+04
3.44159581900000e+02 4.15229130069970e+04
3.44234653400000e+02 4.11771932904453e+04
3.44309710700000e+02 4.19424799223134e+04
3.44384753800000e+02 4.34601422395531e+04
3.44459782700000e+02 4.55022846648948e+04
3.44534797400000e+02 4.78607126514450e+04
3.44609798000000e+02 5.03694076980652e+04
3.44684784300000e+02 5.29210225982776e+04
3.44759756400000e+02 5.53581337080610e+04
3.44834714300000e+02 5.75658017468782e+04
3.44909658000000e+02 5.92634532985834e+04
3.44984587400000e+02 5.99994503961055e+04
3.45059502600000e+02 6.03260959479180e+04
3.45134403600000e+02 6.11391319564440e+04
3.45209290300000e+02 6.21128649653149e+04
3.45284162800000e+02 6.23090427518966e+04
3.45359021000000e+02 6.17775581607821e+04
3.45433865000000e+02 6.13106572439060e+04
3.45508694700000e+02 6.09615391255322e+04
3.45583510200000e+02 6.04822108869593e+04
3.45658311300000e+02 5.94169523811626e+04
3.45733098200000e+02 5.75948203373793e+04
3.45807870800000e+02 5.55347764513484e+04
3.45882629200000e+02 5.38002659691272e+04
3.45957373200000e+02 5.27128431048238e+04
3.46032102900000e+02 5.27200132875207e+04
3.46106818300000e+02 5.36749347714487e+04
3.46181519400000e+02 5.49190261113528e+04
3.46256206200000e+02 5.57647593579493e+04
3.46330878700000e+02 5.64033069791213e+04
3.46405536900000e+02 5.75845069915349e+04
3.46480180700000e+02 5.91818655806240e+04
3.46554810200000e+02 6.03898654322476e+04
3.46629425300000e+02 6.08876103173676e+04
3.46704026100000e+02 6.12662999735745e+04
3.46778612600000e+02 6.20533570503911e+04
3.46853184700000e+02 6.30488547232225e+04
3.46927742400000e+02 6.33844777597978e+04
3.47002285800000e+02 6.29394483253011e+04
3.47076814800000e+02 6.18615397192080e+04
3.47151329400000e+02 6.03674766953364e+04
3.47225829700000e+02 5.82423523865204e+04
3.47300315500000e+02 5.54618776977745e+04
3.47374787000000e+02 5.28127382302857e+04
3.47449244000000e+02 5.13401426745892e+04
3.47523686700000e+02 5.10821177922626e+04
3.47598115000000e+02 5.14679852377716e+04
3.47672528800000e+02 5.23207408660903e+04
3.47746928200000e+02 5.36043658150024e+04
3.47821313200000e+02 5.53166955568696e+04
3.47895683800000e+02 5.71715602071082e+04
3.47970039900000e+02 5.85551957316828e+04
3.48044381600000e+02 5.89086478574502e+04
3.48118708900000e+02 5.86198583037466e+04
3.48193021700000e+02 5.81330518652458e+04
3.48267320100000e+02 5.76909442835298e+04
3.48341604000000e+02 5.77295146604351e+04
3.48415873400000e+02 5.83389988405125e+04
3.48490128400000e+02 5.89712433254742e+04
3.48564368900000e+02 5.92506562871186e+04
3.48638594900000e+02 5.90547978106195e+04
3.48712806400000e+02 5.83009138605963e+04
3.48787003400000e+02 5.73465810267249e+04
3.48861186000000e+02 5.64986844834125e+04
3.48935354000000e+02 5.52561792941389e+04
3.49009507500000e+02 5.33391192479377e+04
3.49083646600000e+02 5.20340213773790e+04
3.49157771100000e+02 5.20256070786553e+04
3.49231881100000e+02 5.24401099014482e+04
3.49305976500000e+02 5.28063595074743e+04
3.49380057500000e+02 5.28779021872958e+04
3.49454123900000e+02 5.25795135341800e+04
3.49528175700000e+02 5.29545807756196e+04
3.49602213000000e+02 5.44882830370073e+04
3.49676235800000e+02 5.61847966397618e+04
3.49750244000000e+02 5.75741897011715e+04
3.49824237600000e+02 5.93847432971806e+04
3.49898216700000e+02 6.16660224280905e+04
3.49972181200000e+02 6.43045922921692e+04
3.50046131100000e+02 6.73032567359792e+04
3.50120066400000e+02 6.96311308840647e+04
3.50193987200000e+02 7.02893310276043e+04
3.50267893300000e+02 7.00662924765804e+04
3.50341784900000e+02 6.96919559433012e+04
3.50415661900000e+02 6.92446363908404e+04
3.50489524200000e+02 6.90890550138445e+04
3.50563371900000e+02 6.87417557634169e+04
3.50637205000000e+02 6.76746708980021e+04
3.50711023500000e+02 6.61260606286479e+04
3.50784827400000e+02 6.48525346898568e+04
3.50858616600000e+02 6.40565588366792e+04
3.50932391200000e+02 6.32970064381361e+04
3.51006151100000e+02 6.19630912187563e+04
3.51079896400000e+02 6.00334179427841e+04
3.51153627100000e+02 5.79714351633543e+04
3.51227343100000e+02 5.66334297351821e+04
3.51301044400000e+02 5.66328691361604e+04
3.51374731000000e+02 5.73752707064776e+04
3.51448403000000e+02 5.84910115060009e+04
3.51522060300000e+02 6.00572432224134e+04
3.51595702900000e+02 6.17733268842839e+04
3.51669330800000e+02 6.33600811552546e+04
3.51742944000000e+02 6.46638835797365e+04
3.51816542500000e+02 6.50436265741141e+04
3.51890126300000e+02 6.45381403390895e+04
3.51963695400000e+02 6.33703252817554e+04
3.52037249800000e+02 6.13880399439653e+04
3.52110789400000e+02 5.85639417297724e+04
3.52184314300000e+02 5.56361875242735e+04
3.52257824500000e+02 5.31830813588312e+04
3.52331320000000e+02 5.10696416574156e+04
3.52404800700000e+02 4.97734697704579e+04
3.52478266700000e+02 4.95070974340669e+04
3.52551717900000e+02 5.00968685138056e+04
3.52625154400000e+02 5.14914956174569e+04
3.52698576000000e+02 5.34496500306731e+04
3.52771983000000e+02 5.55246573029675e+04
3.52845375100000e+02 5.77472741903064e+04
3.52918752500000e+02 5.97827926739177e+04
3.52992115100000e+02 6.09663316425312e+04
3.53065462900000e+02 6.17159317539917e+04
3.53138795900000e+02 6.24690125792622e+04
3.53212114100000e+02 6.31243993047519e+04
3.53285417500000e+02 6.35207010192810e+04
3.53358706100000e+02 6.36742963771553e+04
3.53431979900000e+02 6.39409834173766e+04
3.53505238800000e+02 6.46691705662417e+04
3.53578482900000e+02 6.58582107528354e+04
3.53651712200000e+02 6.69678161104251e+04
3.53724926700000e+02 6.74154000002397e+04
3.53798126300000e+02 6.71956655686076e+04
3.53871311100000e+02 6.67874672329312e+04
3.53944481000000e+02 6.66347648382708e+04
3.54017636100000e+02 6.69693071762614e+04
3.54090776300000e+02 6.75645060402415e+04
3.54163901700000e+02 6.77316690191864e+04
3.54237012100000e+02 6.74127175731287e+04
3.54310107700000e+02 6.74007427587470e+04
3.54383188500000e+02 6.80241223227838e+04
3.54456254300000e+02 6.85679904913357e+04
3.54529305200000e+02 6.87084312328701e+04
3.54602341300000e+02 6.88836928472876e+04
3.54675362400000e+02 6.90822971363900e+04
3.54748368600000e+02 6.91135757647180e+04
3.54821359900000e+02 6.89990788656302e+04
3.54894336300000e+02 6.85593477632137e+04
3.54967297800000e+02 6.78367162202973e+04
3.55040244400000e+02 6.71240132475307e+04
3.55113176000000e+02 6.60812519792590e+04
3.55186092600000e+02 6.45245704808229e+04
3.55258994400000e+02 6.32706062173024e+04
3.55331881200000e+02 6.25327199351459e+04
3.55404753000000e+02 6.18379189856373e+04
3.55477609900000e+02 6.12128886130301e+04
3.55550451800000e+02 6.06562542654274e+04
3.55623278700000e+02 6.03844949321529e+04
3.55696090700000e+02 6.08660091858808e+04
3.55768887600000e+02 6.14812856971558e+04
3.55841669600000e+02 6.16912851378592e+04
3.55914436600000e+02 6.20099244059277e+04
3.55987188600000e+02 6.26892340659717e+04
3.56059925600000e+02 6.33900581862294e+04
3.56132647700000e+02 6.35461140219897e+04
3.56205354600000e+02 6.23918776991944e+04
3.56278046600000e+02 6.01157501604388e+04
3.56350723600000e+02 5.78575227754454e+04
3.56423385500000e+02 5.60635955851166e+04
3.56496032400000e+02 5.43227054823967e+04
3.56568664300000e+02 5.19756087234800e+04
3.56641281100000e+02 4.89530658677003e+04
3.56713882900000e+02 4.62388977788589e+04
3.56786469600000e+02 4.50850071662210e+04
3.56859041200000e+02 4.52412260497821e+04
3.56931597800000e+02 4.56427856791916e+04
3.57004139400000e+02 4.59192667298283e+04
3.57076665800000e+02 4.60715728660153e+04
3.57149177200000e+02 4.65620408978549e+04
3.57221673500000e+02 4.79585345885392e+04
3.57294154700000e+02 4.99719048020603e+04
3.57366620800000e+02 5.18740228633068e+04
3.57439071900000e+02 5.33961987095305e+04
3.57511507800000e+02 5.40324545239934e+04
3.57583928600000e+02 5.35360178003319e+04
3.57656334300000e+02 5.26397612683242e+04
3.57728724900000e+02 5.12303788464138e+04
3.57801100300000e+02 4.88398310345084e+04
3.57873460600000e+02 4.59444026353008e+04
3.57945805800000e+02 4.32836883194588e+04
3.58018135900000e+02 4.12532227839024e+04
3.58090450800000e+02 3.99314069028419e+04
3.58162750500000e+02 3.86632372727355e+04
3.58235035100000e+02 3.70673179427089e+04
3.58307304500000e+02 3.60699130896851e+04
3.58379558800000e+02 3.61627467854501e+04
3.58451797900000e+02 3.67004538105025e+04
3.58524021800000e+02 3.73091749345403e+04
3.58596230600000e+02 3.78916750540879e+04
3.58668424100000e+02 3.86264952271417e+04
3.58740602500000e+02 4.03529629012948e+04
3.58812765700000e+02 4.33260546668998e+04
3.58884913600000e+02 4.67920042726419e+04
3.58957046400000e+02 5.00443027942637e+04
3.59029163900000e+02 5.26127150302171e+04
3.59101266300000e+02 5.46804922393357e+04
3.59173353400000e+02 5.67804835773757e+04
3.59245425300000e+02 5.89586156311842e+04
3.59317481900000e+02 6.07937680131944e+04
3.59389523300000e+02 6.21004405872542e+04
3.59461549500000e+02 6.29342937976393e+04
3.59533560400000e+02 6.37828514144182e+04
3.59605556100000e+02 6.49515762830668e+04
3.59677536500000e+02 6.61913722457854e+04
3.59749501600000e+02 6.74231687103637e+04
3.59821451500000e+02 6.82373519285741e+04
3.59893386100000e+02 6.79318592220089e+04
3.59965305400000e+02 6.66437036436514e+04
3.60037209500000e+02 6.51050083993495e+04
3.60109098200000e+02 6.35793012836153e+04
3.60180971700000e+02 6.18635634464277e+04
3.60252829800000e+02 5.97451627574586e+04
3.60324672700000e+02 5.73857449613576e+04
3.60396500200000e+02 5.54553459588012e+04
3.60468312500000e+02 5.40878012693894e+04
3.60540109400000e+02 5.26112299697328e+04
3.60611890900000e+02 5.08003982879724e+04
3.60683657200000e+02 4.92966319989411e+04
3.60755408100000e+02 4.85362232079306e+04
3.60827143700000e+02 4.85516702431246e+04
3.60898863900000e+02 4.89577862698600e+04
3.60970568800000e+02 4.90416573984724e+04
3.61042258300000e+02 4.90820128642153e+04
3.61113932500000e+02 4.99160976228432e+04
3.61185591300000e+02 5.16906356539674e+04
3.61257234700000e+02 5.37165243909753e+04
3.61328862700000e+02 5.53420101028557e+04
3.61400475400000e+02 5.59055330643464e+04
3.61472072600000e+02 5.51886695735462e+04
3.61543654500000e+02 5.35356888626716e+04
3.61615221000000e+02 5.15822196603415e+04
3.61686772100000e+02 4.99157049453662e+04
3.61758307800000e+02 4.86923729864533e+04
3.61829828000000e+02 4.76032118959920e+04
3.61901332900000e+02 4.69418091465403e+04
3.61972822300000e+02 4.72008044913517e+04
3.62044296300000e+02 4.83051759386591e+04
3.62115754800000e+02 5.02105585181948e+04
3.62187197900000e+02 5.28419305345738e+04
3.62258625600000e+02 5.58068321475551e+04
3.62330037800000e+02 5.87920075685854e+04
3.62401434600000e+02 6.15936899550147e+04
3.62472815900000e+02 6.36569133088225e+04
3.62544181800000e+02 6.49269193555708e+04
3.62615532100000e+02 6.60381578207433e+04
3.62686867000000e+02 6.67258967496959e+04
3.62758186500000e+02 6.59849137936472e+04
3.62829490400000e+02 6.34820829013474e+04
3.62900778800000e+02 6.02376358608210e+04
3.62972051800000e+02 5.73406109875294e+04
3.63043309200000e+02 5.50413188109822e+04
3.63114551200000e+02 5.28161261665129e+04
3.63185777600000e+02 5.06278777076295e+04
3.63256988500000e+02 4.94071695631374e+04
3.63328183900000e+02 4.97352628896058e+04
3.63399363800000e+02 5.12276805566244e+04
3.63470528100000e+02 5.30293344088465e+04
3.63541676900000e+02 5.47695292434547e+04
3.63612810200000e+02 5.64711402611606e+04
3.63683927900000e+02 5.84169576800732e+04
3.63755030000000e+02 6.03148580848052e+04
3.63826116600000e+02 6.17165674418072e+04
3.63897187700000e+02 6.26567904813988e+04
3.63968243100000e+02 6.32241742188515e+04
3.64039283000000e+02 6.33011425779822e+04
3.64110307300000e+02 6.27549019179592e+04
3.64181316100000e+02 6.15084533892223e+04
3.64252309200000e+02 5.98546503810912e+04
3.64323286800000e+02 5.83352648798159e+04
3.64394248700000e+02 5.67661161927032e+04
3.64465195100000e+02 5.47481434449843e+04
3.64536125800000e+02 5.29351022249190e+04
3.64607040900000e+02 5.18145279565023e+04
3.64677940400000e+02 5.12348422112526e+04
3.64748824300000e+02 5.13243549805247e+04
3.64819692600000e+02 5.18827277053782e+04
3.64890545200000e+02 5.25895010027956e+04
3.64961382200000e+02 5.41104654127768e+04
3.65032203500000e+02 5.65663431073858e+04
3.65103009200000e+02 5.89595037805291e+04
3.65173799200000e+02 6.10273928745968e+04
3.65244573600000e+02 6.29265865626113e+04
3.65315332300000e+02 6.46143086492915e+04
3.65386075300000e+02 6.62729773331206e+04
3.65456802700000e+02 6.76396162968873e+04
3.65527514300000e+02 6.84804373582056e+04
3.65598210300000e+02 6.93069430879335e+04
3.65668890600000e+02 7.01558019625227e+04
3.65739555200000e+02 7.07347109504058e+04
3.65810204100000e+02 7.13891650887200e+04
3.65880837300000e+02 7.19043462854653e+04
3.65951454800000e+02 7.19114047800566e+04
3.66022056500000e+02 7.15689691049543e+04
3.66092642600000e+02 7.08720802361287e+04
3.66163212900000e+02 6.98433884663225e+04
3.66233767400000e+02 6.91883736370893e+04
3.66304306300000e+02 6.87285436202985e+04
3.66374829400000e+02 6.78793813418392e+04
3.66445336700000e+02 6.70605281071144e+04
3.66515828300000e+02 6.65501623886738e+04
3.66586304100000e+02 6.59904096510451e+04
3.66656764200000e+02 6.53317272271350e+04
3.66727208500000e+02 6.47313428771053e+04
3.66797637000000e+02 6.42975929208336e+04
3.66868049800000e+02 6.44375390145432e+04
3.66938446700000e+02 6.51096929845119e+04
3.67008827900000e+02 6.55790539607707e+04
3.67079193300000e+02 6.57451911125293e+04
3.67149542900000e+02 6.62201840375976e+04
3.67219876600000e+02 6.72357517175411e+04
3.67290194600000e+02 6.82703315551308e+04
3.67360496700000e+02 6.85499902064475e+04
3.67430783100000e+02 6.77077299605946e+04
3.67501053600000e+02 6.62481644520696e+04
3.67571308200000e+02 6.49561240628581e+04
3.67641547100000e+02 6.37627136740609e+04
3.67711770100000e+02 6.22410877066418e+04
3.67781977200000e+02 6.06607847058347e+04
3.67852168500000e+02 5.94985512975518e+04
3.67922344000000e+02 5.88588871551276e+04
3.67992503500000e+02 5.88308382760829e+04
3.68062647200000e+02 5.92840904290396e+04
3.68132775100000e+02 5.97027699429858e+04
3.68202887000000e+02 5.99556970345460e+04
3.68272983100000e+02 6.02040675940962e+04
3.68343063300000e+02 6.01593863515688e+04
3.68413127600000e+02 5.94552709709279e+04
3.68483176000000e+02 5.84711142696056e+04
3.68553208500000e+02 5.76684166980588e+04
3.68623225100000e+02 5.70820717781256e+04
3.68693225800000e+02 5.69134712230866e+04
3.68763210500000e+02 5.75973974439150e+04
3.68833179300000e+02 5.90577591551169e+04
3.68903132200000e+02 6.09162386280880e+04
3.68973069200000e+02 6.28741092254835e+04
3.69042990200000e+02 6.44955995030512e+04
3.69112895300000e+02 6.55660095284767e+04
3.69182784500000e+02 6.64029898236412e+04
3.69252657700000e+02 6.70452194745858e+04
3.69322514900000e+02 6.71199002860677e+04
3.69392356100000e+02 6.66915207907929e+04
3.69462181400000e+02 6.61323382344494e+04
3.69531990700000e+02 6.59892967253721e+04
3.69601784100000e+02 6.66734206700521e+04
3.69671561400000e+02 6.79623842627127e+04
3.69741322800000e+02 6.91428660759291e+04
3.69811068100000e+02 6.99301231701864e+04
3.69880797500000e+02 7.04792468996827e+04
3.69950510800000e+02 7.08405913055829e+04
3.70020208200000e+02 7.06591829378164e+04
3.70089889500000e+02 6.95438277926492e+04
3.70159554800000e+02 6.75515447485427e+04
3.70229204100000e+02 6.48357997758085e+04
3.70298837300000e+02 6.17678699671782e+04
3.70368454500000e+02 5.90883192404811e+04
3.70438055700000e+02 5.67318323260406e+04
3.70507640800000e+02 5.44776720721246e+04
3.70577209900000e+02 5.25884186673768e+04
3.70646762900000e+02 5.14687516580331e+04
3.70716299800000e+02 5.13832069196288e+04
3.70785820700000e+02 5.25324173273387e+04
3.70855325500000e+02 5.44454268314005e+04
3.70924814200000e+02 5.65561018452689e+04
3.70994286800000e+02 5.89557933476780e+04
3.71063743400000e+02 6.18148553724251e+04
3.71133183900000e+02 6.49271091579866e+04
3.71202608200000e+02 6.78456988491942e+04
3.71272016500000e+02 6.99090452449488e+04
3.71341408600000e+02 7.10464315729503e+04
3.71410784600000e+02 7.17503552180627e+04
3.71480144500000e+02 7.17846640880124e+04
3.71549488300000e+02 7.06087423607198e+04
3.71618816000000e+02 6.79093465722794e+04
3.71688127500000e+02 6.38798019350794e+04
3.71757422900000e+02 5.95572186496808e+04
3.71826702100000e+02 5.57180192910448e+04
3.71895965200000e+02 5.22319952752305e+04
3.71965212100000e+02 4.91436510582991e+04
3.72034442900000e+02 4.71383035776128e+04
3.72103657500000e+02 4.64865664593599e+04
3.72172855900000e+02 4.72190095692613e+04
3.72242038200000e+02 4.94057263617455e+04
3.72311204200000e+02 5.23359806614469e+04
3.72380354100000e+02 5.47979667687439e+04
3.72449487800000e+02 5.64860417535085e+04
3.72518605300000e+02 5.79794440488899e+04
3.72587706600000e+02 5.94498531058801e+04
3.72656791700000e+02 6.06324280981435e+04
3.72725860600000e+02 6.10080360698595e+04
3.72794913200000e+02 6.03737684679063e+04
3.72863949700000e+02 5.91417458690555e+04
3.72932969900000e+02 5.79306717075539e+04
3.73001973800000e+02 5.67244821687740e+04
3.73070961600000e+02 5.48759150765097e+04
3.73139933100000e+02 5.18511926793544e+04
3.73208888300000e+02 4.80915522369566e+04
3.73277827300000e+02 4.46472593517691e+04
3.73346750000000e+02 4.17542175448180e+04
3.73415656500000e+02 3.91038494844482e+04
3.73484546700000e+02 3.73454465595996e+04
3.73553420600000e+02 3.72510854417753e+04
3.73622278200000e+02 3.85259657345370e+04
3.73691119600000e+02 4.08578549907608e+04
3.73759944700000e+02 4.41237256260754e+04
3.73828753400000e+02 4.75370412618681e+04
3.73897545900000e+02 5.05694497879129e+04
3.73966322100000e+02 5.31044661813375e+04
3.74035081900000e+02 5.45390611050678e+04
3.74103825500000e+02 5.48041525042854e+04
3.74172552700000e+02 5.43623094673675e+04
3.74241263600000e+02 5.29457872791918e+04
3.74309958100000e+02 5.05261117767512e+04
3.74378636400000e+02 4.79794220693602e+04
3.74447298200000e+02 4.56910350562741e+04
3.74515943800000e+02 4.33404777755053e+04
3.74584573000000e+02 4.10841778966268e+04
3.74653185800000e+02 3.91620979850262e+04
3.74721782300000e+02 3.79434232443643e+04
3.74790362400000e+02 3.81410915514693e+04
3.74858926100000e+02 3.97163166176965e+04
3.74927473400000e+02 4.17195426426481e+04
3.74996004400000e+02 4.37995209854489e+04
3.75064519000000e+02 4.65652271998652e+04
3.75133017200000e+02 5.03315160338611e+04
3.75201498900000e+02 5.47412562386945e+04
3.75269964300000e+02 5.88977527527856e+04
3.75338413300000e+02 6.19959155369684e+04
3.75406845900000e+02 6.33657554155116e+04
3.75475262000000e+02 6.29143128732112e+04
3.75543661700000e+02 6.13646678750183e+04
3.75612045000000e+02 5.96032768030314e+04
3.75680411900000e+02 5.79944428484310e+04
3.75748762300000e+02 5.64643405860063e+04
3.75817096200000e+02 5.48102533532749e+04
3.75885413800000e+02 5.32095083817093e+04
3.75953714800000e+02 5.22584996335246e+04
3.76021999400000e+02 5.21251214782656e+04
3.76090267600000e+02 5.25207075334605e+04
3.76158519300000e+02 5.33958887579200e+04
3.76226754400000e+02 5.43819250241123e+04
3.76294973200000e+02 5.48330273115665e+04
3.76363175400000e+02 5.45407865589847e+04
3.76431361100000e+02 5.38221432826434e+04
3.76499530400000e+02 5.31709868913931e+04
3.76567683100000e+02 5.32768426053750e+04
3.76635819300000e+02 5.40684594517001e+04
3.76703939100000e+02 5.45023165090807e+04
3.76772042300000e+02 5.42815413743397e+04
3.76840128900000e+02 5.42650296961635e+04
3.76908199100000e+02 5.51356614160018e+04
3.76976252700000e+02 5.68068335180802e+04
3.77044289800000e+02 5.86268504404095e+04
3.77112310400000e+02 6.00455274301762e+04
3.77180314300000e+02 6.11465910965878e+04
3.77248301800000e+02 6.23549474666770e+04
3.77316272700000e+02 6.37843098404532e+04
3.77384227000000e+02 6.52034513874584e+04
3.77452164700000e+02 6.63124557324454e+04
3.77520085900000e+02 6.69256978214875e+04
3.77587990500000e+02 6.72747865523981e+04
3.77655878500000e+02 6.77796968459191e+04
3.77723750000000e+02 6.86223881133971e+04
3.77791604800000e+02 6.95999142621330e+04
3.77859443000000e+02 7.04821635935207e+04
3.77927264700000e+02 7.11811948226554e+04
3.77995069700000e+02 7.18153769545484e+04
3.78062858100000e+02 7.25556594090513e+04
3.78130629900000e+02 7.34675491787506e+04
3.78198385000000e+02 7.40748328467034e+04
3.78266123600000e+02 7.35201954134592e+04
3.78333845400000e+02 7.19358162979135e+04
3.78401550700000e+02 7.01323654337314e+04
3.78469239300000e+02 6.83727964136855e+04
3.78536911300000e+02 6.64440505341226e+04
3.78604566600000e+02 6.43446566337756e+04
3.78672205200000e+02 6.18923103660792e+04
3.78739827200000e+02 5.93891650606188e+04
3.78807432500000e+02 5.78197564133982e+04
3.78875021100000e+02 5.74091617675922e+04
3.78942593000000e+02 5.72432542051299e+04
3.79010148300000e+02 5.68602302173139e+04
3.79077686900000e+02 5.64109495483372e+04
3.79145208700000e+02 5.58631817800190e+04
3.79212713900000e+02 5.52630624321016e+04
3.79280202300000e+02 5.48069819234672e+04
3.79347674100000e+02 5.41973950527336e+04
3.79415129100000e+02 5.29489089908990e+04
3.79482567400000e+02 5.12372987083109e+04
3.79549989000000e+02 4.96146274386333e+04
3.79617393800000e+02 4.84161495118789e+04
3.79684781900000e+02 4.79041420501528e+04
3.79752153300000e+02 4.84054788583293e+04
3.79819507900000e+02 4.93650575005953e+04
3.79886845700000e+02 5.02459823832867e+04
3.79954166800000e+02 5.15544869413731e+04
3.80021471200000e+02 5.37604730838297e+04
3.80088758700000e+02 5.64172357052706e+04
3.80156029500000e+02 5.89906469870244e+04
3.80223283500000e+02 6.11737991634403e+04
3.80290520700000e+02 6.25700903094293e+04
3.80357741200000e+02 6.30619797383994e+04
3.80424944800000e+02 6.30786976165846e+04
3.80492131600000e+02 6.30198905922063e+04
3.80559301700000e+02 6.29626102268199e+04
3.80626454900000e+02 6.29060262047357e+04
3.80693591300000e+02 6.30485850756105e+04
3.80760710900000e+02 6.32836995842099e+04
3.80827813600000e+02 6.34813515127832e+04
3.80894899600000e+02 6.37166074601551e+04
3.80961968600000e+02 6.39031095707085e+04
3.81029020900000e+02 6.34881538110408e+04
3.81096056300000e+02 6.23340078685854e+04
3.81163074800000e+02 6.06675884874436e+04
3.81230076500000e+02 5.83798078868512e+04
3.81297061300000e+02 5.55309761663947e+04
3.81364029300000e+02 5.29499752588268e+04
3.81430980400000e+02 5.11222025174399e+04
3.81497914600000e+02 4.99007747102781e+04
3.81564831900000e+02 4.91345735242111e+04
3.81631732400000e+02 4.83308966274379e+04
3.81698615900000e+02 4.70231751328000e+04
3.81765482600000e+02 4.56439771970250e+04
3.81832332300000e+02 4.50607580491036e+04
3.81899165100000e+02 4.51060483237130e+04
3.81965981000000e+02 4.51016035268091e+04
3.82032780000000e+02 4.46430944409025e+04
3.82099562100000e+02 4.35140887386156e+04
3.82166327300000e+02 4.20493543135042e+04
3.82233075500000e+02 4.08773075907734e+04
3.82299806800000e+02 4.01801859971214e+04
3.82366521100000e+02 3.95976624628183e+04
3.82433218500000e+02 3.87611317276572e+04
3.82499898900000e+02 3.74213314044508e+04
3.82566562300000e+02 3.58819600386855e+04
3.82633208800000e+02 3.46731841226393e+04
3.82699838400000e+02 3.41886850475398e+04
3.82766450900000e+02 3.42966089072898e+04
3.82833046500000e+02 3.46654964187758e+04
3.82899625100000e+02 3.47004798460636e+04
3.82966186600000e+02 3.43671829163250e+04
3.83032731200000e+02 3.40009723598421e+04
3.83099258800000e+02 3.36395778768737e+04
3.83165769400000e+02 3.32811897136854e+04
3.83232263000000e+02 3.30551380944450e+04
3.83298739500000e+02 3.28748964244845e+04
3.83365199100000e+02 3.26932297453737e+04
3.83431641600000e+02 3.26747540263057e+04
3.83498067100000e+02 3.26562327504776e+04
3.83564475500000e+02 3.25191017709784e+04
3.83630866900000e+02 3.25421094167767e+04
3.83697241200000e+02 3.27743478312803e+04
3.83763598500000e+02 3.28835473085661e+04
3.83829938800000e+02 3.30382598122574e+04
3.83896261900000e+02 3.37896972216573e+04
3.83962568000000e+02 3.52181078462290e+04
3.84028857100000e+02 3.71060263418210e+04
3.84095129000000e+02 3.94044002263933e+04
3.84161383900000e+02 4.19514672236467e+04
3.84227621600000e+02 4.44039123458991e+04
3.84293842300000e+02 4.68001592475434e+04
3.84360045900000e+02 4.90691450496633e+04
3.84426232400000e+02 5.09452134747387e+04
3.84492401700000e+02 5.22381039086171e+04
3.84558554000000e+02 5.31100366859709e+04
3.84624689100000e+02 5.34160841425300e+04
3.84690807100000e+02 5.30323798273602e+04
3.84756908000000e+02 5.23655497934947e+04
3.84822991700000e+02 5.21604972312918e+04
3.84889058300000e+02 5.24482092156336e+04
3.84955107800000e+02 5.26864743050281e+04
3.85021140100000e+02 5.24369215440449e+04
3.85087155200000e+02 5.17924416137119e+04
3.85153153200000e+02 5.11650462593434e+04
3.85219134000000e+02 5.09104116126503e+04
3.85285097700000e+02 5.07393959091000e+04
3.85351044100000e+02 5.02329524260070e+04
3.85416973400000e+02 4.94299025913209e+04
3.85482885500000e+02 4.83764200198200e+04
3.85548780400000e+02 4.68949867597371e+04
3.85614658100000e+02 4.50808628110982e+04
3.85680518600000e+02 4.32038542992693e+04
3.85746361900000e+02 4.15800808776744e+04
3.85812188000000e+02 4.06353457071997e+04
3.85877996900000e+02 4.07583770982711e+04
3.85943788500000e+02 4.16239777812922e+04
3.86009562900000e+02 4.27431646684382e+04
3.86075320100000e+02 4.40590762604212e+04
3.86141060100000e+02 4.58330749249208e+04
3.86206782800000e+02 4.78183474901257e+04
3.86272488200000e+02 4.97676892651996e+04
3.86338176400000e+02 5.15606477573289e+04
3.86403847300000e+02 5.29471034734193e+04
3.86469501000000e+02 5.34234762229604e+04
3.86535137400000e+02 5.31301513381266e+04
3.86600756500000e+02 5.24287119007777e+04
3.86666358400000e+02 5.14147712460597e+04
3.86731942900000e+02 5.00517441256211e+04
3.86797510200000e+02 4.85797847224550e+04
3.86863060200000e+02 4.70512408606545e+04
3.86928592800000e+02 4.54998369727660e+04
3.86994108200000e+02 4.42534229101642e+04
3.87059606200000e+02 4.36056741446761e+04
3.87125087000000e+02 4.36383199485592e+04
3.87190550400000e+02 4.42931559617339e+04
3.87255996500000e+02 4.54091384312391e+04
3.87321425200000e+02 4.67788862812093e+04
3.87386836700000e+02 4.81983126382814e+04
3.87452230700000e+02 4.92946167693028e+04
3.87517607500000e+02 4.97484070192547e+04
3.87582966900000e+02 4.97658502515872e+04
3.87648308900000e+02 4.96593313838391e+04
3.87713633500000e+02 4.92645953803420e+04
3.87778940800000e+02 4.84156212972514e+04
3.87844230700000e+02 4.72439436035944e+04
3.87909503300000e+02 4.58675213583584e+04
3.87974758400000e+02 4.46425157483289e+04
3.88039996200000e+02 4.44223477150538e+04
3.88105216600000e+02 4.53025820761860e+04
3.88170419600000e+02 4.62134035703512e+04
3.88235605100000e+02 4.63092852900324e+04
3.88300773300000e+02 4.57083926733477e+04
3.88365924000000e+02 4.48763543644536e+04
3.88431057400000e+02 4.44578359771766e+04
3.88496173300000e+02 4.45820756267474e+04
3.88561271700000e+02 4.45792454402442e+04
3.88626352800000e+02 4.39758841198044e+04
3.88691416400000e+02 4.33800013026622e+04
3.88756462500000e+02 4.33932234869425e+04
3.88821491200000e+02 4.42625516352353e+04
3.88886502500000e+02 4.58819277815755e+04
3.88951496300000e+02 4.77745281227059e+04
3.89016472600000e+02 4.93996630224256e+04
3.89081431400000e+02 5.09999078904012e+04
3.89146372800000e+02 5.28917942332018e+04
3.89211296700000e+02 5.44635384875050e+04
3.89276203100000e+02 5.54324077428201e+04
3.89341092000000e+02 5.62971700443910e+04
3.89405963500000e+02 5.72760564003111e+04
3.89470817400000e+02 5.78616900399448e+04
3.89535653800000e+02 5.81409335056777e+04
3.89600472700000e+02 5.82998024826448e+04
3.89665274100000e+02 5.82674169219590e+04
3.89730057900000e+02 5.82297187164616e+04
3.89794824200000e+02 5.88050994164590e+04
3.89859573000000e+02 5.94889933706505e+04
3.89924304300000e+02 5.93902581607594e+04
3.89989018000000e+02 5.85021033646108e+04
3.90053714200000e+02 5.76548119499465e+04
3.90118392800000e+02 5.70516382931757e+04
3.90183053800000e+02 5.64431697436388e+04
3.90247697300000e+02 5.55907591010308e+04
3.90312323300000e+02 5.45748611245857e+04
3.90376931600000e+02 5.37123641144030e+04
3.90441522400000e+02 5.34201972404101e+04
3.90506095600000e+02 5.38519555483533e+04
3.90570651100000e+02 5.48124288481719e+04
3.90635189100000e+02 5.58333326431847e+04
3.90699709500000e+02 5.67475444512614e+04
3.90764212300000e+02 5.79641199202176e+04
3.90828697500000e+02 5.97718425249785e+04
3.90893165100000e+02 6.17288274463012e+04
3.90957615000000e+02 6.33133696659904e+04
3.91022047400000e+02 6.43073909818803e+04
3.91086462000000e+02 6.47809279521830e+04
3.91150859100000e+02 6.50054279078976e+04
3.91215238500000e+02 6.52507985969878e+04
3.91279600300000e+02 6.54326018677870e+04
3.91343944400000e+02 6.53574589385123e+04
3.91408270900000e+02 6.50137484516362e+04
3.91472579700000e+02 6.45085861431799e+04
3.91536870800000e+02 6.36994040832840e+04
3.91601144200000e+02 6.27763947269675e+04
3.91665400000000e+02 6.17486648820948e+04
3.91729638100000e+02 6.03087796645732e+04
3.91793858500000e+02 5.84923428913304e+04
3.91858061200000e+02 5.69613492264996e+04
3.91922246300000e+02 5.57659941049381e+04
3.91986413600000e+02 5.45193184923103e+04
3.92050563200000e+02 5.33957685294925e+04
3.92114695100000e+02 5.27365435141700e+04
3.92178809300000e+02 5.22260228655446e+04
3.92242905700000e+02 5.15839344068431e+04
3.92306984400000e+02 5.10375157312786e+04
3.92371045400000e+02 5.05126815818718e+04
3.92435088700000e+02 4.95357726784521e+04
3.92499114200000e+02 4.79428038902704e+04
3.92563121900000e+02 4.59712075652854e+04
3.92627111900000e+02 4.35453517790255e+04
3.92691084200000e+02 4.06559801725966e+04
3.92755038700000e+02 3.75644185578831e+04
3.92818975400000e+02 3.45643956364301e+04
3.92882894300000e+02 3.15735496244471e+04
3.92946795500000e+02 2.85625796362012e+04
3.93010678800000e+02 2.57490594981543e+04
3.93074544400000e+02 2.33402701728272e+04
3.93138392200000e+02 2.13168202986528e+04
3.93202222200000e+02 1.97431663108515e+04
3.93266034300000e+02 1.87460807266721e+04
3.93329828700000e+02 1.83496972832545e+04
3.93393605200000e+02 1.85222040101981e+04
3.93457363900000e+02 1.92847866324369e+04
3.93521104800000e+02 2.06548733380736e+04
3.93584827900000e+02 2.26669464041399e+04
3.93648533100000e+02 2.52165666762607e+04
3.93712220500000e+02 2.80503792171491e+04
3.93775890000000e+02 3.08520688573541e+04
3.93839541700000e+02 3.34963231720972e+04
3.93903175600000e+02 3.59572737201438e+04
3.93966791500000e+02 3.81935481017910e+04
3.94030389600000e+02 3.99886265590698e+04
3.94093969800000e+02 4.12958014241782e+04
3.94157532200000e+02 4.23234454022261e+04
3.94221076600000e+02 4.34383442207442e+04
3.94284603200000e+02 4.48627937988873e+04
3.94348111900000e+02 4.65164288066469e+04
3.94411602700000e+02 4.80223737296618e+04
3.94475075500000e+02 4.92104155210336e+04
3.94538530500000e+02 5.03240635934693e+04
3.94601967500000e+02 5.18010956523805e+04
3.94665386700000e+02 5.37293515614912e+04
3.94728787900000e+02 5.57767230744571e+04
3.94792171100000e+02 5.74494785341356e+04
3.94855536500000e+02 5.85247072980576e+04
3.94918883900000e+02 5.90184776499019e+04
3.94982213300000e+02 5.91998440915849e+04
3.95045524800000e+02 5.95652075651758e+04
3.95108818400000e+02 6.03342977674892e+04
3.95172094000000e+02 6.11512200871740e+04
3.95235351600000e+02 6.15091612740484e+04
3.95298591200000e+02 6.12874356042841e+04
3.95361812900000e+02 6.06885141256464e+04
3.95425016600000e+02 6.01762491419371e+04
3.95488202300000e+02 6.01202710875785e+04
3.95551370000000e+02 6.05066106001465e+04
3.95614519700000e+02 6.07725747529417e+04
3.95677651400000e+02 6.05346744976409e+04
3.95740765100000e+02 5.96617465854612e+04
3.95803860800000e+02 5.81866953054955e+04
3.95866938500000e+02 5.62884339779512e+04
3.95929998200000e+02 5.43233765118478e+04
3.95993039800000e+02 5.23218796409478e+04
3.96056063400000e+02 5.01543242022858e+04
3.96119068900000e+02 4.76856537709003e+04
3.96182056400000e+02 4.48821429772485e+04
3.96245025900000e+02 4.17807436024137e+04
3.96307977300000e+02 3.86882291655827e+04
3.96370910600000e+02 3.59176369011546e+04
3.96433825900000e+02 3.34456275290750e+04
3.96496723100000e+02 3.09753129739520e+04
3.96559602300000e+02 2.84325908461983e+04
3.96622463300000e+02 2.60274257195717e+04
3.96685306300000e+02 2.39999508574701e+04
3.96748131200000e+02 2.24935327119325e+04
3.96810938000000e+02 2.16943942777779e+04
3.96873726700000e+02 2.16815919530564e+04
3.96936497200000e+02 2.24457723816528e+04
3.96999249700000e+02 2.39263671992809e+04
3.97061984100000e+02 2.60168748272976e+04
3.97124700300000e+02 2.85821275467078e+04
3.97187398400000e+02 3.15347958989775e+04
3.97250078400000e+02 3.47415420187496e+04
3.97312740200000e+02 3.79265836570609e+04
3.97375383900000e+02 4.09489095556799e+04
3.97438009500000e+02 4.39137005993351e+04
3.97500616900000e+02 4.68858794934816e+04
3.97563206100000e+02 4.98149139391107e+04
3.97625777200000e+02 5.27297079403705e+04
3.97688330100000e+02 5.56219584536183e+04
3.97750864900000e+02 5.82769972644514e+04
3.97813381500000e+02 6.04991114126632e+04
3.97875879800000e+02 6.23044363906810e+04
3.97938360000000e+02 6.38066847543326e+04
3.98000822000000e+02 6.49716100472906e+04
3.98063265800000e+02 6.57454256005199e+04
3.98125691400000e+02 6.62347892729990e+04
3.98188098800000e+02 6.65559944252172e+04
3.98250488000000e+02 6.67440076374126e+04
3.98312859000000e+02 6.66877766898063e+04
3.98375211700000e+02 6.64715594886807e+04
3.98437546200000e+02 6.65113236386126e+04
3.98499862500000e+02 6.70515765592562e+04
3.98562160500000e+02 6.78916019145140e+04
3.98624440300000e+02 6.86844512577785e+04
3.98686701800000e+02 6.93120645648873e+04
3.98748945100000e+02 6.98524130613150e+04
3.98811170100000e+02 7.04243758683980e+04
3.98873376900000e+02 7.11623549422367e+04
3.98935565400000e+02 7.20911969922447e+04
3.98997735600000e+02 7.29511230823369e+04
3.99059887500000e+02 7.33631274773858e+04
3.99122021200000e+02 7.33904793619008e+04
3.99184136500000e+02 7.33581510123983e+04
3.99246233600000e+02 7.34118603868894e+04
3.99308312300000e+02 7.33493367656168e+04
3.99370372800000e+02 7.30402138859353e+04
3.99432414900000e+02 7.24698955863768e+04
3.99494438800000e+02 7.17835829265304e+04
3.99556444300000e+02 7.12461471465728e+04
3.99618431400000e+02 7.11527004874437e+04
3.99680400300000e+02 7.15172924257387e+04
3.99742350800000e+02 7.20163530985790e+04
3.99804282900000e+02 7.23997863745807e+04
3.99866196700000e+02 7.28263441604929e+04
3.99928092200000e+02 7.35487754642761e+04
3.99989969300000e+02 7.46390385594754e+04
4.00051828000000e+02 7.57815211560537e+04
4.00113668400000e+02 7.64597647959068e+04
4.00175490400000e+02 7.60347440938903e+04
4.00237294000000e+02 7.47049771137069e+04
4.00299079200000e+02 7.33030542199023e+04
4.00360846100000e+02 7.23602072862738e+04
4.00422594500000e+02 7.17836016724354e+04
4.00484324600000e+02 7.14117866384433e+04
4.00546036200000e+02 7.11616848699862e+04
4.00607729500000e+02 7.08518152441537e+04
4.00669404300000e+02 7.07152699318768e+04
4.00731060700000e+02 7.12223947668301e+04
4.00792698700000e+02 7.24640437547132e+04
4.00854318200000e+02 7.38740101806769e+04
4.00915919300000e+02 7.51194855786768e+04
4.00977502000000e+02 7.61582848372753e+04
4.01039066200000e+02 7.68461806712649e+04
4.01100612000000e+02 7.71098454641084e+04
4.01162139300000e+02 7.72443411903980e+04
4.01223648100000e+02 7.75210646125646e+04
4.01285138500000e+02 7.78232713313994e+04
4.01346610400000e+02 7.79245603674091e+04
4.01408063900000e+02 7.77009069710680e+04
4.01469498800000e+02 7.72893265151745e+04
4.01530915300000e+02 7.69584077228634e+04
4.01592313300000e+02 7.69868361958879e+04
4.01653692800000e+02 7.72980039237405e+04
4.01715053700000e+02 7.75031761130949e+04
4.01776396200000e+02 7.74728902086960e+04
4.01837720200000e+02 7.73317628725648e+04
4.01899025600000e+02 7.73070023819123e+04
4.01960312500000e+02 7.75829917483906e+04
4.02021580900000e+02 7.81335386886734e+04
4.02082830800000e+02 7.85231482418412e+04
4.02144062100000e+02 7.83611792366851e+04
4.02205274900000e+02 7.79407332914264e+04
4.02266469100000e+02 7.77366965356073e+04
4.02327644800000e+02 7.78189173312946e+04
4.02388801900000e+02 7.80076683893670e+04
4.02449940400000e+02 7.82933593438574e+04
4.02511060400000e+02 7.85620614883190e+04
4.02572161800000e+02 7.87203208760320e+04
4.02633244600000e+02 7.87168934445357e+04
4.02694308800000e+02 7.84273974844224e+04
4.02755354500000e+02 7.76170542312874e+04
4.02816381500000e+02 7.64889105928874e+04
4.02877390000000e+02 7.53332479150656e+04
4.02938379800000e+02 7.40508938554452e+04
4.02999351100000e+02 7.25096133589968e+04
4.03060303700000e+02 7.09677805109443e+04
4.03121237700000e+02 6.95662868168854e+04
4.03182153000000e+02 6.84555150205015e+04
4.03243049800000e+02 6.79055595239276e+04
4.03303927900000e+02 6.83212929001974e+04
4.03364787300000e+02 6.93809407350411e+04
4.03425628200000e+02 7.07418092523296e+04
4.03486450300000e+02 7.22897860996339e+04
4.03547253800000e+02 7.40342312554372e+04
4.03608038700000e+02 7.56651508889544e+04
4.03668804800000e+02 7.69745706307650e+04
4.03729552300000e+02 7.79725607865638e+04
4.03790281200000e+02 7.86508382140278e+04
4.03850991300000e+02 7.90987891370619e+04
4.03911682800000e+02 7.94000361316086e+04
4.03972355500000e+02 7.94944460919886e+04
4.04033009600000e+02 7.90461905283288e+04
4.04093644900000e+02 7.78798371241362e+04
4.04154261600000e+02 7.60611746564508e+04
4.04214859500000e+02 7.36701072093036e+04
4.04275438700000e+02 7.10378500072292e+04
4.04335999200000e+02 6.88338955304847e+04
4.04396541000000e+02 6.75209451453594e+04
4.04457064000000e+02 6.68031722047331e+04
4.04517568300000e+02 6.62756206003160e+04
4.04578053800000e+02 6.59282818076007e+04
4.04638520600000e+02 6.61152086396361e+04
4.04698968600000e+02 6.70840862813250e+04
4.04759397900000e+02 6.89203248260526e+04
4.04819808400000e+02 7.14193904899290e+04
4.04880200200000e+02 7.37979190118055e+04
4.04940573100000e+02 7.53298952667746e+04
4.05000927300000e+02 7.60040283516582e+04
4.05061262700000e+02 7.62142744226540e+04
4.05121579300000e+02 7.61428484562950e+04
4.05181877100000e+02 7.57011382244522e+04
4.05242156100000e+02 7.49998783243103e+04
4.05302416300000e+02 7.42062687692266e+04
4.05362657700000e+02 7.34107300569808e+04
4.05422880300000e+02 7.24867807540642e+04
4.05483084000000e+02 7.15806592161402e+04
4.05543268900000e+02 7.07940012921192e+04
4.05603435000000e+02 7.02401428936668e+04
4.05663582300000e+02 7.00259348141797e+04
4.05723710700000e+02 7.02812730075726e+04
4.05783820200000e+02 7.07566573906688e+04
4.05843910900000e+02 7.09682185073001e+04
4.05903982800000e+02 7.07563285683319e+04
4.05964035800000e+02 7.02431028792132e+04
4.06024069900000e+02 6.94287462894862e+04
4.06084085100000e+02 6.84304535800331e+04
4.06144081500000e+02 6.76612809576187e+04
4.06204059000000e+02 6.72881667644284e+04
4.06264017600000e+02 6.69710190224154e+04
4.06323957200000e+02 6.63600488160059e+04
4.06383878000000e+02 6.56212871606519e+04
4.06443779900000e+02 6.51470746761327e+04
4.06503662900000e+02 6.53864503195484e+04
4.06563527000000e+02 6.65855805324732e+04
4.06623372100000e+02 6.85125852980168e+04
4.06683198300000e+02 7.03243306265094e+04
4.06743005600000e+02 7.13142322030887e+04
4.06802794000000e+02 7.13481813169752e+04
4.06862563400000e+02 7.08044009150056e+04
4.06922313800000e+02 7.04058403717192e+04
4.06982045400000e+02 7.05459364072947e+04
4.07041757900000e+02 7.10213265452257e+04
4.07101451500000e+02 7.12722203336150e+04
4.07161126100000e+02 7.10874487873203e+04
4.07220781800000e+02 7.06273187439762e+04
4.07280418500000e+02 7.00530782771668e+04
4.07340036200000e+02 6.95625523812101e+04
4.07399634900000e+02 6.93255763663044e+04
4.07459214600000e+02 6.92101836367560e+04
4.07518775300000e+02 6.89624110676831e+04
4.07578317000000e+02 6.85145792481686e+04
4.07637839700000e+02 6.81225113755551e+04
4.07697343400000e+02 6.79889848276745e+04
4.07756828100000e+02 6.82461668264816e+04
4.07816293800000e+02 6.88875937209911e+04
4.07875740400000e+02 6.98978537670676e+04
4.07935168000000e+02 7.11458100973050e+04
4.07994576500000e+02 7.24235472972870e+04
4.08053966000000e+02 7.34777020507858e+04
4.08113336500000e+02 7.41761326110918e+04
4.08172687900000e+02 7.45735259496905e+04
4.08232020200000e+02 7.47939524685172e+04
4.08291333500000e+02 7.48565335258258e+04
4.08350627700000e+02 7.48201379940392e+04
4.08409902900000e+02 7.48243603733182e+04
4.08469158900000e+02 7.51160325433323e+04
4.08528395900000e+02 7.56898857340859e+04
4.08587613800000e+02 7.64847445538726e+04
4.08646812500000e+02 7.74039778329339e+04
4.08705992200000e+02 7.83348887587060e+04
4.08765152800000e+02 7.92087632905208e+04
4.08824294300000e+02 7.99089497368294e+04
4.08883416600000e+02 8.03018714491148e+04
4.08942519800000e+02 8.02408676251115e+04
4.09001603900000e+02 7.99415586354803e+04
4.09060668900000e+02 7.96205077083998e+04
4.09119714700000e+02 7.92473320692986e+04
4.09178741400000e+02 7.86014136833918e+04
4.09237749000000e+02 7.77233768954139e+04
4.09296737400000e+02 7.67292641710099e+04
4.09355706600000e+02 7.56924250243947e+04
4.09414656700000e+02 7.47219149145127e+04
4.09473587600000e+02 7.39225626562200e+04
4.09532499300000e+02 7.31159732219527e+04
4.09591391900000e+02 7.20455352977854e+04
4.09650265200000e+02 7.06864049247099e+04
4.09709119400000e+02 6.91530378173935e+04
4.09767954400000e+02 6.74290634416838e+04
4.09826770200000e+02 6.54756838983663e+04
4.09885566800000e+02 6.35153913145207e+04
4.09944344100000e+02 6.18612749592329e+04
4.10003102300000e+02 6.07024393759749e+04
4.10061841200000e+02 6.00257290642185e+04
4.10120560900000e+02 5.96874115056748e+04
4.10179261400000e+02 5.96256006410862e+04
4.10237942700000e+02 6.00144401981219e+04
4.10296604700000e+02 6.10031998693623e+04
4.10355247400000e+02 6.26052975918521e+04
4.10413871000000e+02 6.46253241251403e+04
4.10472475200000e+02 6.67528057154854e+04
4.10531060200000e+02 6.86462839261350e+04
4.10589625900000e+02 7.01473998768474e+04
4.10648172400000e+02 7.13134211163629e+04
4.10706699600000e+02 7.22168386148468e+04
4.10765207500000e+02 7.28712167739892e+04
4.10823696100000e+02 7.33048951271714e+04
4.10882165400000e+02 7.36511332299872e+04
4.10940615500000e+02 7.39890409346475e+04
4.10999046200000e+02 7.44269092366435e+04
4.11057457600000e+02 7.50163312299869e+04
4.11115849700000e+02 7.56961940780910e+04
4.11174222500000e+02 7.63630412619580e+04
4.11232576000000e+02 7.70788305119535e+04
4.11290910100000e+02 7.78842777272561e+04
4.11349224900000e+02 7.86959446685702e+04
4.11407520400000e+02 7.94128575389862e+04
4.11465796500000e+02 7.99357892081340e+04
4.11524053300000e+02 8.00447707918570e+04
4.11582290700000e+02 7.96821429876171e+04
4.11640508800000e+02 7.91383448964050e+04
4.11698707500000e+02 7.87824590543418e+04
4.11756886800000e+02 7.86253255170435e+04
4.11815046800000e+02 7.83869626180567e+04
4.11873187300000e+02 7.79844380746601e+04
4.11931308500000e+02 7.74761035548649e+04
4.11989410300000e+02 7.69979273434846e+04
4.12047492700000e+02 7.66916225260561e+04
4.12105555800000e+02 7.68232741823832e+04
4.12163599400000e+02 7.72988909507059e+04
4.12221623500000e+02 7.77121928041101e+04
4.12279628300000e+02 7.77429478568836e+04
4.12337613700000e+02 7.75469684646820e+04
4.12395579600000e+02 7.73399038270391e+04
4.12453526100000e+02 7.70515491804912e+04
4.12511453200000e+02 7.67398837625813e+04
4.12569360800000e+02 7.65068524851581e+04
4.12627249000000e+02 7.63749476795256e+04
4.12685117700000e+02 7.61085632001341e+04
4.12742967000000e+02 7.57175937847909e+04
4.12800796800000e+02 7.53122591240759e+04
4.12858607100000e+02 7.47180516542721e+04
4.12916398000000e+02 7.37855122532442e+04
4.12974169400000e+02 7.28475203983359e+04
4.13031921300000e+02 7.22901664346145e+04
4.13089653700000e+02 7.18647902655651e+04
4.13147366600000e+02 7.13493602478757e+04
4.13205060100000e+02 7.10478337270620e+04
4.13262734000000e+02 7.11976254741258e+04
4.13320388400000e+02 7.16080900253179e+04
4.13378023300000e+02 7.20865396311481e+04
4.13435638700000e+02 7.28894269254101e+04
4.13493234500000e+02 7.41047978186881e+04
4.13550810900000e+02 7.54689003301084e+04
4.13608367700000e+02 7.68016838105734e+04
4.13665904900000e+02 7.81277985968041e+04
4.13723422700000e+02 7.93504247958344e+04
4.13780920800000e+02 8.01499629356132e+04
4.13838399400000e+02 8.03598457053265e+04
4.13895858500000e+02 8.00523233858523e+04
4.13953298000000e+02 7.93899058927108e+04
4.14010717900000e+02 7.82881250677120e+04
4.14068118200000e+02 7.67812994587330e+04
4.14125499000000e+02 7.52751159432264e+04
4.14182860200000e+02 7.42002337754485e+04
4.14240201700000e+02 7.35544655938933e+04
4.14297523700000e+02 7.30556135295620e+04
4.14354826100000e+02 7.26385144120497e+04
4.14412108900000e+02 7.23943399158615e+04
4.14469372100000e+02 7.25031579207099e+04
4.14526615600000e+02 7.30712442436799e+04
4.14583839500000e+02 7.40098026369474e+04
4.14641043800000e+02 7.50005070537315e+04
4.14698228500000e+02 7.56724710501883e+04
4.14755393500000e+02 7.60767957551901e+04
4.14812538900000e+02 7.63517247500175e+04
4.14869664700000e+02 7.64139510029944e+04
4.14926770800000e+02 7.62364392608153e+04
4.14983857200000e+02 7.59772068591180e+04
4.15040924000000e+02 7.56107608333620e+04
4.15097971100000e+02 7.49175088889421e+04
4.15154998500000e+02 7.41524222897340e+04
4.15212006200000e+02 7.37923336820863e+04
4.15268994300000e+02 7.36771594742672e+04
4.15325962700000e+02 7.33112269942034e+04
4.15382911400000e+02 7.27228190231951e+04
4.15439840400000e+02 7.23364408644977e+04
4.15496749600000e+02 7.22158901282720e+04
4.15553639200000e+02 7.21577559641147e+04
4.15610509100000e+02 7.23417692897566e+04
4.15667359200000e+02 7.29780904032935e+04
4.15724189600000e+02 7.38166687954817e+04
4.15781000300000e+02 7.44354851429602e+04
4.15837791200000e+02 7.49458439754352e+04
4.15894562400000e+02 7.57758805859701e+04
4.15951313900000e+02 7.68796469507218e+04
4.16008045600000e+02 7.79016072241959e+04
4.16064757600000e+02 7.86622464234558e+04
4.16121449800000e+02 7.92750923587289e+04
4.16178122200000e+02 7.97483038430271e+04
4.16234774800000e+02 8.00161603139156e+04
4.16291407700000e+02 8.02046699054972e+04
4.16348020800000e+02 8.03007909355254e+04
4.16404614100000e+02 8.00772255711934e+04
4.16461187600000e+02 7.94303116588278e+04
4.16517741400000e+02 7.87106234456049e+04
4.16574275300000e+02 7.82243849298775e+04
4.16630789400000e+02 7.79272073639290e+04
4.16687283700000e+02 7.76330478510390e+04
4.16743758200000e+02 7.72453983317581e+04
4.16800212800000e+02 7.66748768628908e+04
4.16856647700000e+02 7.57840525059011e+04
4.16913062700000e+02 7.47125036988514e+04
4.16969457800000e+02 7.37944462730439e+04
4.17025833100000e+02 7.30881231175310e+04
4.17082188600000e+02 7.24475129929117e+04
4.17138524200000e+02 7.17647963293932e+04
4.17194840000000e+02 7.10784849177882e+04
4.17251135800000e+02 7.04464813895762e+04
4.17307411900000e+02 6.99077267789642e+04
4.17363668000000e+02 6.95973596022636e+04
4.17419904300000e+02 6.95003608190922e+04
4.17476120700000e+02 6.96662809531166e+04
4.17532317100000e+02 7.01044871769164e+04
4.17588493700000e+02 7.07146754347162e+04
4.17644650400000e+02 7.13810980459938e+04
4.17700787200000e+02 7.19856281822984e+04
4.17756904100000e+02 7.25309364328463e+04
4.17813001100000e+02 7.28212671786449e+04
4.17869078100000e+02 7.27358615306447e+04
4.17925135200000e+02 7.25288872554012e+04
4.17981172400000e+02 7.24699048065525e+04
4.18037189700000e+02 7.26193074352989e+04
4.18093187000000e+02 7.27272930990653e+04
4.18149164300000e+02 7.28002774339269e+04
4.18205121700000e+02 7.28927306773777e+04
4.18261059200000e+02 7.29234531962279e+04
4.18316976700000e+02 7.27313178973639e+04
4.18372874200000e+02 7.22595122143712e+04
4.18428751700000e+02 7.16869544339271e+04
4.18484609300000e+02 7.12047448052837e+04
4.18540446900000e+02 7.09374871228256e+04
4.18596264500000e+02 7.09384711356770e+04
4.18652062100000e+02 7.11841790887931e+04
4.18707839700000e+02 7.15028814158414e+04
4.18763597300000e+02 7.16367891003692e+04
4.18819334900000e+02 7.14630535991494e+04
4.18875052500000e+02 7.13722432038102e+04
4.18930750100000e+02 7.18523472447666e+04
4.18986427600000e+02 7.30117887374157e+04
4.19042085100000e+02 7.44152936591230e+04
4.19097722600000e+02 7.55767625796107e+04
4.19153340000000e+02 7.62479181971848e+04
4.19208937400000e+02 7.63055913912628e+04
4.19264514800000e+02 7.59126271740720e+04
4.19320072100000e+02 7.53635127668962e+04
4.19375609300000e+02 7.49935418113224e+04
4.19431126500000e+02 7.46814355817537e+04
4.19486623500000e+02 7.39566242279971e+04
4.19542100600000e+02 7.26692777117560e+04
4.19597557500000e+02 7.11457784365982e+04
4.19652994400000e+02 6.99077151269336e+04
4.19708411100000e+02 6.90579848866081e+04
4.19763807800000e+02 6.84879399122870e+04
4.19819184300000e+02 6.80480710718510e+04
4.19874540800000e+02 6.75515517516990e+04
4.19929877100000e+02 6.71015297680718e+04
4.19985193400000e+02 6.69148708116311e+04
4.20040489500000e+02 6.72803216062889e+04
4.20095765400000e+02 6.80965975925815e+04
4.20151021300000e+02 6.89852738720709e+04
4.20206257000000e+02 6.97556196011484e+04
4.20261472500000e+02 7.04841946249903e+04
4.20316668000000e+02 7.13206264387799e+04
4.20371843200000e+02 7.22605984584275e+04
4.20426998300000e+02 7.33742961833363e+04
4.20482133300000e+02 7.46351380841164e+04
4.20537248000000e+02 7.57699730184277e+04
4.20592342600000e+02 7.65829889626472e+04
4.20647417100000e+02 7.70959963345967e+04
4.20702471300000e+02 7.74392657088438e+04
4.20757505300000e+02 7.76736236858579e+04
4.20812519200000e+02 7.78636971253079e+04
4.20867512900000e+02 7.81179225647852e+04
4.20922486300000e+02 7.84684850974986e+04
4.20977439500000e+02 7.87745872362762e+04
4.21032372600000e+02 7.88800651482577e+04
4.21087285400000e+02 7.88071622849556e+04
4.21142177900000e+02 7.86395740215157e+04
4.21197050300000e+02 7.82977898334568e+04
4.21251902400000e+02 7.77098871453566e+04
4.21306734300000e+02 7.70204772964590e+04
4.21361545900000e+02 7.64483075753541e+04
4.21416337300000e+02 7.59863887013350e+04
4.21471108400000e+02 7.55719492686342e+04
4.21525859300000e+02 7.51864120106743e+04
4.21580589900000e+02 7.48791673218189e+04
4.21635300200000e+02 7.46548337631449e+04
4.21689990200000e+02 7.45777490893479e+04
4.21744660000000e+02 7.49016618606603e+04
4.21799309500000e+02 7.57216000952031e+04
4.21853938600000e+02 7.67024249672572e+04
4.21908547500000e+02 7.73829352184904e+04
4.21963136100000e+02 7.76389931078685e+04
4.22017704400000e+02 7.75558016380297e+04
4.22072252300000e+02 7.71411011775677e+04
4.22126780000000e+02 7.63303160553025e+04
4.22181287300000e+02 7.51767806072640e+04
4.22235774300000e+02 7.36089144617552e+04
4.22290240900000e+02 7.14592017615318e+04
4.22344687300000e+02 6.86879675874870e+04
4.22399113200000e+02 6.57949291903037e+04
4.22453518900000e+02 6.34548854708393e+04
4.22507904100000e+02 6.20853735226585e+04
4.22562269100000e+02 6.16056059355111e+04
4.22616613600000e+02 6.16724052340335e+04
4.22670937800000e+02 6.20902763413373e+04
4.22725241600000e+02 6.28645144435893e+04
4.22779525000000e+02 6.40759321320431e+04
4.22833788000000e+02 6.58221756739741e+04
4.22888030700000e+02 6.80612869586821e+04
4.22942253000000e+02 7.04899372237785e+04
4.22996454800000e+02 7.24937359930765e+04
4.23050636300000e+02 7.37317620564563e+04
4.23104797300000e+02 7.43763222079594e+04
4.23158937900000e+02 7.47265606823407e+04
4.23213058100000e+02 7.47516808852257e+04
4.23267157900000e+02 7.41841664478833e+04
4.23321237200000e+02 7.31751452762572e+04
4.23375296100000e+02 7.20856388522682e+04
4.23429334600000e+02 7.12280070183262e+04
4.23483352600000e+02 7.06422825144369e+04
4.23537350200000e+02 7.03222438607699e+04
4.23591327300000e+02 7.01881335103953e+04
4.23645283900000e+02 6.99696851017839e+04
4.23699220100000e+02 6.96284406603470e+04
4.23753135800000e+02 6.94986653255522e+04
4.23807031000000e+02 6.99698531507458e+04
4.23860905800000e+02 7.09226730906051e+04
4.23914760000000e+02 7.17683882311872e+04
4.23968593800000e+02 7.22725109250137e+04
4.24022407000000e+02 7.25396876349198e+04
4.24076199800000e+02 7.29809477639915e+04
4.24129972000000e+02 7.37009649294408e+04
4.24183723800000e+02 7.45472112873368e+04
4.24237455000000e+02 7.53296099765632e+04
4.24291165700000e+02 7.58456473646925e+04
