2.78728117600000e+02 0.00000000000000e+00
2.78813031100000e+02 0.00000000000000e+00
2.78897934600000e+02 0.00000000000000e+00
2.78982828100000e+02 0.00000000000000e+00
2.79067711600000e+02 0.00000000000000e+00
2.79152585200000e+02 0.00000000000000e+00
2.79237448700000e+02 0.00000000000000e+00
2.79322302300000e+02 0.00000000000000e+00
2.79407145800000e+02 0.00000000000000e+00
2.79491979300000e+02 0.00000000000000e+00
2.79576802800000e+02 0.00000000000000e+00
2.79661616300000e+02 0.00000000000000e+00
2.79746419700000e+02 0.00000000000000e+00
2.79831213200000e+02 0.00000000000000e+00
2.79915996500000e+02 0.00000000000000e+00
2.80000769900000e+02 0.00000000000000e+00
2.80085533100000e+02 0.00000000000000e+00
2.80170286400000e+02 0.00000000000000e+00
2.80255029500000e+02 0.00000000000000e+00
2.80339762600000e+02 0.00000000000000e+00
2.80424485700000e+02 0.00000000000000e+00
2.80509198600000e+02 0.00000000000000e+00
2.80593901500000e+02 0.00000000000000e+00
2.80678594300000e+02 0.00000000000000e+00
2.80763277000000e+02 0.00000000000000e+00
2.80847949600000e+02 0.00000000000000e+00
2.80932612100000e+02 0.00000000000000e+00
2.81017264500000e+02 0.00000000000000e+00
2.81101906800000e+02 0.00000000000000e+00
2.81186539000000e+02 0.00000000000000e+00
2.81271161100000e+02 0.00000000000000e+00
2.81355773000000e+02 0.00000000000000e+00
2.81440374800000e+02 0.00000000000000e+00
2.81524966400000e+02 0.00000000000000e+00
2.81609548000000e+02 0.00000000000000e+00
2.81694119300000e+02 0.00000000000000e+00
2.81778680500000e+02 0.00000000000000e+00
2.81863231600000e+02 0.00000000000000e+00
2.81947772500000e+02 0.00000000000000e+00
2.82032303200000e+02 0.00000000000000e+00
2.82116823800000e+02 0.00000000000000e+00
2.82201334200000e+02 0.00000000000000e+00
2.82285834400000e+02 0.00000000000000e+00
2.82370324400000e+02 0.00000000000000e+00
2.82454804200000e+02 0.00000000000000e+00
2.82539273800000e+02 0.00000000000000e+00
2.82623733200000e+02 0.00000000000000e+00
2.82708182400000e+02 0.00000000000000e+00
2.82792621400000e+02 0.00000000000000e+00
2.82877050200000e+02 0.00000000000000e+00
2.82961468700000e+02 0.00000000000000e+00
2.83045877000000e+02 0.00000000000000e+00
2.83130275100000e+02 0.00000000000000e+00
2.83214663000000e+02 0.00000000000000e+00
2.83299040600000e+02 0.00000000000000e+00
2.83383407900000e+02 0.00000000000000e+00
2.83467765000000e+02 0.00000000000000e+00
2.83552111800000e+02 0.00000000000000e+00
2.83636448400000e+02 0.00000000000000e+00
2.83720774700000e+02 0.00000000000000e+00
2.83805090700000e+02 0.00000000000000e+00
2.83889396400000e+02 0.00000000000000e+00
2.83973691900000e+02 0.00000000000000e+00
2.84057977000000e+02 0.00000000000000e+00
2.84142251900000e+02 0.00000000000000e+00
2.84226516400000e+02 0.00000000000000e+00
2.84310770700000e+02 0.00000000000000e+00
2.84395014600000e+02 0.00000000000000e+00
2.84479248300000e+02 0.00000000000000e+00
2.84563471600000e+02 0.00000000000000e+00
2.84647684500000e+02 0.00000000000000e+00
2.84731887200000e+02 0.00000000000000e+00
2.84816079500000e+02 0.00000000000000e+00
2.84900261400000e+02 0.00000000000000e+00
2.84984433000000e+02 0.00000000000000e+00
2.85068594300000e+02 0.00000000000000e+00
2.85152745200000e+02 0.00000000000000e+00
2.85236885700000e+02 0.00000000000000e+00
2.85321015900000e+02 0.00000000000000e+00
2.85405135700000e+02 0.00000000000000e+00
2.85489245100000e+02 0.00000000000000e+00
2.85573344100000e+02 0.00000000000000e+00
2.85657432800000e+02 0.00000000000000e+00
2.85741511000000e+02 0.00000000000000e+00
2.85825578900000e+02 0.00000000000000e+00
2.85909636300000e+02 0.00000000000000e+00
2.85993683300000e+02 0.00000000000000e+00
2.86077719900000e+02 0.00000000000000e+00
2.86161746100000e+02 0.00000000000000e+00
2.86245761900000e+02 0.00000000000000e+00
2.86329767200000e+02 0.00000000000000e+00
2.86413762100000e+02 0.00000000000000e+00
2.86497746600000e+02 0.00000000000000e+00
2.86581720600000e+02 0.00000000000000e+00
2.86665684200000e+02 0.00000000000000e+00
2.86749637300000e+02 0.00000000000000e+00
2.86833579900000e+02 0.00000000000000e+00
2.86917512100000e+02 0.00000000000000e+00
2.87001433800000e+02 0.00000000000000e+00
2.87085345000000e+02 0.00000000000000e+00
2.87169245800000e+02 0.00000000000000e+00
2.87253136000000e+02 0.00000000000000e+00
2.87337015800000e+02 0.00000000000000e+00
2.87420885100000e+02 0.00000000000000e+00
2.87504743800000e+02 0.00000000000000e+00
2.87588592100000e+02 0.00000000000000e+00
2.87672429800000e+02 0.00000000000000e+00
2.87756257100000e+02 0.00000000000000e+00
2.87840073800000e+02 0.00000000000000e+00
2.87923879900000e+02 0.00000000000000e+00
2.88007675600000e+02 0.00000000000000e+00
2.88091460700000e+02 0.00000000000000e+00
2.88175235200000e+02 0.00000000000000e+00
2.88258999200000e+02 0.00000000000000e+00
2.88342752700000e+02 0.00000000000000e+00
2.88426495600000e+02 0.00000000000000e+00
2.88510227900000e+02 0.00000000000000e+00
2.88593949700000e+02 0.00000000000000e+00
2.88677660800000e+02 0.00000000000000e+00
2.88761361400000e+02 0.00000000000000e+00
2.88845051500000e+02 0.00000000000000e+00
2.88928730900000e+02 0.00000000000000e+00
2.89012399700000e+02 0.00000000000000e+00
2.89096057900000e+02 0.00000000000000e+00
2.89179705600000e+02 0.00000000000000e+00
2.89263342600000e+02 0.00000000000000e+00
2.89346969000000e+02 0.00000000000000e+00
2.89430584700000e+02 0.00000000000000e+00
2.89514189900000e+02 0.00000000000000e+00
2.89597784400000e+02 0.00000000000000e+00
2.89681368300000e+02 0.00000000000000e+00
2.89764941500000e+02 0.00000000000000e+00
2.89848504100000e+02 0.00000000000000e+00
2.89932056000000e+02 0.00000000000000e+00
2.90015597300000e+02 0.00000000000000e+00
2.90099127900000e+02 0.00000000000000e+00
2.90182647900000e+02 0.00000000000000e+00
2.90266157100000e+02 0.00000000000000e+00
2.90349655700000e+02 0.00000000000000e+00
2.90433143600000e+02 0.00000000000000e+00
2.90516620900000e+02 0.00000000000000e+00
2.90600087400000e+02 0.00000000000000e+00
2.90683543200000e+02 0.00000000000000e+00
2.90766988400000e+02 0.00000000000000e+00
2.90850422800000e+02 0.00000000000000e+00
2.90933846500000e+02 0.00000000000000e+00
2.91017259500000e+02 0.00000000000000e+00
2.91100661700000e+02 0.00000000000000e+00
2.91184053200000e+02 0.00000000000000e+00
2.91267434000000e+02 0.00000000000000e+00
2.91350804100000e+02 0.00000000000000e+00
2.91434163400000e+02 0.00000000000000e+00
2.91517511900000e+02 0.00000000000000e+00
2.91600849700000e+02 0.00000000000000e+00
2.91684176800000e+02 0.00000000000000e+00
2.91767493100000e+02 0.00000000000000e+00
2.91850798600000e+02 0.00000000000000e+00
2.91934093300000e+02 0.00000000000000e+00
2.92017377200000e+02 0.00000000000000e+00
2.92100650400000e+02 0.00000000000000e+00
2.92183912800000e+02 0.00000000000000e+00
2.92267164300000e+02 0.00000000000000e+00
2.92350405100000e+02 0.00000000000000e+00
2.92433635100000e+02 0.00000000000000e+00
2.92516854200000e+02 0.00000000000000e+00
2.92600062500000e+02 0.00000000000000e+00
2.92683260000000e+02 0.00000000000000e+00
2.92766446700000e+02 0.00000000000000e+00
2.92849622600000e+02 0.00000000000000e+00
2.92932787600000e+02 0.00000000000000e+00
2.93015941700000e+02 0.00000000000000e+00
2.93099085100000e+02 0.00000000000000e+00
2.93182217500000e+02 0.00000000000000e+00
2.93265339100000e+02 0.00000000000000e+00
2.93348449900000e+02 0.00000000000000e+00
2.93431549700000e+02 0.00000000000000e+00
2.93514638700000e+02 0.00000000000000e+00
2.93597716800000e+02 0.00000000000000e+00
2.93680784100000e+02 0.00000000000000e+00
2.93763840400000e+02 0.00000000000000e+00
2.93846885900000e+02 0.00000000000000e+00
2.93929920400000e+02 0.00000000000000e+00
2.94012944100000e+02 0.00000000000000e+00
2.94095956800000e+02 0.00000000000000e+00
2.94178958600000e+02 0.00000000000000e+00
2.94261949500000e+02 4.49803312519302e-27
2.94344929500000e+02 2.64622481855984e-27
2.94427898500000e+02 2.08672752408116e-27
2.94510856600000e+02 1.82894966669692e-27
2.94593803800000e+02 1.74358855949428e-27
2.94676740000000e+02 1.67514463766781e-27
2.94759665200000e+02 1.73095643290928e-27
2.94842579500000e+02 1.75154875025967e-27
2.94925482900000e+02 2.25472421013622e-27
2.95008375300000e+02 2.28351760486223e-27
2.95091256700000e+02 2.38333965335782e-27
2.95174127100000e+02 2.51598943344444e-27
2.95256986500000e+02 2.68828919195139e-27
2.95339835000000e+02 2.84762659350779e-27
2.95422672500000e+02 3.00025736712043e-27
2.95505498900000e+02 3.10459748223443e-27
2.95588314400000e+02 3.12081674888934e-27
2.95671118800000e+02 3.13993695637055e-27
2.95753912300000e+02 2.72139921322014e-27
2.95836694700000e+02 2.21758116195682e-27
2.95919466100000e+02 1.90255317849612e-27
2.96002226500000e+02 1.74122902841992e-27
2.96084975800000e+02 1.68504929244865e-27
2.96167714100000e+02 1.69608687626402e-27
2.96250441300000e+02 1.75387647217829e-27
2.96333157500000e+02 1.97591442968527e-27
2.96415862700000e+02 2.38625183715106e-27
2.96498556800000e+02 2.76436621194031e-27
2.96581239800000e+02 3.06616589246466e-27
2.96663911700000e+02 3.36797069284945e-27
2.96746572600000e+02 3.64002899780772e-27
2.96829222400000e+02 3.80791135198749e-27
2.96911861100000e+02 3.81707824331888e-27
2.96994488700000e+02 3.79312976208724e-27
2.97077105200000e+02 3.81580301032986e-27
2.97159710700000e+02 3.74670741222979e-27
2.97242305000000e+02 3.58864170192400e-27
2.97324888200000e+02 3.43347238325129e-27
2.97407460300000e+02 3.27234703384186e-27
2.97490021200000e+02 3.04749747868159e-27
2.97572571100000e+02 2.76201223685715e-27
2.97655109800000e+02 2.56770848517487e-27
2.97737637300000e+02 2.52849314745483e-27
2.97820153800000e+02 2.61373222548868e-27
2.97902659000000e+02 2.80336881057242e-27
2.97985153200000e+02 3.09874874718429e-27
2.98067636100000e+02 3.56029667684892e-27
2.98150107900000e+02 4.06088677193926e-27
2.98232568600000e+02 4.48701972065543e-27
2.98315018000000e+02 4.82990438436408e-27
2.98397456300000e+02 5.01369565231497e-27
2.98479883400000e+02 5.07429973855363e-27
2.98562299300000e+02 4.97476486934580e-27
2.98644704000000e+02 4.66000550201238e-27
2.98727097500000e+02 4.26539332801012e-27
2.98809479800000e+02 3.87405538804120e-27
2.98891850900000e+02 3.55449808430192e-27
2.98974210800000e+02 3.33567938331483e-27
2.99056559500000e+02 3.20516609786420e-27
2.99138896900000e+02 3.25159508375105e-27
2.99221223100000e+02 3.36174266973491e-27
2.99303538100000e+02 3.39401207715958e-27
2.99385841900000e+02 3.38775866409400e-27
2.99468134400000e+02 3.35149859323465e-27
2.99550415600000e+02 3.36091378686550e-27
2.99632685600000e+02 3.51152295506305e-27
2.99714944300000e+02 3.73103739272097e-27
2.99797191700000e+02 4.08997291783449e-27
2.99879427900000e+02 4.52281899082245e-27
2.99961652800000e+02 4.95609176056292e-27
3.00043866500000e+02 5.39001150554906e-27
3.00126068800000e+02 5.58858172376407e-27
3.00208259900000e+02 5.47362339780486e-27
3.00290439600000e+02 5.16676942274553e-27
3.00372608000000e+02 4.80709838309712e-27
3.00454765200000e+02 4.57554127608208e-27
3.00536911000000e+02 4.38066825947246e-27
3.00619045500000e+02 4.17445322015200e-27
3.00701168700000e+02 4.05188519949847e-27
3.00783280600000e+02 3.96263926665489e-27
3.00865381100000e+02 3.92316402399977e-27
3.00947470300000e+02 3.85321372557487e-27
3.01029548100000e+02 3.64480953038436e-27
3.01111614600000e+02 3.39938800169969e-27
3.01193669700000e+02 3.22461136031109e-27
3.01275713500000e+02 3.15990623689834e-27
3.01357745900000e+02 3.22630729942118e-27
3.01439767000000e+02 3.42047762988956e-27
3.01521776700000e+02 3.74324692684921e-27
3.01603775000000e+02 4.22895959273016e-27
3.01685761900000e+02 4.90614190095338e-27
3.01767737400000e+02 5.87195890482762e-27
3.01849701500000e+02 6.79045819209230e-27
3.01931654200000e+02 7.18879473580888e-27
3.02013595500000e+02 7.19027731836931e-27
3.02095525400000e+02 7.08769026415469e-27
3.02177443900000e+02 6.90965443639600e-27
3.02259351000000e+02 6.57969512619697e-27
3.02341246600000e+02 5.94370900854764e-27
3.02423130800000e+02 5.20237617047051e-27
3.02505003600000e+02 4.70227838990994e-27
3.02586865000000e+02 4.40679818815499e-27
3.02668714800000e+02 4.21738233394491e-27
3.02750553300000e+02 4.07200307654552e-27
3.02832380200000e+02 3.85470960414765e-27
3.02914195800000e+02 3.59774739835993e-27
3.02995999800000e+02 3.44081525786319e-27
3.03077792400000e+02 3.39455087150728e-27
3.03159573500000e+02 3.39321871890404e-27
3.03241343100000e+02 3.37465560619158e-27
3.03323101200000e+02 3.37448502969265e-27
3.03404847800000e+02 3.55793943180431e-27
3.03486583000000e+02 3.96871320793994e-27
3.03568306600000e+02 4.32420276605594e-27
3.03650018700000e+02 4.53813883492258e-27
3.03731719300000e+02 4.79593135153887e-27
3.03813408400000e+02 5.13668827576492e-27
3.03895086000000e+02 5.45353282687239e-27
3.03976752000000e+02 5.47095171992215e-27
3.04058406500000e+02 5.18665599300651e-27
3.04140049500000e+02 4.97750214726864e-27
3.04221680900000e+02 4.87396285125030e-27
3.04303300800000e+02 4.72814858449623e-27
3.04384909100000e+02 4.61487757548950e-27
3.04466505800000e+02 4.61042103477592e-27
3.04548091000000e+02 4.59268272156611e-27
3.04629664600000e+02 4.49588405943918e-27
3.04711226700000e+02 4.40515303379837e-27
3.04792777100000e+02 4.38504371599741e-27
3.04874316000000e+02 4.32985345679171e-27
3.04955843300000e+02 4.08073070568538e-27
3.05037359000000e+02 3.73175169722579e-27
3.05118863000000e+02 3.56078767081793e-27
3.05200355500000e+02 3.57910518510738e-27
3.05281836400000e+02 3.62517224022203e-27
3.05363305600000e+02 3.75369286126348e-27
3.05444763200000e+02 4.21891233283769e-27
3.05526209200000e+02 4.83805044415670e-27
3.05607643600000e+02 5.32698210151314e-27
3.05689066300000e+02 5.59465419142603e-27
3.05770477400000e+02 5.62783156985396e-27
3.05851876800000e+02 5.56413811349229e-27
3.05933264600000e+02 5.35963273035930e-27
3.06014640800000e+02 4.92419500929433e-27
3.06096005200000e+02 4.45347568662126e-27
3.06177358000000e+02 4.04851433546549e-27
3.06258699100000e+02 3.80024747147594e-27
3.06340028600000e+02 3.85037204732752e-27
3.06421346300000e+02 4.10226970796227e-27
3.06502652400000e+02 4.32420381012220e-27
3.06583946800000e+02 4.39817205036710e-27
3.06665229400000e+02 4.33206308531116e-27
3.06746500400000e+02 4.19980077830642e-27
3.06827759700000e+02 4.05848665535243e-27
3.06909007200000e+02 3.86931613748132e-27
3.06990243000000e+02 3.63478875130962e-27
3.07071467100000e+02 3.44290019965670e-27
3.07152679500000e+02 3.37824055743634e-27
3.07233880100000e+02 3.50486580550356e-27
3.07315069000000e+02 3.69126199537783e-27
3.07396246200000e+02 3.76152501660885e-27
3.07477411500000e+02 3.75057511879824e-27
3.07558565200000e+02 3.76512301443527e-27
3.07639707100000e+02 3.78786203651390e-27
3.07720837200000e+02 3.77220096425503e-27
3.07801955500000e+02 3.72092447561386e-27
3.07883062100000e+02 3.77392252381070e-27
3.07964156800000e+02 3.93986987185826e-27
3.08045239800000e+02 4.03228820425469e-27
3.08126311000000e+02 3.99495470516929e-27
3.08207370400000e+02 3.90132622038570e-27
3.08288418000000e+02 3.78748235578854e-27
3.08369453800000e+02 3.64843553988850e-27
3.08450477800000e+02 3.47761011101776e-27
3.08531490000000e+02 3.32148150875453e-27
3.08612490300000e+02 3.21393202775146e-27
3.08693478800000e+02 3.21599725656510e-27
3.08774455500000e+02 3.41711827922295e-27
3.08855420300000e+02 3.78644724713550e-27
3.08936373300000e+02 4.29014840011598e-27
3.09017314400000e+02 4.86617464346148e-27
3.09098243700000e+02 5.22236289647518e-27
3.09179161100000e+02 5.31355540271278e-27
3.09260066700000e+02 5.31540524695754e-27
3.09340960400000e+02 5.29199851673303e-27
3.09421842200000e+02 5.23774649894272e-27
3.09502712200000e+02 4.96360170672590e-27
3.09583570200000e+02 4.52306595948063e-27
3.09664416400000e+02 4.40174814328257e-27
3.09745250600000e+02 4.67364154454152e-27
3.09826073000000e+02 5.04788030857363e-27
3.09906883500000e+02 5.32983855471401e-27
3.09987682000000e+02 5.37808797081520e-27
3.10068468700000e+02 5.28976439431511e-27
3.10149243400000e+02 5.14001098308905e-27
3.10230006100000e+02 4.84455064971161e-27
3.10310757000000e+02 4.40066429086362e-27
3.10391495900000e+02 3.87392756499262e-27
3.10472222900000e+02 3.33723542324456e-27
3.10552937900000e+02 2.93978827062906e-27
3.10633641000000e+02 2.73443946277276e-27
3.10714332100000e+02 2.66881117013467e-27
3.10795011300000e+02 2.67143711583683e-27
3.10875678500000e+02 2.66929870647184e-27
3.10956333700000e+02 2.67137410962610e-27
3.11036976900000e+02 2.71619798487679e-27
3.11117608200000e+02 2.82624392543240e-27
3.11198227400000e+02 2.92639880447872e-27
3.11278834700000e+02 2.95280798779518e-27
3.11359430000000e+02 2.99229161234757e-27
3.11440013200000e+02 3.08909806064174e-27
3.11520584500000e+02 3.22529260552528e-27
3.11601143700000e+02 3.37636731688993e-27
3.11681691000000e+02 3.51267884996043e-27
3.11762226200000e+02 3.66636110105343e-27
3.11842749400000e+02 3.80973781130216e-27
3.11923260500000e+02 3.85201103958898e-27
3.12003759600000e+02 3.79750636607164e-27
3.12084246600000e+02 3.69054024974453e-27
3.12164721600000e+02 3.60813740992718e-27
3.12245184600000e+02 3.59025137674828e-27
3.12325635500000e+02 3.54463408575201e-27
3.12406074300000e+02 3.41801685953553e-27
3.12486501000000e+02 3.28450266339161e-27
3.12566915700000e+02 3.22632808924490e-27
3.12647318300000e+02 3.22662734866910e-27
3.12727708800000e+02 3.20012085875648e-27
3.12808087200000e+02 3.09726570991193e-27
3.12888453500000e+02 3.00933995834375e-27
3.12968807800000e+02 3.02185646015685e-27
3.13049149900000e+02 3.11951919391436e-27
3.13129479900000e+02 3.26480451821600e-27
3.13209797700000e+02 3.35590852843470e-27
3.13290103500000e+02 3.35804978771989e-27
3.13370397100000e+02 3.34010803037557e-27
3.13450678600000e+02 3.28220410965481e-27
3.13530948000000e+02 3.15610771807241e-27
3.13611205200000e+02 2.97432729397098e-27
3.13691450300000e+02 2.76635846582460e-27
3.13771683200000e+02 2.61185272623413e-27
3.13851903900000e+02 2.51377718519657e-27
3.13932112500000e+02 2.48065643965839e-27
3.14012308900000e+02 2.61441638835358e-27
3.14092493200000e+02 2.93672318494959e-27
3.14172665300000e+02 3.29097865117446e-27
3.14252825200000e+02 3.53601310373414e-27
3.14332972800000e+02 3.68955131698337e-27
3.14413108300000e+02 3.80776845101595e-27
3.14493231600000e+02 3.86805937570964e-27
3.14573342700000e+02 3.76504541221727e-27
3.14653441600000e+02 3.47796724802118e-27
3.14733528300000e+02 3.15163468160476e-27
3.14813602700000e+02 2.89856307617640e-27
3.14893665000000e+02 2.74098027041003e-27
3.14973715000000e+02 2.63920948078786e-27
3.15053752700000e+02 2.56679301880805e-27
3.15133778200000e+02 2.57063661601424e-27
3.15213791500000e+02 2.63494208652453e-27
3.15293792500000e+02 2.72050871171705e-27
3.15373781300000e+02 2.85545891912710e-27
3.15453757800000e+02 3.04247633215727e-27
3.15533722000000e+02 3.26327006397308e-27
3.15613674000000e+02 3.49104636478417e-27
3.15693613700000e+02 3.65997070240091e-27
3.15773541100000e+02 3.79941657779353e-27
3.15853456200000e+02 3.94779578990653e-27
3.15933359000000e+02 4.02583961548798e-27
3.16013249500000e+02 3.96379260360072e-27
3.16093127700000e+02 3.78896547119655e-27
3.16172993700000e+02 3.57587562534525e-27
3.16252847300000e+02 3.39182114232556e-27
3.16332688500000e+02 3.22638552648385e-27
3.16412517500000e+02 3.03192940224396e-27
3.16492334100000e+02 2.86875972341424e-27
3.16572138400000e+02 2.79785142877800e-27
3.16651930400000e+02 2.75435001064989e-27
3.16731710000000e+02 2.68532427553753e-27
3.16811477200000e+02 2.60107004190216e-27
3.16891232100000e+02 2.51450323860361e-27
3.16970974700000e+02 2.43476837919400e-27
3.17050704900000e+02 2.34618367562502e-27
3.17130422700000e+02 2.24788689489185e-27
3.17210128100000e+02 2.20483037398244e-27
3.17289821200000e+02 2.22321383804011e-27
3.17369501800000e+02 2.25771101214546e-27
3.17449170100000e+02 2.33082713179694e-27
3.17528826000000e+02 2.48041392063062e-27
3.17608469500000e+02 2.72711921608891e-27
3.17688100600000e+02 3.02813127286595e-27
3.17767719200000e+02 3.30105856728781e-27
3.17847325500000e+02 3.54570845345640e-27
3.17926919300000e+02 3.75624729640272e-27
3.18006500700000e+02 3.89897773239349e-27
3.18086069700000e+02 3.95653780678168e-27
3.18165626200000e+02 3.90061450192110e-27
3.18245170300000e+02 3.73556161136804e-27
3.18324701900000e+02 3.51513453101254e-27
3.18404221100000e+02 3.28449942090272e-27
3.18483727900000e+02 3.08287760125703e-27
3.18563222100000e+02 2.92076698216067e-27
3.18642703900000e+02 2.76685755469320e-27
3.18722173300000e+02 2.64692534508305e-27
3.18801630100000e+02 2.62909461694765e-27
3.18881074500000e+02 2.70760244127245e-27
3.18960506400000e+02 2.85678254957313e-27
3.19039925700000e+02 3.04278185892100e-27
3.19119332600000e+02 3.19423806496765e-27
3.19198727000000e+02 3.32304281846642e-27
3.19278108900000e+02 3.45265892600635e-27
3.19357478200000e+02 3.56292582671162e-27
3.19436835100000e+02 3.63422344957334e-27
3.19516179400000e+02 3.57120789450228e-27
3.19595511200000e+02 3.41142331845651e-27
3.19674830400000e+02 3.33406684525507e-27
3.19754137100000e+02 3.33091528855066e-27
3.19833431300000e+02 3.27067772036315e-27
3.19912712900000e+02 3.12527407838646e-27
3.19991981900000e+02 2.95036717988866e-27
3.20071238400000e+02 2.81503006105106e-27
3.20150482400000e+02 2.69903695279303e-27
3.20229713700000e+02 2.54981554410105e-27
3.20308932500000e+02 2.37319823581630e-27
3.20388138700000e+02 2.23241014131080e-27
3.20467332300000e+02 2.14841784988002e-27
3.20546513300000e+02 2.11525735602342e-27
3.20625681700000e+02 2.17028183331925e-27
3.20704837600000e+02 2.31000150211960e-27
3.20783980800000e+02 2.48700477141509e-27
3.20863111400000e+02 2.70476570271268e-27
3.20942229400000e+02 2.94209342403453e-27
3.21021334700000e+02 3.17290284311616e-27
3.21100427500000e+02 3.40063965636112e-27
3.21179507600000e+02 3.56111003631410e-27
3.21258575000000e+02 3.60874845325615e-27
3.21337629800000e+02 3.58483290664073e-27
3.21416672000000e+02 3.52928098368191e-27
3.21495701500000e+02 3.42842391837041e-27
3.21574718400000e+02 3.26765637517693e-27
3.21653722600000e+02 3.08147699355816e-27
3.21732714100000e+02 2.90428480771679e-27
3.21811692900000e+02 2.77882616345614e-27
3.21890659100000e+02 2.73019330345699e-27
3.21969612600000e+02 2.70370757671841e-27
3.22048553400000e+02 2.68065347029973e-27
3.22127481500000e+02 2.69308259761525e-27
3.22206396900000e+02 2.74241417215314e-27
3.22285299600000e+02 2.84933880616441e-27
3.22364189600000e+02 2.98321793822002e-27
3.22443066800000e+02 3.08076186311180e-27
3.22521931400000e+02 3.18037612286954e-27
3.22600783200000e+02 3.32920933602228e-27
3.22679622300000e+02 3.48488590918173e-27
3.22758448700000e+02 3.56067308067629e-27
3.22837262300000e+02 3.53389143577772e-27
3.22916063100000e+02 3.47075426088708e-27
3.22994851200000e+02 3.41564115970704e-27
3.23073626600000e+02 3.35858366171667e-27
3.23152389200000e+02 3.31791680959866e-27
3.23231139000000e+02 3.26501189095666e-27
3.23309876100000e+02 3.22796386387455e-27
3.23388600400000e+02 3.24618965513465e-27
3.23467311900000e+02 3.23763063998486e-27
3.23546010600000e+02 3.18952022208632e-27
3.23624696500000e+02 3.15217903337478e-27
3.23703369600000e+02 3.05078976168244e-27
3.23782029900000e+02 2.89302291514820e-27
3.23860677400000e+02 2.76209120884030e-27
3.23939312100000e+02 2.66304456171975e-27
3.24017934000000e+02 2.63551057129457e-27
3.24096543000000e+02 2.64577700864013e-27
3.24175139300000e+02 2.59737542967618e-27
3.24253722600000e+02 2.55745080119690e-27
3.24332293200000e+02 2.61055036325169e-27
3.24410850900000e+02 2.76135725302361e-27
3.24489395700000e+02 2.96680070490716e-27
3.24567927700000e+02 3.16235116864849e-27
3.24646446900000e+02 3.28598284856493e-27
3.24724953100000e+02 3.37390927570312e-27
3.24803446500000e+02 3.47761598460932e-27
3.24881927100000e+02 3.55788610789354e-27
3.24960394700000e+02 3.56212710212774e-27
3.25038849500000e+02 3.46709530013304e-27
3.25117291300000e+02 3.33681563325921e-27
3.25195720300000e+02 3.20991284792769e-27
3.25274136400000e+02 3.06726718803207e-27
3.25352539600000e+02 2.91597358928707e-27
3.25430929800000e+02 2.76837456747580e-27
3.25509307100000e+02 2.61468255740466e-27
3.25587671600000e+02 2.44130030751357e-27
3.25666023000000e+02 2.26734684996827e-27
3.25744361600000e+02 2.13881518841615e-27
3.25822687200000e+02 2.09408450410990e-27
3.25900999900000e+02 2.09759900594892e-27
3.25979299600000e+02 2.09988287828213e-27
3.26057586400000e+02 2.11332335086814e-27
3.26135860200000e+02 2.17152713820398e-27
3.26214121100000e+02 2.26539617216501e-27
3.26292368900000e+02 2.33178485064319e-27
3.26370603900000e+02 2.33553541176632e-27
3.26448825800000e+02 2.30988761765208e-27
3.26527034700000e+02 2.29794955751396e-27
3.26605230700000e+02 2.28649406773424e-27
3.26683413700000e+02 2.25852687292589e-27
3.26761583600000e+02 2.23820505636153e-27
3.26839740600000e+02 2.27479093035130e-27
3.26917884500000e+02 2.35685882406506e-27
3.26996015500000e+02 2.42119860124358e-27
3.27074133400000e+02 2.50487167717246e-27
3.27152238300000e+02 2.60718528619134e-27
3.27230330200000e+02 2.66173584459027e-27
3.27308409000000e+02 2.67367371851940e-27
3.27386474800000e+02 2.64619933520153e-27
3.27464527500000e+02 2.59510465490026e-27
3.27542567200000e+02 2.56845497179148e-27
3.27620593800000e+02 2.54223731994047e-27
3.27698607400000e+02 2.49909940202530e-27
3.27776607900000e+02 2.47634272471647e-27
3.27854595300000e+02 2.46081549207228e-27
3.27932569700000e+02 2.44721010448726e-27
3.28010531000000e+02 2.45001810178601e-27
3.28088479200000e+02 2.43597483673436e-27
3.28166414300000e+02 2.40383655097048e-27
3.28244336300000e+02 2.39087874241804e-27
3.28322245200000e+02 2.43330249380021e-27
3.28400140900000e+02 2.53546585924687e-27
3.28478023600000e+02 2.61700829948737e-27
3.28555893200000e+02 2.64371101948366e-27
3.28633749600000e+02 2.65508723493251e-27
3.28711592900000e+02 2.63502506288389e-27
3.28789423100000e+02 2.58960975994070e-27
3.28867240100000e+02 2.52328586083384e-27
3.28945044000000e+02 2.40431535977422e-27
3.29022834800000e+02 2.25864810392914e-27
3.29100612400000e+02 2.11109951989558e-27
3.29178376800000e+02 1.98684402533907e-27
3.29256128100000e+02 1.91496761781939e-27
3.29333866200000e+02 1.87182930795698e-27
3.29411591100000e+02 1.82616091128099e-27
3.29489302800000e+02 1.78352151791286e-27
3.29567001400000e+02 1.76217582558799e-27
3.29644686700000e+02 1.75870164828527e-27
3.29722358900000e+02 1.75078893267547e-27
3.29800017900000e+02 1.74341641156302e-27
3.29877663600000e+02 1.77600533592782e-27
3.29955296200000e+02 1.86734404534484e-27
3.30032915500000e+02 1.96801164501346e-27
3.30110521700000e+02 2.03557161549392e-27
3.30188114500000e+02 2.11402796203542e-27
3.30265694200000e+02 2.27097956093027e-27
3.30343260600000e+02 2.49028669244089e-27
3.30420813800000e+02 2.65634249851336e-27
3.30498353700000e+02 2.70234003481838e-27
3.30575880400000e+02 2.69250006844297e-27
3.30653393900000e+02 2.67600822859327e-27
3.30730894000000e+02 2.64810020795566e-27
3.30808380900000e+02 2.56319770449009e-27
3.30885854500000e+02 2.40809770040079e-27
3.30963314900000e+02 2.26661600959292e-27
3.31040761900000e+02 2.17944916526539e-27
3.31118195700000e+02 2.14250688679174e-27
3.31195616200000e+02 2.16068334799176e-27
3.31273023400000e+02 2.20586090318711e-27
3.31350417300000e+02 2.23318968810664e-27
3.31427797800000e+02 2.23674606402042e-27
3.31505165100000e+02 2.23415193455929e-27
3.31582519000000e+02 2.22612246735781e-27
3.31659859600000e+02 2.21269379415765e-27
3.31737186900000e+02 2.19736095077375e-27
3.31814500900000e+02 2.17938878242965e-27
3.31891801500000e+02 2.20838643419260e-27
3.31969088700000e+02 2.31831505219785e-27
3.32046362700000e+02 2.43737057222166e-27
3.32123623200000e+02 2.50985389485432e-27
3.32200870400000e+02 2.53481744449740e-27
3.32278104200000e+02 2.51336812327313e-27
3.32355324700000e+02 2.49247005167475e-27
3.32432531800000e+02 2.47051626075121e-27
3.32509725500000e+02 2.39313549179628e-27
3.32586905800000e+02 2.31005435010867e-27
3.32664072700000e+02 2.29923455742284e-27
3.32741226300000e+02 2.31687855421213e-27
3.32818366400000e+02 2.32373859574356e-27
3.32895493100000e+02 2.34590847971506e-27
3.32972606400000e+02 2.35472816534651e-27
3.33049706300000e+02 2.35091554919383e-27
3.33126792800000e+02 2.35780334318994e-27
3.33203865900000e+02 2.36875726182854e-27
3.33280925500000e+02 2.41461733177348e-27
3.33357971600000e+02 2.52071579067188e-27
3.33435004400000e+02 2.59870318141493e-27
3.33512023700000e+02 2.61362438276845e-27
3.33589029500000e+02 2.62618397150696e-27
3.33666021900000e+02 2.64207508363442e-27
3.33743000800000e+02 2.64441908553311e-27
3.33819966200000e+02 2.60608231936864e-27
3.33896918200000e+02 2.54373284019125e-27
3.33973856700000e+02 2.47944860402926e-27
3.34050781700000e+02 2.41445518455593e-27
3.34127693200000e+02 2.36185280685226e-27
3.34204591200000e+02 2.30036416219309e-27
3.34281475700000e+02 2.21897541966928e-27
3.34358346700000e+02 2.15901115780378e-27
3.34435204200000e+02 2.11944796838622e-27
3.34512048200000e+02 2.11320535430317e-27
3.34588878700000e+02 2.23825686461221e-27
3.34665695600000e+02 2.44637139926216e-27
3.34742499100000e+02 2.58668952870405e-27
3.34819288900000e+02 2.64072229947890e-27
3.34896065300000e+02 2.65567607827868e-27
3.34972828100000e+02 2.63491440479833e-27
3.35049577300000e+02 2.58378760464335e-27
3.35126313000000e+02 2.46171215132756e-27
3.35203035100000e+02 2.23623513398592e-27
3.35279743700000e+02 2.03177070643880e-27
3.35356438700000e+02 1.91891901103385e-27
3.35433120100000e+02 1.86201127697917e-27
3.35509787900000e+02 1.86966225963404e-27
3.35586442100000e+02 1.95303444187752e-27
3.35663082800000e+02 2.10177830487299e-27
3.35739709800000e+02 2.31088981134888e-27
3.35816323300000e+02 2.59127272053510e-27
3.35892923100000e+02 2.85932472761652e-27
3.35969509300000e+02 3.01556841542398e-27
3.36046081900000e+02 3.06324562866340e-27
3.36122640900000e+02 3.02685539658461e-27
3.36199186300000e+02 2.91314032659811e-27
3.36275718000000e+02 2.75859191583670e-27
3.36352236100000e+02 2.56740313400345e-27
3.36428740500000e+02 2.36323197700191e-27
3.36505231300000e+02 2.24851038064765e-27
3.36581708400000e+02 2.25641855899286e-27
3.36658171900000e+02 2.35127698838630e-27
3.36734621700000e+02 2.48113722672144e-27
3.36811057800000e+02 2.59866129903155e-27
3.36887480300000e+02 2.72673806287331e-27
3.36963889100000e+02 2.85883553927042e-27
3.37040284200000e+02 2.92508346865211e-27
3.37116665600000e+02 2.90773532073603e-27
3.37193033300000e+02 2.81602508083595e-27
3.37269387300000e+02 2.67189252169333e-27
3.37345727600000e+02 2.51771394324547e-27
3.37422054200000e+02 2.34464532059014e-27
3.37498367100000e+02 2.15190068385120e-27
3.37574666300000e+02 2.02964105875087e-27
3.37650951700000e+02 2.01980257446264e-27
3.37727223400000e+02 2.12760474841993e-27
3.37803481400000e+02 2.29816262933633e-27
3.37879725600000e+02 2.42487617479419e-27
3.37955956100000e+02 2.50956228020373e-27
3.38032172800000e+02 2.60537370970621e-27
3.38108375700000e+02 2.68143511986653e-27
3.38184565000000e+02 2.67221039396984e-27
3.38260740400000e+02 2.54529980038447e-27
3.38336902000000e+02 2.35348419337863e-27
3.38413049900000e+02 2.21908915057575e-27
3.38489184000000e+02 2.18399695111604e-27
3.38565304300000e+02 2.15183594299987e-27
3.38641410900000e+02 2.06755787687546e-27
3.38717503600000e+02 2.00818060615534e-27
3.38793582500000e+02 2.03617113830802e-27
3.38869647600000e+02 2.13896578503925e-27
3.38945698900000e+02 2.30385706914237e-27
3.39021736400000e+02 2.47211632637816e-27
3.39097760000000e+02 2.58037177080505e-27
3.39173769800000e+02 2.65718975202363e-27
3.39249765800000e+02 2.71705384597256e-27
3.39325748000000e+02 2.71162458919146e-27
3.39401716200000e+02 2.63911367475462e-27
3.39477670700000e+02 2.50076902114153e-27
3.39553611300000e+02 2.29543966854846e-27
3.39629538000000e+02 2.10150854541326e-27
3.39705450900000e+02 1.94463017943117e-27
3.39781349900000e+02 1.81533301425034e-27
3.39857235000000e+02 1.75015056934360e-27
3.39933106200000e+02 1.74469747064205e-27
3.40008963600000e+02 1.77614625511814e-27
3.40084807000000e+02 1.84438780169415e-27
3.40160636600000e+02 1.94739487655819e-27
3.40236452300000e+02 2.06550503012331e-27
3.40312254000000e+02 2.17481425314456e-27
3.40388041900000e+02 2.28243311728328e-27
3.40463815800000e+02 2.38774656172840e-27
3.40539575800000e+02 2.45774230665585e-27
3.40615321900000e+02 2.50058695112786e-27
3.40691054000000e+02 2.51222725799634e-27
3.40766772200000e+02 2.47048916960648e-27
3.40842476500000e+02 2.43258050650776e-27
3.40918166800000e+02 2.43480383055131e-27
3.40993843100000e+02 2.46762193512991e-27
3.41069505500000e+02 2.54577770644142e-27
3.41145154000000e+02 2.65995523934125e-27
3.41220788400000e+02 2.75282962484563e-27
3.41296408900000e+02 2.78964265084250e-27
3.41372015500000e+02 2.79313952230402e-27
3.41447608000000e+02 2.78544101459575e-27
3.41523186500000e+02 2.72670797774915e-27
3.41598751100000e+02 2.59507185729264e-27
3.41674301600000e+02 2.39914887228064e-27
3.41749838100000e+02 2.17266158834873e-27
3.41825360700000e+02 2.01455680978630e-27
3.41900869200000e+02 1.95280934782236e-27
3.41976363700000e+02 1.95252520296086e-27
3.42051844200000e+02 1.99314642720898e-27
3.42127310600000e+02 2.04883546849090e-27
3.42202763000000e+02 2.10400034014516e-27
3.42278201400000e+02 2.16055501563635e-27
3.42353625700000e+02 2.24880336666660e-27
3.42429035900000e+02 2.33795534369887e-27
3.42504432100000e+02 2.35645682510428e-27
3.42579814300000e+02 2.29072764870411e-27
3.42655182400000e+02 2.17082298635489e-27
3.42730536400000e+02 2.05398043269044e-27
3.42805876300000e+02 1.97750857537485e-27
3.42881202100000e+02 1.91532915137673e-27
3.42956513900000e+02 1.85311626023090e-27
3.43031811600000e+02 1.85097061758540e-27
3.43107095100000e+02 1.87714317701719e-27
3.43182364600000e+02 1.87473888089665e-27
3.43257619900000e+02 1.87435164093485e-27
3.43332861200000e+02 1.89679507393590e-27
3.43408088300000e+02 1.94058361768387e-27
3.43483301300000e+02 1.98281362656184e-27
3.43558500200000e+02 1.98503464646915e-27
3.43633684900000e+02 1.97893192636359e-27
3.43708855500000e+02 2.09891335992988e-27
3.43784012000000e+02 2.38126763992592e-27
3.43859154300000e+02 2.67443337211735e-27
3.43934282400000e+02 2.88094887668352e-27
3.44009396400000e+02 3.03849023140869e-27
3.44084496200000e+02 3.20113143768068e-27
3.44159581900000e+02 3.32720291102623e-27
3.44234653400000e+02 3.34294900567248e-27
3.44309710700000e+02 3.23451212681633e-27
3.44384753800000e+02 3.04511206077296e-27
3.44459782700000e+02 2.84237622116266e-27
3.44534797400000e+02 2.64215119409308e-27
3.44609798000000e+02 2.43629217050268e-27
3.44684784300000e+02 2.24385036325067e-27
3.44759756400000e+02 2.08590148592908e-27
3.44834714300000e+02 1.95954182730736e-27
3.44909658000000e+02 1.87031188633672e-27
3.44984587400000e+02 1.86986761807119e-27
3.45059502600000e+02 1.92586717340333e-27
3.45134403600000e+02 1.94604034324654e-27
3.45209290300000e+02 1.91700572328013e-27
3.45284162800000e+02 1.89835208146071e-27
3.45359021000000e+02 1.90328340911860e-27
3.45433865000000e+02 1.90665109712035e-27
3.45508694700000e+02 1.91275838034076e-27
3.45583510200000e+02 1.91458943205791e-27
3.45658311300000e+02 1.93356108546869e-27
3.45733098200000e+02 2.00050491587151e-27
3.45807870800000e+02 2.11614419724699e-27
3.45882629200000e+02 2.25162174185278e-27
3.45957373200000e+02 2.35905434671191e-27
3.46032102900000e+02 2.38104386666487e-27
3.46106818300000e+02 2.33140028780288e-27
3.46181519400000e+02 2.27398392703958e-27
3.46256206200000e+02 2.27266822297893e-27
3.46330878700000e+02 2.28322461811093e-27
3.46405536900000e+02 2.21645839680135e-27
3.46480180700000e+02 2.10298499826558e-27
3.46554810200000e+02 2.01891885674418e-27
3.46629425300000e+02 1.98030330247762e-27
3.46704026100000e+02 1.95464494966192e-27
3.46778612600000e+02 1.90116639906935e-27
3.46853184700000e+02 1.81191571813115e-27
3.46927742400000e+02 1.77302738370670e-27
3.47002285800000e+02 1.80244740372755e-27
3.47076814800000e+02 1.88118157167549e-27
3.47151329400000e+02 1.99585578976991e-27
3.47225829700000e+02 2.16051078883266e-27
3.47300315500000e+02 2.35430356324700e-27
3.47374787000000e+02 2.52778672652769e-27
3.47449244000000e+02 2.61775785562749e-27
3.47523686700000e+02 2.60916907040369e-27
3.47598115000000e+02 2.54216934251128e-27
3.47672528800000e+02 2.43202184251553e-27
3.47746928200000e+02 2.28174152156754e-27
3.47821313200000e+02 2.09011976722888e-27
3.47895683800000e+02 1.89480511188164e-27
3.47970039900000e+02 1.74425700325204e-27
3.48044381600000e+02 1.68250924257995e-27
3.48118708900000e+02 1.67951498342780e-27
3.48193021700000e+02 1.69031103483298e-27
3.48267320100000e+02 1.70843038613932e-27
3.48341604000000e+02 1.71752416344539e-27
3.48415873400000e+02 1.70871198781671e-27
3.48490128400000e+02 1.69727150370632e-27
3.48564368900000e+02 1.68983001372256e-27
3.48638594900000e+02 1.70431214660442e-27
3.48712806400000e+02 1.77786269862656e-27
3.48787003400000e+02 1.89248423983813e-27
3.48861186000000e+02 1.99169228155372e-27
3.48935354000000e+02 2.08870640492637e-27
3.49009507500000e+02 2.22232392419093e-27
3.49083646600000e+02 2.32255313127723e-27
3.49157771100000e+02 2.34882704931210e-27
3.49231881100000e+02 2.34858503435820e-27
3.49305976500000e+02 2.32659239489309e-27
3.49380057500000e+02 2.30975464539615e-27
3.49454123900000e+02 2.33062509114696e-27
3.49528175700000e+02 2.31846783978254e-27
3.49602213000000e+02 2.23951457119492e-27
3.49676235800000e+02 2.16761142592433e-27
3.49750244000000e+02 2.12514513983413e-27
3.49824237600000e+02 2.06251220836907e-27
3.49898216700000e+02 1.98806248258715e-27
3.49972181200000e+02 1.89616669496653e-27
3.50046131100000e+02 1.77529027577647e-27
3.50120066400000e+02 1.68105865144649e-27
3.50193987200000e+02 1.65907852772554e-27
3.50267893300000e+02 1.66722826520819e-27
3.50341784900000e+02 1.67836867011355e-27
3.50415661900000e+02 1.68529955972340e-27
3.50489524200000e+02 1.66851862895843e-27
3.50563371900000e+02 1.66707161053813e-27
3.50637205000000e+02 1.71412145296212e-27
3.50711023500000e+02 1.81675948938221e-27
3.50784827400000e+02 1.92250262936921e-27
3.50858616600000e+02 1.98290217099785e-27
3.50932391200000e+02 2.02231577879034e-27
3.51006151100000e+02 2.10185070104810e-27
3.51079896400000e+02 2.22520100404005e-27
3.51153627100000e+02 2.35223446409659e-27
3.51227343100000e+02 2.42248002560108e-27
3.51301044400000e+02 2.38886846437424e-27
3.51374731000000e+02 2.31047045681211e-27
3.51448403000000e+02 2.24297025434098e-27
3.51522060300000e+02 2.16576496699361e-27
3.51595702900000e+02 2.07065494103067e-27
3.51669330800000e+02 1.97068688331070e-27
3.51742944000000e+02 1.88122893509745e-27
3.51816542500000e+02 1.84705950367613e-27
3.51890126300000e+02 1.87043378344223e-27
3.51963695400000e+02 1.92496793370231e-27
3.52037249800000e+02 2.01393767163726e-27
3.52110789400000e+02 2.17174120121448e-27
3.52184314300000e+02 2.35877853804239e-27
3.52257824500000e+02 2.52978041013821e-27
3.52331320000000e+02 2.70143164456894e-27
3.52404800700000e+02 2.82961846019874e-27
3.52478266700000e+02 2.87583646387597e-27
3.52551717900000e+02 2.87037988584466e-27
3.52625154400000e+02 2.81076760650283e-27
3.52698576000000e+02 2.68653648091862e-27
3.52771983000000e+02 2.53188736971901e-27
3.52845375100000e+02 2.34064743690573e-27
3.52918752500000e+02 2.12966985481350e-27
3.52992115100000e+02 1.97938231670817e-27
3.53065462900000e+02 1.89223268909536e-27
3.53138795900000e+02 1.81956183027889e-27
3.53212114100000e+02 1.75616548830263e-27
3.53285417500000e+02 1.71220167780677e-27
3.53358706100000e+02 1.68958552970788e-27
3.53431979900000e+02 1.67138600391226e-27
3.53505238800000e+02 1.63665071828807e-27
3.53578482900000e+02 1.58461855428610e-27
3.53651712200000e+02 1.54516364600453e-27
3.53724926700000e+02 1.54464999746306e-27
3.53798126300000e+02 1.57615492164811e-27
3.53871311100000e+02 1.61436403342374e-27
3.53944481000000e+02 1.63638295302943e-27
3.54017636100000e+02 1.63230525580886e-27
3.54090776300000e+02 1.61467409074009e-27
3.54163901700000e+02 1.61040880057940e-27
3.54237012100000e+02 1.61938004622670e-27
3.54310107700000e+02 1.61109703220464e-27
3.54383188500000e+02 1.57538312963604e-27
3.54456254300000e+02 1.54845852697336e-27
3.54529305200000e+02 1.54866039061134e-27
3.54602341300000e+02 1.54890730546147e-27
3.54675362400000e+02 1.54201526032526e-27
3.54748368600000e+02 1.53720413130319e-27
3.54821359900000e+02 1.53308752966159e-27
3.54894336300000e+02 1.54082014973429e-27
3.54967297800000e+02 1.55960681330530e-27
3.55040244400000e+02 1.57530461504551e-27
3.55113176000000e+02 1.60930389475639e-27
3.55186092600000e+02 1.67805923933715e-27
3.55258994400000e+02 1.73947412953212e-27
3.55331881200000e+02 1.78127041286255e-27
3.55404753000000e+02 1.82698581748937e-27
3.55477609900000e+02 1.86863912220893e-27
3.55550451800000e+02 1.90653303554759e-27
3.55623278700000e+02 1.91898176216611e-27
3.55696090700000e+02 1.87165962331810e-27
3.55768887600000e+02 1.80370774719945e-27
3.55841669600000e+02 1.75379269459355e-27
3.55914436600000e+02 1.69980576208392e-27
3.55987188600000e+02 1.63409819701916e-27
3.56059925600000e+02 1.57474963108905e-27
3.56132647700000e+02 1.54480528328210e-27
3.56205354600000e+02 1.60817504245588e-27
3.56278046600000e+02 1.75424782170477e-27
3.56350723600000e+02 1.89355974508944e-27
3.56423385500000e+02 1.99139012100912e-27
3.56496032400000e+02 2.07926912167143e-27
3.56568664300000e+02 2.19171935798465e-27
3.56641281100000e+02 2.35522748640543e-27
3.56713882900000e+02 2.53194498672787e-27
3.56786469600000e+02 2.59768790466587e-27
3.56859041200000e+02 2.56313578698857e-27
3.56931597800000e+02 2.53301653652116e-27
3.57004139400000e+02 2.51653412564706e-27
3.57076665800000e+02 2.48970879168076e-27
3.57149177200000e+02 2.42861985127375e-27
3.57221673500000e+02 2.29150069032106e-27
3.57294154700000e+02 2.10457289510989e-27
3.57366620800000e+02 1.94667373558860e-27
3.57439071900000e+02 1.81537192273827e-27
3.57511507800000e+02 1.71743104499603e-27
3.57583928600000e+02 1.69207365190756e-27
3.57656334300000e+02 1.70384774935468e-27
3.57728724900000e+02 1.75331338527078e-27
3.57801100300000e+02 1.89033755028425e-27
3.57873460600000e+02 2.05492203921611e-27
3.57945805800000e+02 2.16989842708877e-27
3.58018135900000e+02 2.23885277276192e-27
3.58090450800000e+02 2.28431696029985e-27
3.58162750500000e+02 2.35233664507794e-27
3.58235035100000e+02 2.47617625910788e-27
3.58307304500000e+02 2.56347826546009e-27
3.58379558800000e+02 2.55474854424329e-27
3.58451797900000e+02 2.53105725450029e-27
3.58524021800000e+02 2.52537225370630e-27
3.58596230600000e+02 2.52341158175035e-27
3.58668424100000e+02 2.50748292707765e-27
3.58740602500000e+02 2.42398754802887e-27
3.58812765700000e+02 2.26143933467137e-27
3.58884913600000e+02 2.07905518144827e-27
3.58957046400000e+02 1.90474334719546e-27
3.59029163900000e+02 1.77415304962918e-27
3.59101266300000e+02 1.68901142310542e-27
3.59173353400000e+02 1.61124441939122e-27
3.59245425300000e+02 1.53368267035042e-27
3.59317481900000e+02 1.47833888102134e-27
3.59389523300000e+02 1.44691269978179e-27
3.59461549500000e+02 1.43457511760687e-27
3.59533560400000e+02 1.41339323815265e-27
3.59605556100000e+02 1.36051571500326e-27
3.59677536500000e+02 1.30356612372016e-27
3.59749501600000e+02 1.25902963531173e-27
3.59821451500000e+02 1.23638190023678e-27
3.59893386100000e+02 1.25635146810760e-27
3.59965305400000e+02 1.31354962844127e-27
3.60037209500000e+02 1.37999048444525e-27
3.60109098200000e+02 1.45252715543191e-27
3.60180971700000e+02 1.55381737841746e-27
3.60252829800000e+02 1.68982956694620e-27
3.60324672700000e+02 1.82887576690636e-27
3.60396500200000e+02 1.93274984046411e-27
3.60468312500000e+02 2.00475801898023e-27
3.60540109400000e+02 2.08688455269107e-27
3.60611890900000e+02 2.19867445404740e-27
3.60683657200000e+02 2.29198494817570e-27
3.60755408100000e+02 2.32123171766670e-27
3.60827143700000e+02 2.28869995998884e-27
3.60898863900000e+02 2.23374050113192e-27
3.60970568800000e+02 2.20595653264848e-27
3.61042258300000e+02 2.18641219994694e-27
3.61113932500000e+02 2.12089454791061e-27
3.61185591300000e+02 1.99856388142765e-27
3.61257234700000e+02 1.86706840347942e-27
3.61328862700000e+02 1.76324958578269e-27
3.61400475400000e+02 1.71712013483828e-27
3.61472072600000e+02 1.74285064672071e-27
3.61543654500000e+02 1.83888529357418e-27
3.61615221000000e+02 1.97319117590194e-27
3.61686772100000e+02 2.07580578678340e-27
3.61758307800000e+02 2.12587684567369e-27
3.61829828000000e+02 2.16459697791352e-27
3.61901332900000e+02 2.19236629163257e-27
3.61972822300000e+02 2.18697472487760e-27
3.62044296300000e+02 2.13095805838843e-27
3.62115754800000e+02 2.00232430633066e-27
3.62187197900000e+02 1.82596480562180e-27
3.62258625600000e+02 1.66536409604722e-27
3.62330037800000e+02 1.53531836751430e-27
3.62401434600000e+02 1.42199046339229e-27
3.62472815900000e+02 1.33982012509912e-27
3.62544181800000e+02 1.29091672153854e-27
3.62615532100000e+02 1.25469443081712e-27
3.62686867000000e+02 1.24181575047394e-27
3.62758186500000e+02 1.30060520118889e-27
3.62829490400000e+02 1.45714628799932e-27
3.62900778800000e+02 1.64167429808730e-27
3.62972051800000e+02 1.78238602567800e-27
3.63043309200000e+02 1.88294130926590e-27
3.63114551200000e+02 1.97688818210128e-27
3.63185777600000e+02 2.06329527784080e-27
3.63256988500000e+02 2.10645204623259e-27
3.63328183900000e+02 2.06727193787839e-27
3.63399363800000e+02 1.95109353109169e-27
3.63470528100000e+02 1.82559693492789e-27
3.63541676900000e+02 1.72965876848728e-27
3.63612810200000e+02 1.64842444320009e-27
3.63683927900000e+02 1.56489917853748e-27
3.63755030000000e+02 1.49526180138378e-27
3.63826116600000e+02 1.44572029949255e-27
3.63897187700000e+02 1.41426151614836e-27
3.63968243100000e+02 1.40967432662801e-27
3.64039283000000e+02 1.42981258610454e-27
3.64110307300000e+02 1.46581061634505e-27
3.64181316100000e+02 1.52578088395244e-27
3.64252309200000e+02 1.60036913861081e-27
3.64323286800000e+02 1.66599315442399e-27
3.64394248700000e+02 1.73973168832838e-27
3.64465195100000e+02 1.85572946275490e-27
3.64536125800000e+02 1.95925284618518e-27
3.64607040900000e+02 2.01577693239298e-27
3.64677940400000e+02 2.04456109684403e-27
3.64748824300000e+02 2.04983213069280e-27
3.64819692600000e+02 2.03481162834955e-27
3.64890545200000e+02 2.01756175105965e-27
3.64961382200000e+02 1.96150388884975e-27
3.65032203500000e+02 1.84074020644226e-27
3.65103009200000e+02 1.71319998475923e-27
3.65173799200000e+02 1.60658908256095e-27
3.65244573600000e+02 1.51354914829319e-27
3.65315332300000e+02 1.43447362331782e-27
3.65386075300000e+02 1.36594519571258e-27
3.65456802700000e+02 1.30697003994488e-27
3.65527514300000e+02 1.26837986459208e-27
3.65598210300000e+02 1.23923897991281e-27
3.65668890600000e+02 1.21677404829205e-27
3.65739555200000e+02 1.20334218580169e-27
3.65810204100000e+02 1.18664981960616e-27
3.65880837300000e+02 1.17595752596567e-27
3.65951454800000e+02 1.18315569001194e-27
3.66022056500000e+02 1.20264782139811e-27
3.66092642600000e+02 1.23286648102818e-27
3.66163212900000e+02 1.26786480138687e-27
3.66233767400000e+02 1.28712819229569e-27
3.66304306300000e+02 1.30053049411207e-27
3.66374829400000e+02 1.32636904806864e-27
3.66445336700000e+02 1.35231990944685e-27
3.66515828300000e+02 1.37112719094765e-27
3.66586304100000e+02 1.39527514334149e-27
3.66656764200000e+02 1.42646092309823e-27
3.66727208500000e+02 1.45634622068872e-27
3.66797637000000e+02 1.47489990464020e-27
3.66868049800000e+02 1.47258502731932e-27
3.66938446700000e+02 1.45206300317175e-27
3.67008827900000e+02 1.43410068498252e-27
3.67079193300000e+02 1.42617703708944e-27
3.67149542900000e+02 1.40899422940556e-27
3.67219876600000e+02 1.36613355677721e-27
3.67290194600000e+02 1.31818496884551e-27
3.67360496700000e+02 1.30233654852599e-27
3.67430783100000e+02 1.33423079817814e-27
3.67501053600000e+02 1.39279387293308e-27
3.67571308200000e+02 1.44724169736075e-27
3.67641547100000e+02 1.50087908232798e-27
3.67711770100000e+02 1.56962738125975e-27
3.67781977200000e+02 1.63638995935206e-27
3.67852168500000e+02 1.68320988461083e-27
3.67922344000000e+02 1.71683265152797e-27
3.67992503500000e+02 1.73253030106724e-27
3.68062647200000e+02 1.73056451431426e-27
3.68132775100000e+02 1.72746062178454e-27
3.68202887000000e+02 1.72558581639521e-27
3.68272983100000e+02 1.71468785257746e-27
3.68343063300000e+02 1.71743946058514e-27
3.68413127600000e+02 1.75912103000132e-27
3.68483176000000e+02 1.81351821958094e-27
3.68553208500000e+02 1.84620333053335e-27
3.68623225100000e+02 1.85717969504056e-27
3.68693225800000e+02 1.84947565383430e-27
3.68763210500000e+02 1.80583110446918e-27
3.68833179300000e+02 1.73368696309854e-27
3.68903132200000e+02 1.64789550634601e-27
3.68973069200000e+02 1.54420417385864e-27
3.69042990200000e+02 1.44069302221984e-27
3.69112895300000e+02 1.36696050962825e-27
3.69182784500000e+02 1.31300461639511e-27
3.69252657700000e+02 1.26246317137440e-27
3.69322514900000e+02 1.23067881398744e-27
3.69392356100000e+02 1.22096973687960e-27
3.69462181400000e+02 1.22457121698591e-27
3.69531990700000e+02 1.22343737240149e-27
3.69601784100000e+02 1.19915826234916e-27
3.69671561400000e+02 1.15528258642958e-27
3.69741322800000e+02 1.11882918046507e-27
3.69811068100000e+02 1.10538021138116e-27
3.69880797500000e+02 1.10803230625589e-27
3.69950510800000e+02 1.11780340992552e-27
3.70020208200000e+02 1.14566610136400e-27
3.70089889500000e+02 1.20801074025352e-27
3.70159554800000e+02 1.30232269321841e-27
3.70229204100000e+02 1.43519227455668e-27
3.70298837300000e+02 1.59347547981817e-27
3.70368454500000e+02 1.73145625670490e-27
3.70438055700000e+02 1.84747849942317e-27
3.70507640800000e+02 1.96167715092230e-27
3.70577209900000e+02 2.06076305636017e-27
3.70646762900000e+02 2.12420563979464e-27
3.70716299800000e+02 2.13271567891720e-27
3.70785820700000e+02 2.06145551405157e-27
3.70855325500000e+02 1.93628569584570e-27
3.70924814200000e+02 1.80302916530091e-27
3.70994286800000e+02 1.66855398717000e-27
3.71063743400000e+02 1.52023062158016e-27
3.71133183900000e+02 1.36685935196120e-27
3.71202608200000e+02 1.22094416289010e-27
3.71272016500000e+02 1.11536090974476e-27
3.71341408600000e+02 1.05823819197664e-27
3.71410784600000e+02 1.02694140925660e-27
3.71480144500000e+02 1.02273040413315e-27
3.71549488300000e+02 1.06118820140063e-27
3.71618816000000e+02 1.16129178640591e-27
3.71688127500000e+02 1.33437477269193e-27
3.71757422900000e+02 1.52049470409155e-27
3.71826702100000e+02 1.67151365659098e-27
3.71895965200000e+02 1.80717642796584e-27
3.71965212100000e+02 1.93558308261609e-27
3.72034442900000e+02 2.01707787383186e-27
3.72103657500000e+02 2.03861128959382e-27
3.72172855900000e+02 1.99795957588192e-27
3.72242038200000e+02 1.88208221699041e-27
3.72311204200000e+02 1.74254008892377e-27
3.72380354100000e+02 1.64011962390329e-27
3.72449487800000e+02 1.57495003371514e-27
3.72518605300000e+02 1.50422196599214e-27
3.72587706600000e+02 1.43649382953256e-27
3.72656791700000e+02 1.38699964609118e-27
3.72725860600000e+02 1.36734638885837e-27
3.72794913200000e+02 1.37358801275911e-27
3.72863949700000e+02 1.39399596948741e-27
3.72932969900000e+02 1.41163713621312e-27
3.73001973800000e+02 1.43219497448339e-27
3.73070961600000e+02 1.48629253230179e-27
3.73139933100000e+02 1.61311965315399e-27
3.73208888300000e+02 1.79078365356583e-27
3.73277827300000e+02 1.94911876360352e-27
3.73346750000000e+02 2.08445906885133e-27
3.73415656500000e+02 2.22902915040768e-27
3.73484546700000e+02 2.32496536424443e-27
3.73553420600000e+02 2.32420423184964e-27
3.73622278200000e+02 2.25703167179416e-27
3.73691119600000e+02 2.13433864213715e-27
3.73759944700000e+02 1.95994626652191e-27
3.73828753400000e+02 1.79232007277726e-27
3.73897545900000e+02 1.64501977678734e-27
3.73966322100000e+02 1.50110933879148e-27
3.74035081900000e+02 1.41503823171399e-27
3.74103825500000e+02 1.39796908523499e-27
3.74172552700000e+02 1.41901994948100e-27
3.74241263600000e+02 1.49861954535918e-27
3.74309958100000e+02 1.62497036319560e-27
3.74378636400000e+02 1.73731998655370e-27
3.74447298200000e+02 1.82842925361670e-27
3.74515943800000e+02 1.93616857624856e-27
3.74584573000000e+02 2.05257035814617e-27
3.74653185800000e+02 2.16287601622420e-27
3.74721782300000e+02 2.22279539170985e-27
3.74790362400000e+02 2.18217854130544e-27
3.74858926100000e+02 2.06836213375458e-27
3.74927473400000e+02 1.95820611033158e-27
3.74996004400000e+02 1.86150418075235e-27
3.75064519000000e+02 1.73550216940611e-27
3.75133017200000e+02 1.56451449029376e-27
3.75201498900000e+02 1.36632750904614e-27
3.75269964300000e+02 1.19961239432608e-27
3.75338413300000e+02 1.09931705543705e-27
3.75406845900000e+02 1.07164855480485e-27
3.75475262000000e+02 1.11847315916208e-27
3.75543661700000e+02 1.21738473706421e-27
3.75612045000000e+02 1.31668530270027e-27
3.75680411900000e+02 1.39063147759942e-27
3.75748762300000e+02 1.45493528735818e-27
3.75817096200000e+02 1.52001935696095e-27
3.75885413800000e+02 1.58082956064189e-27
3.75953714800000e+02 1.61941418496746e-27
3.76021999400000e+02 1.63385069605665e-27
3.76090267600000e+02 1.63077059335628e-27
3.76158519300000e+02 1.61224727517091e-27
3.76226754400000e+02 1.58739069499774e-27
3.76294973200000e+02 1.58026426828147e-27
3.76363175400000e+02 1.60308921470513e-27
3.76431361100000e+02 1.65063893316522e-27
3.76499530400000e+02 1.68895347360887e-27
3.76567683100000e+02 1.67407779547029e-27
3.76635819300000e+02 1.60862799938705e-27
3.76703939100000e+02 1.54834717350427e-27
3.76772042300000e+02 1.51236691297537e-27
3.76840128900000e+02 1.47495422775877e-27
3.76908199100000e+02 1.41084614366875e-27
3.76976252700000e+02 1.31952685471527e-27
3.77044289800000e+02 1.23614076682995e-27
3.77112310400000e+02 1.18784017140361e-27
3.77180314300000e+02 1.16749229561001e-27
3.77248301800000e+02 1.15546957370624e-27
3.77316272700000e+02 1.14620618252640e-27
3.77384227000000e+02 1.13822086502199e-27
3.77452164700000e+02 1.13441563607228e-27
3.77520085900000e+02 1.13883955939024e-27
3.77587990500000e+02 1.14811607649049e-27
3.77655878500000e+02 1.15150435258806e-27
3.77723750000000e+02 1.14036201759738e-27
3.77791604800000e+02 1.11617117638953e-27
3.77859443000000e+02 1.08877772314381e-27
3.77927264700000e+02 1.06545469568922e-27
3.77995069700000e+02 1.04698068564258e-27
3.78062858100000e+02 1.02854702969190e-27
3.78130629900000e+02 1.00399510881748e-27
3.78198385000000e+02 9.82173299789263e-28
3.78266123600000e+02 9.86944129341715e-28
3.78333845400000e+02 1.01999018273352e-27
3.78401550700000e+02 1.06421255285907e-27
3.78469239300000e+02 1.11554637424408e-27
3.78536911300000e+02 1.16899515694560e-27
3.78604566600000e+02 1.21560321161844e-27
3.78672205200000e+02 1.26645528243542e-27
3.78739827200000e+02 1.32265447008609e-27
3.78807432500000e+02 1.35546068218087e-27
3.78875021100000e+02 1.35563585341236e-27
3.78942593000000e+02 1.34616600350850e-27
3.79010148300000e+02 1.33836298404534e-27
3.79077686900000e+02 1.33533373017780e-27
3.79145208700000e+02 1.35181025488240e-27
3.79212713900000e+02 1.38056368881317e-27
3.79280202300000e+02 1.39528028262204e-27
3.79347674100000e+02 1.40187288890476e-27
3.79415129100000e+02 1.42847606686086e-27
3.79482567400000e+02 1.47760987559074e-27
3.79549989000000e+02 1.53491557989763e-27
3.79617393800000e+02 1.58477194302418e-27
3.79684781900000e+02 1.60522805495699e-27
3.79752153300000e+02 1.57786313066763e-27
3.79819507900000e+02 1.53174444506695e-27
3.79886845700000e+02 1.49701403691485e-27
3.79954166800000e+02 1.45627130902740e-27
3.80021471200000e+02 1.38699956589799e-27
3.80088758700000e+02 1.29799700731699e-27
3.80156029500000e+02 1.20486494139916e-27
3.80223283500000e+02 1.12133343488882e-27
3.80290520700000e+02 1.07081473572915e-27
3.80357741200000e+02 1.05711182563267e-27
3.80424944800000e+02 1.06314670759991e-27
3.80492131600000e+02 1.06998242956755e-27
3.80559301700000e+02 1.07484069267748e-27
3.80626454900000e+02 1.07853753398024e-27
3.80693591300000e+02 1.07626087897214e-27
3.80760710900000e+02 1.06773459676813e-27
3.80827813600000e+02 1.05810263951694e-27
3.80894899600000e+02 1.04703567106664e-27
3.80961968600000e+02 1.04405140890802e-27
3.81029020900000e+02 1.06256664767109e-27
3.81096056300000e+02 1.10109439817292e-27
3.81163074800000e+02 1.15129781978054e-27
3.81230076500000e+02 1.22489942028597e-27
3.81297061300000e+02 1.32042309022592e-27
3.81364029300000e+02 1.40141013709363e-27
3.81430980400000e+02 1.44303089983849e-27
3.81497914600000e+02 1.45393170734587e-27
3.81564831900000e+02 1.44430314384188e-27
3.81631732400000e+02 1.44117277941857e-27
3.81698615900000e+02 1.47298641738032e-27
3.81765482600000e+02 1.51786140885541e-27
3.81832332300000e+02 1.52060070283612e-27
3.81899165100000e+02 1.48619740352875e-27
3.81965981000000e+02 1.45912585679648e-27
3.82032780000000e+02 1.45771175803996e-27
3.82099562100000e+02 1.48764783074384e-27
3.82166327300000e+02 1.53538829789390e-27
3.82233075500000e+02 1.56968266668926e-27
3.82299806800000e+02 1.57183430594855e-27
3.82366521100000e+02 1.56362182508013e-27
3.82433218500000e+02 1.56882081189675e-27
3.82499898900000e+02 1.60079726828050e-27
3.82566562300000e+02 1.64034679381799e-27
3.82633208800000e+02 1.66722815006925e-27
3.82699838400000e+02 1.66271704265525e-27
3.82766450900000e+02 1.62853801661018e-27
3.82833046500000e+02 1.57947566214729e-27
3.82899625100000e+02 1.55882376854117e-27
3.82966186600000e+02 1.56489018524162e-27
3.83032731200000e+02 1.56829988591081e-27
3.83099258800000e+02 1.56712421851112e-27
3.83165769400000e+02 1.56496062437981e-27
3.83232263000000e+02 1.55044346604143e-27
3.83298739500000e+02 1.53400542164082e-27
3.83365199100000e+02 1.52640061475322e-27
3.83431641600000e+02 1.51365654231231e-27
3.83498067100000e+02 1.50958236759997e-27
3.83564475500000e+02 1.52405771419170e-27
3.83630866900000e+02 1.53012288327119e-27
3.83697241200000e+02 1.52299985253717e-27
3.83763598500000e+02 1.53791898526598e-27
3.83829938800000e+02 1.56325726848465e-27
3.83896261900000e+02 1.56523033435209e-27
3.83962568000000e+02 1.53840857858703e-27
3.84028857100000e+02 1.48296017266776e-27
3.84095129000000e+02 1.39342355193090e-27
3.84161383900000e+02 1.29851988334119e-27
3.84227621600000e+02 1.21550312665517e-27
3.84293842300000e+02 1.12862658674807e-27
3.84360045900000e+02 1.04015665469114e-27
3.84426232400000e+02 9.73469061359858e-28
3.84492401700000e+02 9.32784953806786e-28
3.84558554000000e+02 9.08135746384159e-28
3.84624689100000e+02 9.04930876297432e-28
3.84690807100000e+02 9.28819484678467e-28
3.84756908000000e+02 9.62086286481777e-28
3.84822991700000e+02 9.80154857638461e-28
3.84889058300000e+02 9.83101712218965e-28
3.84955107800000e+02 9.85431297546837e-28
3.85021140100000e+02 9.96015974568026e-28
3.85087155200000e+02 1.01300546838944e-27
3.85153153200000e+02 1.02918553657101e-27
3.85219134000000e+02 1.03646630805810e-27
3.85285097700000e+02 1.04642905808116e-27
3.85351044100000e+02 1.07285953056522e-27
3.85416973400000e+02 1.10922545176120e-27
3.85482885500000e+02 1.15116788511008e-27
3.85548780400000e+02 1.21007702369563e-27
3.85614658100000e+02 1.28926305001211e-27
3.85680518600000e+02 1.38149159406495e-27
3.85746361900000e+02 1.46015652469865e-27
3.85812188000000e+02 1.49753139094242e-27
3.85877996900000e+02 1.48681413388647e-27
3.85943788500000e+02 1.45282809458007e-27
3.86009562900000e+02 1.41231353875298e-27
3.86075320100000e+02 1.36384789849167e-27
3.86141060100000e+02 1.29769870467211e-27
3.86206782800000e+02 1.21944445655261e-27
3.86272488200000e+02 1.13869733242279e-27
3.86338176400000e+02 1.06853620086782e-27
3.86403847300000e+02 1.01448455925039e-27
3.86469501000000e+02 9.83198720432889e-28
3.86535137400000e+02 9.71517664040216e-28
3.86600756500000e+02 9.73857473979874e-28
3.86666358400000e+02 9.86745360723295e-28
3.86731942900000e+02 1.00731809768720e-27
3.86797510200000e+02 1.02926841909004e-27
3.86863060200000e+02 1.05958424725812e-27
3.86928592800000e+02 1.10589052198777e-27
3.86994108200000e+02 1.15656228495629e-27
3.87059606200000e+02 1.19588147432794e-27
3.87125087000000e+02 1.21638553318334e-27
3.87190550400000e+02 1.21953193393574e-27
3.87255996500000e+02 1.21011251918457e-27
3.87321425200000e+02 1.19528832405444e-27
3.87386836700000e+02 1.17750750780733e-27
3.87452230700000e+02 1.16777796109595e-27
3.87517607500000e+02 1.18014112457746e-27
3.87582966900000e+02 1.20405957750202e-27
3.87648308900000e+02 1.21722935143950e-27
3.87713633500000e+02 1.22332243394728e-27
3.87778940800000e+02 1.23793109762793e-27
3.87844230700000e+02 1.26229792344199e-27
3.87909503300000e+02 1.29556471111712e-27
3.87974758400000e+02 1.32905623527106e-27
3.88039996200000e+02 1.33226586725076e-27
3.88105216600000e+02 1.29538472781064e-27
3.88170419600000e+02 1.25856175277889e-27
3.88235605100000e+02 1.25854355419970e-27
3.88300773300000e+02 1.29738164970597e-27
3.88365924000000e+02 1.35293887715148e-27
3.88431057400000e+02 1.39445037452073e-27
3.88496173300000e+02 1.40979808017716e-27
3.88561271700000e+02 1.41644217368468e-27
3.88626352800000e+02 1.42522027096112e-27
3.88691416400000e+02 1.42431712640750e-27
3.88756462500000e+02 1.40635593512583e-27
3.88821491200000e+02 1.36362660330910e-27
3.88886502500000e+02 1.29444655638864e-27
3.88951496300000e+02 1.22078723652808e-27
3.89016472600000e+02 1.16677432409957e-27
3.89081431400000e+02 1.12515529083838e-27
3.89146372800000e+02 1.08312541016777e-27
3.89211296700000e+02 1.05929368517615e-27
3.89276203100000e+02 1.05985884404833e-27
3.89341092000000e+02 1.06448755519233e-27
3.89405963500000e+02 1.06411627603384e-27
3.89470817400000e+02 1.07376555226561e-27
3.89535653800000e+02 1.08779145131780e-27
3.89600472700000e+02 1.09870793651309e-27
3.89665274100000e+02 1.11196532090068e-27
3.89730057900000e+02 1.12516802782065e-27
3.89794824200000e+02 1.11859710309922e-27
3.89859573000000e+02 1.10428870214741e-27
3.89924304300000e+02 1.11078762066570e-27
3.89989018000000e+02 1.14137695247540e-27
3.90053714200000e+02 1.17040972701377e-27
3.90118392800000e+02 1.18877351354329e-27
3.90183053800000e+02 1.20327729198593e-27
3.90247697300000e+02 1.22462172636866e-27
3.90312323300000e+02 1.25382628311707e-27
3.90376931600000e+02 1.27994250523459e-27
3.90441522400000e+02 1.28793217546128e-27
3.90506095600000e+02 1.27059955218365e-27
3.90570651100000e+02 1.23382729059210e-27
3.90635189100000e+02 1.19574846043980e-27
3.90699709500000e+02 1.16218434758500e-27
3.90764212300000e+02 1.11769045570517e-27
3.90828697500000e+02 1.05201317424984e-27
3.90893165100000e+02 9.81722559001494e-28
3.90957615000000e+02 9.27041550565446e-28
3.91022047400000e+02 8.95557247033908e-28
3.91086462000000e+02 8.80035015056060e-28
3.91150859100000e+02 8.69764481594035e-28
3.91215238500000e+02 8.57723604738331e-28
3.91279600300000e+02 8.47511674164581e-28
3.91343944400000e+02 8.44974430698176e-28
3.91408270900000e+02 8.52521462442053e-28
3.91472579700000e+02 8.66167862487082e-28
3.91536870800000e+02 8.84822336445889e-28
3.91601144200000e+02 9.02732728892775e-28
3.91665400000000e+02 9.23062037291514e-28
3.91729638100000e+02 9.53670204369099e-28
3.91793858500000e+02 9.89414638814400e-28
3.91858061200000e+02 1.01355548116589e-27
3.91922246300000e+02 1.02900303180913e-27
3.91986413600000e+02 1.04700594952044e-27
3.92050563200000e+02 1.05818259318944e-27
3.92114695100000e+02 1.05122155301032e-27
3.92178809300000e+02 1.03467919472058e-27
3.92242905700000e+02 1.01941945693547e-27
3.92306984400000e+02 1.00349957851473e-27
3.92371045400000e+02 9.94219122746900e-28
3.92435088700000e+02 1.00571169949837e-27
3.92499114200000e+02 1.03912175924244e-27
3.92563121900000e+02 1.08032994856585e-27
3.92627111900000e+02 1.13422105829393e-27
3.92691084200000e+02 1.21265906032489e-27
3.92755038700000e+02 1.31284942813483e-27
3.92818975400000e+02 1.42305090411741e-27
3.92882894300000e+02 1.54826127642516e-27
3.92946795500000e+02 1.69975573762282e-27
3.93010678800000e+02 1.87331512968158e-27
3.93074544400000e+02 2.05032162831141e-27
3.93138392200000e+02 2.20665396028896e-27
3.93202222200000e+02 2.31788141231814e-27
3.93266034300000e+02 2.37353940421130e-27
3.93329828700000e+02 2.38180467512502e-27
3.93393605200000e+02 2.35050121588083e-27
3.93457363900000e+02 2.27739504682546e-27
3.93521104800000e+02 2.15339347152196e-27
3.93584827900000e+02 1.97528725444953e-27
3.93648533100000e+02 1.76330873327220e-27
3.93712220500000e+02 1.55621728195206e-27
3.93775890000000e+02 1.37983481225944e-27
3.93839541700000e+02 1.23639143915694e-27
3.93903175600000e+02 1.12337395679971e-27
3.93966791500000e+02 1.04001764119524e-27
3.94030389600000e+02 9.87642095318097e-28
3.94093969800000e+02 9.63333162732203e-28
3.94157532200000e+02 9.52564217835001e-28
3.94221076600000e+02 9.39235794652899e-28
3.94284603200000e+02 9.18442706621128e-28
3.94348111900000e+02 8.95166397357397e-28
3.94411602700000e+02 8.75914818799665e-28
3.94475075500000e+02 8.63984662539132e-28
3.94538530500000e+02 8.53776416399239e-28
3.94601967500000e+02 8.32369415186298e-28
3.94665386700000e+02 7.96272914829912e-28
3.94728787900000e+02 7.60667624523608e-28
3.94792171100000e+02 7.37735456635948e-28
3.94855536500000e+02 7.27625816891648e-28
3.94918883900000e+02 7.27317372083954e-28
3.94982213300000e+02 7.33364177694100e-28
3.95045524800000e+02 7.35196025069108e-28
3.95108818400000e+02 7.27182483540088e-28
3.95172094000000e+02 7.16387131397119e-28
3.95235351600000e+02 7.12324693047268e-28
3.95298591200000e+02 7.19095906318278e-28
3.95361812900000e+02 7.34279197947234e-28
3.95425016600000e+02 7.47878916114031e-28
3.95488202300000e+02 7.50363201994476e-28
3.95551370000000e+02 7.42638296205817e-28
3.95614519700000e+02 7.37554907529191e-28
3.95677651400000e+02 7.43364968165744e-28
3.95740765100000e+02 7.64628617771274e-28
3.95803860800000e+02 8.08439841082650e-28
3.95866938500000e+02 8.67479529841078e-28
3.95929998200000e+02 9.20831735997139e-28
3.95993039800000e+02 9.63139810975930e-28
3.96056063400000e+02 1.00659486470884e-27
3.96119068900000e+02 1.05874797603069e-27
3.96182056400000e+02 1.12197904320474e-27
3.96245025900000e+02 1.20285042973225e-27
3.96307977300000e+02 1.29981217930804e-27
3.96370910600000e+02 1.40415092860934e-27
3.96433825900000e+02 1.52410832112252e-27
3.96496723100000e+02 1.68657047349610e-27
3.96559602300000e+02 1.88590658984642e-27
3.96622463300000e+02 2.07875714187584e-27
3.96685306300000e+02 2.22711304295972e-27
3.96748131200000e+02 2.32432842908277e-27
3.96810938000000e+02 2.37048728078282e-27
3.96873726700000e+02 2.36500669707854e-27
3.96936497200000e+02 2.30884373528013e-27
3.96999249700000e+02 2.20097510331112e-27
3.97061984100000e+02 2.03890294836894e-27
3.97124700300000e+02 1.83592434730131e-27
3.97187398400000e+02 1.62611117206700e-27
3.97250078400000e+02 1.43955422093891e-27
3.97312740200000e+02 1.28775175290687e-27
3.97375383900000e+02 1.16857372466041e-27
3.97438009500000e+02 1.07538799516901e-27
3.97500616900000e+02 9.99207034515329e-28
3.97563206100000e+02 9.33112829376548e-28
3.97625777200000e+02 8.71324535124562e-28
3.97688330100000e+02 8.15198233748660e-28
3.97750864900000e+02 7.69299720691055e-28
3.97813381500000e+02 7.36560736799215e-28
3.97875879800000e+02 7.14300711303562e-28
3.97938360000000e+02 6.98308159422433e-28
3.98000822000000e+02 6.88377849961852e-28
3.98063265800000e+02 6.87289082525914e-28
3.98125691400000e+02 6.93823631328193e-28
3.98188098800000e+02 7.04346341420005e-28
3.98250488000000e+02 7.17372639738385e-28
3.98312859000000e+02 7.35270423979608e-28
3.98375211700000e+02 7.55716334366032e-28
3.98437546200000e+02 7.70271509575153e-28
3.98499862500000e+02 7.75908130615591e-28
3.98562160500000e+02 7.76633497558765e-28
3.98624440300000e+02 7.78022176941419e-28
3.98686701800000e+02 7.81899727325551e-28
3.98748945100000e+02 7.86958662928183e-28
3.98811170100000e+02 7.88712314166702e-28
3.98873376900000e+02 7.84779442700058e-28
3.98935565400000e+02 7.76259769856503e-28
3.98997735600000e+02 7.69412262130514e-28
3.99059887500000e+02 7.70609540130434e-28
3.99122021200000e+02 7.78853055923618e-28
3.99184136500000e+02 7.89867187992600e-28
3.99246233600000e+02 8.00964642402851e-28
3.99308312300000e+02 8.14632726542041e-28
3.99370372800000e+02 8.33906612773547e-28
3.99432414900000e+02 8.63493841166976e-28
3.99494438800000e+02 8.99491580287097e-28
3.99556444300000e+02 9.30948119085122e-28
3.99618431400000e+02 9.48443060081228e-28
3.99680400300000e+02 9.52672466755738e-28
3.99742350800000e+02 9.48943155635028e-28
3.99804282900000e+02 9.42090124844687e-28
3.99866196700000e+02 9.33348083019475e-28
3.99928092200000e+02 9.18973933746096e-28
3.99989969300000e+02 8.94819566683831e-28
4.00051828000000e+02 8.67877617705622e-28
4.00113668400000e+02 8.54679880441352e-28
4.00175490400000e+02 8.74490506641412e-28
4.00237294000000e+02 9.19127272822105e-28
4.00299079200000e+02 9.61953668342610e-28
4.00360846100000e+02 9.87471370544772e-28
4.00422594500000e+02 1.00181680662566e-27
4.00484324600000e+02 1.01049415152254e-27
4.00546036200000e+02 1.01490197346832e-27
4.00607729500000e+02 1.01861979195675e-27
4.00669404300000e+02 1.01430300244660e-27
4.00731060700000e+02 9.86810333406594e-28
4.00792698700000e+02 9.35385012900445e-28
4.00854318200000e+02 8.83509903554782e-28
4.00915919300000e+02 8.43021183676101e-28
4.00977502000000e+02 8.12372328238384e-28
4.01039066200000e+02 7.90779286513324e-28
4.01100612000000e+02 7.79377050604531e-28
4.01162139300000e+02 7.70148745551749e-28
4.01223648100000e+02 7.57176787208455e-28
4.01285138500000e+02 7.45034745509629e-28
4.01346610400000e+02 7.38446761053394e-28
4.01408063900000e+02 7.39929801204817e-28
4.01469498800000e+02 7.47570639349511e-28
4.01530915300000e+02 7.57820118347372e-28
4.01592313300000e+02 7.66186522151430e-28
4.01653692800000e+02 7.77723496473023e-28
4.01715053700000e+02 8.01656852273882e-28
4.01776396200000e+02 8.40372242926137e-28
4.01837720200000e+02 8.88832736733369e-28
4.01899025600000e+02 9.39012328381410e-28
4.01960312500000e+02 9.82553663572202e-28
4.02021580900000e+02 1.01763215403049e-27
4.02082830800000e+02 1.05263426906979e-27
4.02144062100000e+02 1.09524499706570e-27
4.02205274900000e+02 1.13485363848043e-27
4.02266469100000e+02 1.15710355685686e-27
4.02327644800000e+02 1.15955422573075e-27
4.02388801900000e+02 1.15022175954073e-27
4.02449940400000e+02 1.13425364213244e-27
4.02511060400000e+02 1.12059132230638e-27
4.02572161800000e+02 1.11464048741607e-27
4.02633244600000e+02 1.11876026369654e-27
4.02694308800000e+02 1.14042718402633e-27
4.02755354500000e+02 1.19279677238315e-27
4.02816381500000e+02 1.25801778260578e-27
4.02877390000000e+02 1.31457418561945e-27
4.02938379800000e+02 1.36901494130050e-27
4.02999351100000e+02 1.43882754917904e-27
4.03060303700000e+02 1.50628236899553e-27
4.03121237700000e+02 1.56007505260465e-27
4.03182153000000e+02 1.59154632193129e-27
4.03243049800000e+02 1.59091446404727e-27
4.03303927900000e+02 1.53806020797626e-27
4.03364787300000e+02 1.45719181441896e-27
4.03425628200000e+02 1.37427096776771e-27
4.03486450300000e+02 1.29034260280981e-27
4.03547253800000e+02 1.19221370087090e-27
4.03608038700000e+02 1.09400977006188e-27
4.03668804800000e+02 1.00942573551395e-27
4.03729552300000e+02 9.39626440195340e-28
4.03790281200000e+02 8.89541141709883e-28
4.03850991300000e+02 8.59086720686156e-28
4.03911682800000e+02 8.41788614980225e-28
4.03972355500000e+02 8.31693788707657e-28
4.04033009600000e+02 8.37195621655755e-28
4.04093644900000e+02 8.62054704102184e-28
4.04154261600000e+02 9.05956271586194e-28
4.04214859500000e+02 9.75241944005716e-28
4.04275438700000e+02 1.06482104667399e-27
4.04335999200000e+02 1.13994533486203e-27
4.04396541000000e+02 1.17519149767553e-27
4.04457064000000e+02 1.18386298729439e-27
4.04517568300000e+02 1.18968107841521e-27
4.04578053800000e+02 1.19227498825857e-27
4.04638520600000e+02 1.18112223067735e-27
4.04698968600000e+02 1.14983605381648e-27
4.04759397900000e+02 1.09104167615473e-27
4.04819808400000e+02 1.00162207064697e-27
4.04880200200000e+02 9.10514168513068e-28
4.04940573100000e+02 8.48011082913185e-28
4.05000927300000e+02 8.14918815763116e-28
4.05061262700000e+02 7.95110538597571e-28
4.05121579300000e+02 7.83934532895473e-28
4.05181877100000e+02 7.86491926046892e-28
4.05242156100000e+02 7.97800810659526e-28
4.05302416300000e+02 8.10559996487814e-28
4.05362657700000e+02 8.21299150100248e-28
4.05422880300000e+02 8.34041028243991e-28
4.05483084000000e+02 8.47670625633486e-28
4.05543268900000e+02 8.60700574406761e-28
4.05603435000000e+02 8.70071150892530e-28
4.05663582300000e+02 8.72779700465594e-28
4.05723710700000e+02 8.65664599918052e-28
4.05783820200000e+02 8.54263574973580e-28
4.05843910900000e+02 8.49660315709365e-28
4.05903982800000e+02 8.57888167567889e-28
4.05964035800000e+02 8.79075588385269e-28
4.06024069900000e+02 9.18386656625572e-28
4.06084085100000e+02 9.64646015278893e-28
4.06144081500000e+02 9.98929070377248e-28
4.06204059000000e+02 1.01357265446145e-27
4.06264017600000e+02 1.02240488788670e-27
4.06323957200000e+02 1.03520655578225e-27
4.06383878000000e+02 1.04965265752740e-27
4.06443779900000e+02 1.05927412179354e-27
4.06503662900000e+02 1.05168643975856e-27
4.06563527000000e+02 1.01628729355539e-27
4.06623372100000e+02 9.58592583970959e-28
4.06683198300000e+02 9.08961364432943e-28
4.06743005600000e+02 8.86584915877721e-28
4.06802794000000e+02 8.95144406494274e-28
4.06862563400000e+02 9.25197526412107e-28
4.06922313800000e+02 9.53794457358385e-28
4.06982045400000e+02 9.64408679451120e-28
4.07041757900000e+02 9.59858840934560e-28
4.07101451500000e+02 9.57845040554523e-28
4.07161126100000e+02 9.62065861761478e-28
4.07220781800000e+02 9.69327147450720e-28
4.07280418500000e+02 9.77183283854353e-28
4.07340036200000e+02 9.81435020709249e-28
4.07399634900000e+02 9.77398815679915e-28
4.07459214600000e+02 9.74018586464174e-28
4.07518775300000e+02 9.80039878045765e-28
4.07578317000000e+02 9.92880818290279e-28
4.07637839700000e+02 1.00296232960577e-27
4.07697343400000e+02 1.00775605520134e-27
4.07756828100000e+02 1.00661426995338e-27
4.07816293800000e+02 9.98391800611764e-28
4.07875740400000e+02 9.81834885607114e-28
4.07935168000000e+02 9.56630129773213e-28
4.07994576500000e+02 9.24777617927475e-28
4.08053966000000e+02 8.92995773110078e-28
4.08113336500000e+02 8.68865264457225e-28
4.08172687900000e+02 8.52609531778564e-28
4.08232020200000e+02 8.41092381948054e-28
4.08291333500000e+02 8.32154755595858e-28
4.08350627700000e+02 8.25458531118792e-28
4.08409902900000e+02 8.19106513317096e-28
4.08469158900000e+02 8.08850164438753e-28
4.08528395900000e+02 7.93087093114771e-28
4.08587613800000e+02 7.71547610194452e-28
4.08646812500000e+02 7.46620842389202e-28
4.08705992200000e+02 7.20931959626427e-28
4.08765152800000e+02 6.96449575776235e-28
4.08824294300000e+02 6.76990550840928e-28
4.08883416600000e+02 6.65907359569516e-28
4.08942519800000e+02 6.63991171750140e-28
4.09001603900000e+02 6.66155818208787e-28
4.09060668900000e+02 6.68728049563565e-28
4.09119714700000e+02 6.71981462197267e-28
4.09178741400000e+02 6.78816304262505e-28
4.09237749000000e+02 6.89611599909667e-28
4.09296737400000e+02 7.03227792196693e-28
4.09355706600000e+02 7.17159293915316e-28
4.09414656700000e+02 7.29125285436033e-28
4.09473587600000e+02 7.39015578822184e-28
4.09532499300000e+02 7.50521524764768e-28
4.09591391900000e+02 7.66215045157089e-28
4.09650265200000e+02 7.86287658083590e-28
4.09709119400000e+02 8.10707403484445e-28
4.09767954400000e+02 8.41464827726656e-28
4.09826770200000e+02 8.79732981252496e-28
4.09885566800000e+02 9.19999736820187e-28
4.09944344100000e+02 9.54062959798335e-28
4.10003102300000e+02 9.76398859907438e-28
4.10061841200000e+02 9.87898035455557e-28
4.10120560900000e+02 9.92483426090475e-28
4.10179261400000e+02 9.92121742887900e-28
4.10237942700000e+02 9.84875719082424e-28
4.10296604700000e+02 9.67381942413529e-28
4.10355247400000e+02 9.38203480361356e-28
4.10413871000000e+02 9.00490839418734e-28
4.10472475200000e+02 8.61840230188828e-28
4.10531060200000e+02 8.28702096460408e-28
4.10589625900000e+02 8.03413938883460e-28
4.10648172400000e+02 7.85689400713887e-28
4.10706699600000e+02 7.74511001921048e-28
4.10765207500000e+02 7.67907214084090e-28
4.10823696100000e+02 7.63747386942778e-28
4.10882165400000e+02 7.60060819878445e-28
4.10940615500000e+02 7.55669840400983e-28
4.10999046200000e+02 7.48774300341781e-28
4.11057457600000e+02 7.40189917121497e-28
4.11115849700000e+02 7.31759082425812e-28
4.11174222500000e+02 7.23668727153936e-28
4.11232576000000e+02 7.13600794210635e-28
4.11290910100000e+02 7.01646527622886e-28
4.11349224900000e+02 6.90645184830092e-28
4.11407520400000e+02 6.82599707861727e-28
4.11465796500000e+02 6.79404479262448e-28
4.11524053300000e+02 6.85857529445926e-28
4.11582290700000e+02 7.01040028468222e-28
4.11640508800000e+02 7.17478386101402e-28
4.11698707500000e+02 7.28406903189140e-28
4.11756886800000e+02 7.36467485322461e-28
4.11815046800000e+02 7.48004317166529e-28
4.11873187300000e+02 7.62313504997591e-28
4.11931308500000e+02 7.76496235918183e-28
4.11989410300000e+02 7.86485164885983e-28
4.12047492700000e+02 7.90182359299774e-28
4.12105555800000e+02 7.83268260320167e-28
4.12163599400000e+02 7.70323954228769e-28
4.12221623500000e+02 7.60005901458126e-28
4.12279628300000e+02 7.56469508493116e-28
4.12337613700000e+02 7.55374417916537e-28
4.12395579600000e+02 7.53335449693640e-28
4.12453526100000e+02 7.54433111682014e-28
4.12511453200000e+02 7.57733910811284e-28
4.12569360800000e+02 7.60586871333007e-28
4.12627249000000e+02 7.61217257445215e-28
4.12685117700000e+02 7.63947429806041e-28
4.12742967000000e+02 7.70095897391380e-28
4.12800796800000e+02 7.79606690828118e-28
4.12858607100000e+02 7.98731675764779e-28
4.12916398000000e+02 8.27823087007974e-28
4.12974169400000e+02 8.55913243986694e-28
4.13031921300000e+02 8.72054865263450e-28
4.13089653700000e+02 8.83675489798689e-28
4.13147366600000e+02 8.98236936790642e-28
4.13205060100000e+02 9.09822764130542e-28
4.13262734000000e+02 9.12738076080044e-28
4.13320388400000e+02 9.08465610871905e-28
4.13378023300000e+02 8.98467034850941e-28
4.13435638700000e+02 8.74772597897211e-28
4.13493234500000e+02 8.39279496496820e-28
4.13550810900000e+02 8.02405529640773e-28
4.13608367700000e+02 7.69788399050596e-28
4.13665904900000e+02 7.39060801205168e-28
4.13723422700000e+02 7.10279393013598e-28
4.13780920800000e+02 6.90768586715033e-28
4.13838399400000e+02 6.82667409050613e-28
4.13895858500000e+02 6.84388745445103e-28
4.13953298000000e+02 6.94577177305574e-28
4.14010717900000e+02 7.20779863999445e-28
4.14068118200000e+02 7.63928497560676e-28
4.14125499000000e+02 8.07782700563935e-28
4.14182860200000e+02 8.36985687979708e-28
4.14240201700000e+02 8.50413271612131e-28
4.14297523700000e+02 8.59088150079960e-28
4.14354826100000e+02 8.66053944617339e-28
4.14412108900000e+02 8.71304674845441e-28
4.14469372100000e+02 8.72172609721584e-28
4.14526615600000e+02 8.62484652772348e-28
4.14583839500000e+02 8.37630231133319e-28
4.14641043800000e+02 8.02067941152998e-28
4.14698228500000e+02 7.72202488205746e-28
4.14755393500000e+02 7.53125539995399e-28
4.14812538900000e+02 7.42760874948306e-28
4.14869664700000e+02 7.38995350687976e-28
4.14926770800000e+02 7.41030773114928e-28
4.14983857200000e+02 7.45547647348649e-28
4.15040924000000e+02 7.51934115646704e-28
4.15097971100000e+02 7.65138744138846e-28
4.15154998500000e+02 7.81726051670831e-28
4.15212006200000e+02 7.92745079134511e-28
4.15268994300000e+02 7.98907678955647e-28
4.15325962700000e+02 8.07766745021840e-28
4.15382911400000e+02 8.19841873309460e-28
4.15439840400000e+02 8.28362665483489e-28
4.15496749600000e+02 8.31474300984762e-28
4.15553639200000e+02 8.32008209279249e-28
4.15610509100000e+02 8.26593610725145e-28
4.15667359200000e+02 8.11273792598265e-28
4.15724189600000e+02 7.89915372208636e-28
4.15781000300000e+02 7.71598664764359e-28
4.15837791200000e+02 7.56841551580997e-28
4.15894562400000e+02 7.38983394040912e-28
4.15951313900000e+02 7.17270405908058e-28
4.16008045600000e+02 6.97163309848427e-28
4.16064757600000e+02 6.81672292412822e-28
4.16121449800000e+02 6.68473011358123e-28
4.16178122200000e+02 6.56822557373015e-28
4.16234774800000e+02 6.48836255163809e-28
4.16291407700000e+02 6.43918871748499e-28
4.16348020800000e+02 6.41850791691389e-28
4.16404614100000e+02 6.44844205374133e-28
4.16461187600000e+02 6.53422845446400e-28
4.16517741400000e+02 6.62804478748760e-28
4.16574275300000e+02 6.68407072318917e-28
4.16630789400000e+02 6.71511159319255e-28
4.16687283700000e+02 6.76045815163602e-28
4.16743758200000e+02 6.84854474743102e-28
4.16800212800000e+02 6.98754560385513e-28
4.16856647700000e+02 7.18210230530044e-28
4.16913062700000e+02 7.41176926794176e-28
4.16969457800000e+02 7.62755334921640e-28
4.17025833100000e+02 7.82038378646768e-28
4.17082188600000e+02 7.99178146336136e-28
4.17138524200000e+02 8.15893604961737e-28
4.17194840000000e+02 8.32410589727757e-28
4.17251135800000e+02 8.47770406305338e-28
4.17307411900000e+02 8.59844859889122e-28
4.17363668000000e+02 8.65941594187922e-28
4.17419904300000e+02 8.67199234870549e-28
4.17476120700000e+02 8.62338764606225e-28
4.17532317100000e+02 8.50795935997631e-28
4.17588493700000e+02 8.34857333014107e-28
4.17644650400000e+02 8.18262736782563e-28
4.17700787200000e+02 8.03184431228883e-28
4.17756904100000e+02 7.88775182105173e-28
4.17813001100000e+02 7.79119783519332e-28
4.17869078100000e+02 7.76917954534090e-28
4.17925135200000e+02 7.76908529260720e-28
4.17981172400000e+02 7.72944609922069e-28
4.18037189700000e+02 7.64396976742329e-28
4.18093187000000e+02 7.57671005503880e-28
4.18149164300000e+02 7.54387077459962e-28
4.18205121700000e+02 7.53413709806142e-28
4.18261059200000e+02 7.54650546183706e-28
4.18316976700000e+02 7.59846585648705e-28
4.18372874200000e+02 7.70973271383778e-28
4.18428751700000e+02 7.86123336943847e-28
4.18484609300000e+02 8.01458505323623e-28
4.18540446900000e+02 8.12310244888361e-28
4.18596264500000e+02 8.16700847911854e-28
4.18652062100000e+02 8.14997073439876e-28
4.18707839700000e+02 8.10326057330162e-28
4.18763597300000e+02 8.07761658922033e-28
4.18819334900000e+02 8.10956469721037e-28
4.18875052500000e+02 8.12404516610426e-28
4.18930750100000e+02 8.01192177699307e-28
4.18986427600000e+02 7.74179164349209e-28
4.19042085100000e+02 7.41310631441302e-28
4.19097722600000e+02 7.14322885275598e-28
4.19153340000000e+02 6.97864856116579e-28
4.19208937400000e+02 6.93665476129376e-28
4.19264514800000e+02 6.98042964900227e-28
4.19320072100000e+02 7.05254037280101e-28
4.19375609300000e+02 7.09406272444415e-28
4.19431126500000e+02 7.14692497976232e-28
4.19486623500000e+02 7.32348340049449e-28
4.19542100600000e+02 7.63995368212677e-28
4.19597557500000e+02 8.00733302686730e-28
4.19652994400000e+02 8.30136459108172e-28
4.19708411100000e+02 8.50280282228926e-28
4.19763807800000e+02 8.64385853939183e-28
4.19819184300000e+02 8.77118793703775e-28
4.19874540800000e+02 8.94264175359482e-28
4.19929877100000e+02 9.11205057914658e-28
4.19985193400000e+02 9.19839550015855e-28
4.20040489500000e+02 9.12228952359342e-28
4.20095765400000e+02 8.91685267934552e-28
4.20151021300000e+02 8.67674257283291e-28
4.20206257000000e+02 8.46003675947197e-28
4.20261472500000e+02 8.28356362799080e-28
4.20316668000000e+02 8.12300842328809e-28
4.20371843200000e+02 7.94992999678727e-28
4.20426998300000e+02 7.72156718211376e-28
4.20482133300000e+02 7.45272109742560e-28
4.20537248000000e+02 7.21651514770419e-28
4.20592342600000e+02 7.04160594070173e-28
4.20647417100000e+02 6.91883331068417e-28
4.20702471300000e+02 6.84739189788005e-28
4.20757505300000e+02 6.82161120549748e-28
4.20812519200000e+02 6.80460959698132e-28
4.20867512900000e+02 6.75141005406573e-28
4.20922486300000e+02 6.67048876929458e-28
4.20977439500000e+02 6.59966859925229e-28
4.21032372600000e+02 6.56934189425560e-28
4.21087285400000e+02 6.58267899560590e-28
4.21142177900000e+02 6.63617537311462e-28
4.21197050300000e+02 6.76137504513972e-28
4.21251902400000e+02 6.95315366011485e-28
4.21306734300000e+02 7.15014460864520e-28
4.21361545900000e+02 7.30043970958777e-28
4.21416337300000e+02 7.40724263975124e-28
4.21471108400000e+02 7.49986870826244e-28
4.21525859300000e+02 7.57983479537041e-28
4.21580589900000e+02 7.65393632159996e-28
4.21635300200000e+02 7.72540402374279e-28
4.21689990200000e+02 7.76170093387340e-28
4.21744660000000e+02 7.69394591119059e-28
4.21799309500000e+02 7.49214699246527e-28
4.21853938600000e+02 7.25510737845319e-28
4.21908547500000e+02 7.08877651236252e-28
4.21963136100000e+02 7.01346945782138e-28
4.22017704400000e+02 6.99870142154948e-28
4.22072252300000e+02 7.04489082483247e-28
4.22126780000000e+02 7.17660754007456e-28
4.22181287300000e+02 7.38612249859479e-28
4.22235774300000e+02 7.70235144142057e-28
4.22290240900000e+02 8.21669882375685e-28
4.22344687300000e+02 8.99883567587242e-28
4.22399113200000e+02 9.86154813064916e-28
4.22453518900000e+02 1.05472443175046e-27
4.22507904100000e+02 1.09139411809799e-27
4.22562269100000e+02 1.10525645440220e-27
4.22616613600000e+02 1.10807740541434e-27
4.22670937800000e+02 1.10249949357293e-27
4.22725241600000e+02 1.08847526952966e-27
4.22779525000000e+02 1.06375511075289e-27
4.22833788000000e+02 1.02200330715945e-27
4.22888030700000e+02 9.56445810616704e-28
4.22942253000000e+02 8.75503308323822e-28
4.22996454800000e+02 8.06346296555835e-28
4.23050636300000e+02 7.63165280961015e-28
4.23104797300000e+02 7.40920898356576e-28
4.23158937900000e+02 7.27269035223965e-28
4.23213058100000e+02 7.21844777959958e-28
4.23267157900000e+02 7.30878736665727e-28
4.23321237200000e+02 7.48502978077030e-28
4.23375296100000e+02 7.66055727346470e-28
4.23429334600000e+02 7.77928555638241e-28
4.23483352600000e+02 7.84463139154465e-28
4.23537350200000e+02 7.86218186416311e-28
4.23591327300000e+02 7.83116928447321e-28
4.23645283900000e+02 7.80571318338948e-28
4.23699220100000e+02 7.79621728497326e-28
4.23753135800000e+02 7.75066497536357e-28
4.23807031000000e+02 7.60434053302322e-28
4.23860905800000e+02 7.37487856609372e-28
4.23914760000000e+02 7.17399361846653e-28
4.23968593800000e+02 7.03894431014696e-28
4.24022407000000e+02 6.95066090441384e-28
4.24076199800000e+02 6.84882897290408e-28
4.24129972000000e+02 6.72295488104578e-28
4.24183723800000e+02 6.60510124056460e-28
4.24237455000000e+02 6.51795424665739e-28
4.24291165700000e+02 6.49023647081967e-28
