2.78463139200000e+02 6.75478929554659e-19
2.78548940500000e+02 6.75195213187722e-19
2.78634731800000e+02 6.88491889383224e-19
2.78720512800000e+02 7.10885504306485e-19
2.78806283700000e+02 7.35558251711778e-19
2.78892044400000e+02 7.55259534500696e-19
2.78977794900000e+02 7.63862139365028e-19
2.79063535300000e+02 7.58558781412231e-19
2.79149265400000e+02 7.41762928062106e-19
2.79234985400000e+02 7.21981829334918e-19
2.79320695100000e+02 7.11061163079260e-19
2.79406394700000e+02 7.16768640120626e-19
2.79492084000000e+02 7.38358550560046e-19
2.79577763200000e+02 7.69211300684252e-19
2.79663432100000e+02 8.02471763899297e-19
2.79749090800000e+02 8.31671605683341e-19
2.79834739200000e+02 8.50516335768885e-19
2.79920377400000e+02 8.54980837484177e-19
2.80006005400000e+02 8.46068870898702e-19
2.80091623100000e+02 8.29011552731805e-19
2.80177230600000e+02 8.09332352230133e-19
2.80262827800000e+02 7.90570017613322e-19
2.80348414700000e+02 7.72902470374649e-19
2.80433991400000e+02 7.55258129582357e-19
2.80519557800000e+02 7.37856508485376e-19
2.80605113900000e+02 7.22310971778836e-19
2.80690659800000e+02 7.10695760386166e-19
2.80776195300000e+02 7.04696485652025e-19
2.80861720600000e+02 7.04634356403415e-19
2.80947235500000e+02 7.10950853607740e-19
2.81032740200000e+02 7.25160876581156e-19
2.81118234500000e+02 7.47368676475369e-19
2.81203718500000e+02 7.74415740900357e-19
2.81289192200000e+02 8.01616527816579e-19
2.81374655600000e+02 8.26431331701490e-19
2.81460108600000e+02 8.48465604587662e-19
2.81545551300000e+02 8.65905767394003e-19
2.81630983600000e+02 8.75655753877151e-19
2.81716405600000e+02 8.76575825049546e-19
2.81801817300000e+02 8.69893043838895e-19
2.81887218500000e+02 8.56483523935463e-19
2.81972609500000e+02 8.36016718834692e-19
2.82057990000000e+02 8.09870417567248e-19
2.82143360200000e+02 7.81578265611554e-19
2.82228720000000e+02 7.53813695962405e-19
2.82314069400000e+02 7.27785063565063e-19
2.82399408400000e+02 7.04172460012802e-19
2.82484737000000e+02 6.83812184748976e-19
2.82570055200000e+02 6.68651055058779e-19
2.82655363000000e+02 6.61870476437873e-19
2.82740660400000e+02 6.67669076316190e-19
2.82825947300000e+02 6.88186056079859e-19
2.82911223900000e+02 7.20515492448487e-19
2.82996490000000e+02 7.59008679046304e-19
2.83081745700000e+02 7.98055527312204e-19
2.83166990900000e+02 8.32573099977508e-19
2.83252225700000e+02 8.56139394861914e-19
2.83337450100000e+02 8.64574191640379e-19
2.83422663900000e+02 8.59081854846011e-19
2.83507867400000e+02 8.44565835759085e-19
2.83593060300000e+02 8.25338303074379e-19
2.83678242800000e+02 8.03513409746271e-19
2.83763414800000e+02 7.80480022331686e-19
2.83848576400000e+02 7.58691910322356e-19
2.83933727400000e+02 7.40524428439965e-19
2.84018867900000e+02 7.27296587298339e-19
2.84103998000000e+02 7.19290521285159e-19
2.84189117500000e+02 7.16223227332998e-19
2.84274226600000e+02 7.17714888083995e-19
2.84359325100000e+02 7.23939342355056e-19
2.84444413100000e+02 7.34738155326741e-19
2.84529490500000e+02 7.48449254909244e-19
2.84614557500000e+02 7.64022092284875e-19
2.84699613900000e+02 7.83100750317176e-19
2.84784659700000e+02 8.08438867322077e-19
2.84869695100000e+02 8.40200611127030e-19
2.84954719800000e+02 8.74166044306743e-19
2.85039734000000e+02 9.04805155807774e-19
2.85124737700000e+02 9.28117402142676e-19
2.85209730700000e+02 9.41747865851439e-19
2.85294713200000e+02 9.43098661263300e-19
2.85379685200000e+02 9.31198203839842e-19
2.85464646500000e+02 9.08269644273489e-19
2.85549597300000e+02 8.78790846767345e-19
2.85634537400000e+02 8.46453141587483e-19
2.85719467000000e+02 8.13895279038139e-19
2.85804385900000e+02 7.82788604501780e-19
2.85889294200000e+02 7.53963200456614e-19
2.85974192000000e+02 7.27526645936920e-19
2.86059079100000e+02 7.05199122164612e-19
2.86143955500000e+02 6.91753894697900e-19
2.86228821400000e+02 6.92698345984204e-19
2.86313676600000e+02 7.10100340655318e-19
2.86398521100000e+02 7.42482155704855e-19
2.86483355000000e+02 7.85252795966811e-19
2.86568178300000e+02 8.32500417340037e-19
2.86652990900000e+02 8.77568391932047e-19
2.86737792800000e+02 9.13790761981454e-19
2.86822584100000e+02 9.36048575909597e-19
2.86907364700000e+02 9.42494861753899e-19
2.86992134600000e+02 9.35774120332487e-19
2.87076893800000e+02 9.21004330865548e-19
2.87161642300000e+02 9.02248798689995e-19
2.87246380200000e+02 8.80882657973599e-19
2.87331107300000e+02 8.57763404996400e-19
2.87415823700000e+02 8.34837621471010e-19
2.87500529400000e+02 8.13012706665510e-19
2.87585224400000e+02 7.91525815096963e-19
2.87669908700000e+02 7.69881060197650e-19
2.87754582200000e+02 7.49091085630804e-19
2.87839245000000e+02 7.29986953310726e-19
2.87923897100000e+02 7.13293694046263e-19
2.88008538400000e+02 6.99924613694072e-19
2.88093169000000e+02 6.92555896755125e-19
2.88177788800000e+02 6.94005640835807e-19
2.88262397900000e+02 7.06516062392863e-19
2.88346996200000e+02 7.31725828218702e-19
2.88431583700000e+02 7.68898666142884e-19
2.88516160400000e+02 8.12911664217973e-19
2.88600726400000e+02 8.55590440973793e-19
2.88685281600000e+02 8.89894439479144e-19
2.88769826000000e+02 9.10803546983433e-19
2.88854359500000e+02 9.14269823993558e-19
2.88938882300000e+02 8.98794874430126e-19
2.89023394300000e+02 8.67305916117278e-19
2.89107895500000e+02 8.26650836758105e-19
2.89192385800000e+02 7.84673809493258e-19
2.89276865300000e+02 7.46813156332259e-19
2.89361334000000e+02 7.16580973186899e-19
2.89445791900000e+02 6.96257658448757e-19
2.89530238900000e+02 6.86685099809047e-19
2.89614675000000e+02 6.87532325133659e-19
2.89699100300000e+02 6.97861040041307e-19
2.89783514800000e+02 7.15432499618333e-19
2.89867918400000e+02 7.35067302803149e-19
2.89952311100000e+02 7.52833009534243e-19
2.90036693000000e+02 7.68027576331358e-19
2.90121064000000e+02 7.82262146813950e-19
2.90205424000000e+02 7.96981812181784e-19
2.90289773300000e+02 8.13297820731166e-19
2.90374111600000e+02 8.32508538982785e-19
2.90458439000000e+02 8.53119928303758e-19
2.90542755500000e+02 8.69839002761328e-19
2.90627061100000e+02 8.78003764437092e-19
2.90711355800000e+02 8.75109652554468e-19
2.90795639500000e+02 8.59692908100826e-19
2.90879912300000e+02 8.31087676249024e-19
2.90964174300000e+02 7.92449384037882e-19
2.91048425200000e+02 7.50280729105191e-19
2.91132665200000e+02 7.09921141977584e-19
2.91216894300000e+02 6.74438046804388e-19
2.91301112400000e+02 6.46792912605317e-19
2.91385319600000e+02 6.29977162421261e-19
2.91469515800000e+02 6.25822477158569e-19
2.91553701000000e+02 6.33597714109190e-19
2.91637875300000e+02 6.51129281579041e-19
2.91722038600000e+02 6.76690968972113e-19
2.91806190900000e+02 7.09128232458892e-19
2.91890332200000e+02 7.46071077308727e-19
2.91974462500000e+02 7.83158972877299e-19
2.92058581800000e+02 8.16780173565727e-19
2.92142690100000e+02 8.45877377813024e-19
2.92226787400000e+02 8.69192021062130e-19
2.92310873700000e+02 8.82975372719829e-19
2.92394948900000e+02 8.84065732127164e-19
2.92479013100000e+02 8.72619449145304e-19
2.92563066300000e+02 8.50461188201041e-19
2.92647108500000e+02 8.19328482651123e-19
2.92731139600000e+02 7.81771515600744e-19
2.92815159700000e+02 7.40812891125152e-19
2.92899168700000e+02 6.98852087987384e-19
2.92983166600000e+02 6.58037354225541e-19
2.93067153500000e+02 6.21391611253569e-19
2.93151129300000e+02 5.91776761535088e-19
2.93235094000000e+02 5.71930081681202e-19
2.93319047700000e+02 5.65037057841542e-19
2.93402990300000e+02 5.74941288567518e-19
2.93486921700000e+02 6.03404475599241e-19
2.93570842100000e+02 6.47079420607220e-19
2.93654751400000e+02 6.97979366854418e-19
2.93738649600000e+02 7.48882189719571e-19
2.93822536600000e+02 7.94266929333457e-19
2.93906412600000e+02 8.30530065028697e-19
2.93990277400000e+02 8.55202865183504e-19
2.94074131100000e+02 8.69938723577028e-19
2.94157973600000e+02 8.78007371007346e-19
2.94241805000000e+02 8.80744865388754e-19
2.94325625300000e+02 8.77613379823084e-19
2.94409434400000e+02 8.66401276167305e-19
2.94493232400000e+02 8.44621601289756e-19
2.94577019200000e+02 8.11651756633969e-19
2.94660794800000e+02 7.68887363102110e-19
2.94744559300000e+02 7.19204725074351e-19
2.94828312600000e+02 6.66992204718919e-19
2.94912054700000e+02 6.16956058605323e-19
2.94995785600000e+02 5.72631952141728e-19
2.95079505300000e+02 5.35664614142420e-19
2.95163213800000e+02 5.07307806426628e-19
2.95246911200000e+02 4.88997854349940e-19
2.95330597300000e+02 4.83303489414208e-19
2.95414272200000e+02 4.93342067971475e-19
2.95497935800000e+02 5.21026234340290e-19
2.95581588300000e+02 5.65546627864171e-19
2.95665229500000e+02 6.23558832780169e-19
2.95748859500000e+02 6.89841070200315e-19
2.95832478200000e+02 7.58210820347924e-19
2.95916085700000e+02 8.20536584546191e-19
2.95999682000000e+02 8.67889439995712e-19
2.96083267000000e+02 8.93291859951556e-19
2.96166840700000e+02 8.94777990909706e-19
2.96250403200000e+02 8.74515433966154e-19
2.96333954400000e+02 8.36342087785436e-19
2.96417494300000e+02 7.85659118863174e-19
2.96501022900000e+02 7.29764461961118e-19
2.96584540200000e+02 6.74862560794655e-19
2.96668046300000e+02 6.24146371950559e-19
2.96751541000000e+02 5.77868029019920e-19
2.96835024400000e+02 5.35397265843698e-19
2.96918496600000e+02 4.96253953640808e-19
2.97001957400000e+02 4.60202047981510e-19
2.97085406900000e+02 4.27756898859254e-19
2.97168845000000e+02 4.01225662633681e-19
2.97252271800000e+02 3.84654161140991e-19
2.97335687300000e+02 3.82486917610927e-19
2.97419091500000e+02 3.98730626444552e-19
2.97502484300000e+02 4.36778810044922e-19
2.97585865700000e+02 4.96350143326354e-19
2.97669235800000e+02 5.71092473992238e-19
2.97752594600000e+02 6.50806246651947e-19
2.97835941900000e+02 7.25849524756593e-19
2.97919277900000e+02 7.88985920799768e-19
2.98002602500000e+02 8.33738660052020e-19
2.98085915700000e+02 8.55762452029824e-19
2.98169217500000e+02 8.54618371938446e-19
2.98252508000000e+02 8.34188848616403e-19
2.98335787000000e+02 7.99770152106704e-19
2.98419054600000e+02 7.56134489012595e-19
2.98502310800000e+02 7.06352646678960e-19
2.98585555600000e+02 6.52793949200758e-19
2.98668789000000e+02 5.98087365343075e-19
2.98752010900000e+02 5.45121009925081e-19
2.98835221500000e+02 4.95989863856386e-19
2.98918420500000e+02 4.52006510126866e-19
2.99001608200000e+02 4.13784007843035e-19
2.99084784300000e+02 3.81867408681125e-19
2.99167949100000e+02 3.56681952304110e-19
2.99251102300000e+02 3.38797029695091e-19
2.99334244100000e+02 3.29743320850400e-19
2.99417374400000e+02 3.33081380419702e-19
2.99500493300000e+02 3.55089274945953e-19
2.99583600700000e+02 4.02432213928227e-19
2.99666696500000e+02 4.76582589344808e-19
2.99749780900000e+02 5.69964852980798e-19
2.99832853800000e+02 6.67040789571355e-19
2.99915915200000e+02 7.53937521970095e-19
2.99998965100000e+02 8.20580459783058e-19
3.00082003500000e+02 8.58511079796868e-19
3.00165030300000e+02 8.61021595321317e-19
3.00248045600000e+02 8.29843237438187e-19
3.00331049400000e+02 7.76712766776458e-19
3.00414041700000e+02 7.14408136170199e-19
3.00497022400000e+02 6.50555838384854e-19
3.00579991600000e+02 5.89399073390098e-19
3.00662949200000e+02 5.33116529579465e-19
3.00745895300000e+02 4.81970679396418e-19
3.00828829800000e+02 4.36066635216804e-19
3.00911752700000e+02 3.95186774884052e-19
3.00994664100000e+02 3.59446126541366e-19
3.01077563900000e+02 3.28684536607014e-19
3.01160452100000e+02 3.03275166483303e-19
3.01243328700000e+02 2.84534087226449e-19
3.01326193800000e+02 2.74859439023376e-19
3.01409047200000e+02 2.77432117591263e-19
3.01491889000000e+02 2.95566018108428e-19
3.01574719200000e+02 3.32279244979829e-19
3.01657537800000e+02 3.88034943729934e-19
3.01740344800000e+02 4.58976626117435e-19
3.01823140200000e+02 5.36965050729165e-19
3.01905923900000e+02 6.12786167272550e-19
3.01988696000000e+02 6.77541071991112e-19
3.02071456400000e+02 7.23652749650059e-19
3.02154205200000e+02 7.45490038996195e-19
3.02236942400000e+02 7.42015406187338e-19
3.02319667800000e+02 7.16611109356904e-19
3.02402381700000e+02 6.75414863601103e-19
3.02485083800000e+02 6.24970379631666e-19
3.02567774300000e+02 5.70538591907738e-19
3.02650453100000e+02 5.15900309086269e-19
3.02733120200000e+02 4.63933268988758e-19
3.02815775700000e+02 4.16461982051273e-19
3.02898419400000e+02 3.74282818965696e-19
3.02981051400000e+02 3.37643521482705e-19
3.03063671800000e+02 3.06519909161948e-19
3.03146280400000e+02 2.80990580582098e-19
3.03228877300000e+02 2.61318789753676e-19
3.03311462500000e+02 2.47626042127996e-19
3.03394035900000e+02 2.40023248519421e-19
3.03476597600000e+02 2.39028705618762e-19
3.03559147600000e+02 2.46242167282600e-19
3.03641685900000e+02 2.64605795053444e-19
3.03724212400000e+02 2.97867831954148e-19
3.03806727100000e+02 3.47920888758848e-19
3.03889230100000e+02 4.12293957184208e-19
3.03971721300000e+02 4.81594012364634e-19
3.04054200700000e+02 5.45172507520669e-19
3.04136668400000e+02 5.95487978224645e-19
3.04219124300000e+02 6.27781171702746e-19
3.04301568400000e+02 6.37140136245611e-19
3.04384000700000e+02 6.20971035664175e-19
3.04466421200000e+02 5.85140498859553e-19
3.04548829900000e+02 5.39725840074140e-19
3.04631226800000e+02 4.91313673836428e-19
3.04713611900000e+02 4.43375962742269e-19
3.04795985200000e+02 3.98277603881165e-19
3.04878346700000e+02 3.57180237693003e-19
3.04960696300000e+02 3.20579015561266e-19
3.05043034100000e+02 2.88522501325830e-19
3.05125360000000e+02 2.60925597248234e-19
3.05207674200000e+02 2.37828924310431e-19
3.05289976400000e+02 2.19436002737838e-19
3.05372266800000e+02 2.06032240755349e-19
3.05454545400000e+02 1.98167876019950e-19
3.05536812000000e+02 1.96725975512222e-19
3.05619066800000e+02 2.02946839907352e-19
3.05701309800000e+02 2.17698812283010e-19
3.05783540800000e+02 2.40896429614156e-19
3.05865760000000e+02 2.71969206532448e-19
3.05947967300000e+02 3.10431016962888e-19
3.06030162600000e+02 3.55104227114905e-19
3.06112346100000e+02 4.03041888361712e-19
3.06194517600000e+02 4.49012304561314e-19
3.06276677300000e+02 4.86867682595368e-19
3.06358825000000e+02 5.11506576629498e-19
3.06440960800000e+02 5.20361056896204e-19
3.06523084700000e+02 5.13165794289815e-19
3.06605196600000e+02 4.91330973653294e-19
3.06687296600000e+02 4.58035647029121e-19
3.06769384700000e+02 4.18520266986209e-19
3.06851460800000e+02 3.78348785028612e-19
3.06933524900000e+02 3.41117776428301e-19
3.07015577100000e+02 3.08184633076487e-19
3.07097617300000e+02 2.79908939133625e-19
3.07179645500000e+02 2.56124927692998e-19
3.07261661800000e+02 2.36524994061330e-19
3.07343666100000e+02 2.20644425169127e-19
3.07425658400000e+02 2.08224784090421e-19
3.07507638700000e+02 1.99213709188950e-19
3.07589607000000e+02 1.93338591884149e-19
3.07671563300000e+02 1.90508676390820e-19
3.07753507500000e+02 1.91142669059507e-19
3.07835439800000e+02 1.95675403810037e-19
3.07917360000000e+02 2.04258774067429e-19
3.07999268300000e+02 2.17263617885730e-19
3.08081164500000e+02 2.36513926828264e-19
3.08163048600000e+02 2.63690934273330e-19
3.08244920700000e+02 2.97695418789048e-19
3.08326780800000e+02 3.33880907358504e-19
3.08408628800000e+02 3.66733284685883e-19
3.08490464700000e+02 3.92416187199508e-19
3.08572288600000e+02 4.07898791843273e-19
3.08654100400000e+02 4.10469169152232e-19
3.08735900200000e+02 3.99270972077444e-19
3.08817687900000e+02 3.76408571837277e-19
3.08899463400000e+02 3.46547481400218e-19
3.08981226900000e+02 3.14437680290593e-19
3.09062978300000e+02 2.83188861045203e-19
3.09144717600000e+02 2.54747776762180e-19
3.09226444800000e+02 2.30358735412143e-19
3.09308159900000e+02 2.10465649634828e-19
3.09389862800000e+02 1.95001752799921e-19
3.09471553700000e+02 1.83615542172893e-19
3.09553232400000e+02 1.75792824694194e-19
3.09634899000000e+02 1.71176075522723e-19
3.09716553400000e+02 1.69402749852974e-19
3.09798195700000e+02 1.70030533649633e-19
3.09879825900000e+02 1.72361030925596e-19
3.09961443800000e+02 1.75891008546010e-19
3.10043049700000e+02 1.80898016704238e-19
3.10124643400000e+02 1.88454103186796e-19
3.10206224900000e+02 1.99909915677110e-19
3.10287794200000e+02 2.15560413513180e-19
3.10369351300000e+02 2.34046307295409e-19
3.10450896300000e+02 2.52725694070002e-19
3.10532429000000e+02 2.68837278116639e-19
3.10613949600000e+02 2.80505591299678e-19
3.10695458000000e+02 2.86456627821150e-19
3.10776954100000e+02 2.85849476425036e-19
3.10858438100000e+02 2.78518245772715e-19
3.10939909800000e+02 2.65871633205687e-19
3.11021369300000e+02 2.50438001624551e-19
3.11102816600000e+02 2.34099860789745e-19
3.11184251600000e+02 2.17384469486919e-19
3.11265674400000e+02 2.00480706279634e-19
3.11347085000000e+02 1.83972276340171e-19
3.11428483300000e+02 1.68552348216787e-19
3.11509869300000e+02 1.54993341517287e-19
3.11591243100000e+02 1.44171675613679e-19
3.11672604600000e+02 1.36571324455501e-19
3.11753953900000e+02 1.31906662490044e-19
3.11835290900000e+02 1.29442534147138e-19
3.11916615600000e+02 1.28446916093476e-19
3.11997928000000e+02 1.28450381334455e-19
3.12079228100000e+02 1.29147817867289e-19
3.12160515900000e+02 1.30374739389779e-19
3.12241791400000e+02 1.32146418513723e-19
3.12323054600000e+02 1.34640657213515e-19
3.12404305500000e+02 1.38240902723881e-19
3.12485544000000e+02 1.43665564539921e-19
3.12566770300000e+02 1.51595792996587e-19
3.12647984200000e+02 1.61948351617474e-19
3.12729185800000e+02 1.73844948161193e-19
3.12810375000000e+02 1.85753694709985e-19
3.12891551900000e+02 1.96030855590763e-19
3.12972716400000e+02 2.03073840914708e-19
3.13053868600000e+02 2.05593241187609e-19
3.13135008400000e+02 2.02844174405008e-19
3.13216135900000e+02 1.94869702605771e-19
3.13297250900000e+02 1.82982614838309e-19
3.13378353600000e+02 1.69465848357015e-19
3.13459443900000e+02 1.56234060564174e-19
3.13540521900000e+02 1.44272643325760e-19
3.13621587400000e+02 1.33791153665176e-19
3.13702640500000e+02 1.24713963205009e-19
3.13783681300000e+02 1.16888578946754e-19
3.13864709600000e+02 1.10174139608239e-19
3.13945725500000e+02 1.04250016787857e-19
3.14026728900000e+02 9.91769324837671e-20
3.14107720000000e+02 9.55051568352023e-20
3.14188698600000e+02 9.37364240425238e-20
3.14269664800000e+02 9.38343459604072e-20
3.14350618500000e+02 9.54760377610754e-20
3.14431559800000e+02 9.81923616737052e-20
3.14512488700000e+02 1.01253972884882e-19
3.14593405000000e+02 1.03993057896560e-19
3.14674309000000e+02 1.06185108574631e-19
3.14755200400000e+02 1.08210495104652e-19
3.14836079400000e+02 1.10664314040536e-19
3.14916945900000e+02 1.13602163309303e-19
3.14997799900000e+02 1.16507701893018e-19
3.15078641400000e+02 1.19103172247621e-19
3.15159470400000e+02 1.21362576779981e-19
3.15240286900000e+02 1.23351371984721e-19
3.15321090900000e+02 1.24855428863872e-19
3.15401882400000e+02 1.25465364107299e-19
3.15482661400000e+02 1.24818327461329e-19
3.15563427900000e+02 1.22904767663738e-19
3.15644181800000e+02 1.19857096485222e-19
3.15724923200000e+02 1.15709940838481e-19
3.15805652100000e+02 1.10363188192147e-19
3.15886368400000e+02 1.03782442388477e-19
3.15967072200000e+02 9.65809814378596e-20
3.16047763400000e+02 8.98125137399806e-20
3.16128442000000e+02 8.42729684466799e-20
3.16209108100000e+02 8.03794361997880e-20
3.16289761600000e+02 7.82766105118561e-20
3.16370402600000e+02 7.76979992401279e-20
3.16451030900000e+02 7.81312983715730e-20
3.16531646700000e+02 7.91586174880571e-20
3.16612249900000e+02 8.05145687792848e-20
3.16692840500000e+02 8.20389112728808e-20
3.16773418400000e+02 8.34926449246878e-20
3.16853983800000e+02 8.47688829931292e-20
3.16934536600000e+02 8.57651285952915e-20
3.17015076700000e+02 8.62805509846341e-20
3.17095604200000e+02 8.61440810848131e-20
3.17176119100000e+02 8.54010687372253e-20
3.17256621400000e+02 8.41209360283321e-20
3.17337111000000e+02 8.23813476152558e-20
3.17417588000000e+02 8.04140665096417e-20
3.17498052300000e+02 7.86977281414188e-20
3.17578503900000e+02 7.77164840197132e-20
3.17658942900000e+02 7.77501146030149e-20
3.17739369300000e+02 7.87564744920850e-20
3.17819782900000e+02 8.01264146827972e-20
3.17900183900000e+02 8.11110855159530e-20
3.17980572200000e+02 8.13229299654957e-20
3.18060947800000e+02 8.06481180223424e-20
3.18141310700000e+02 7.88801830760524e-20
3.18221661000000e+02 7.57478531593466e-20
3.18301998500000e+02 7.14110122363968e-20
3.18382323300000e+02 6.64816846466380e-20
3.18462635400000e+02 6.15059776833849e-20
3.18542934700000e+02 5.67816212573866e-20
3.18623221400000e+02 5.25839638308643e-20
3.18703495300000e+02 4.91645662453644e-20
3.18783756500000e+02 4.65893316507817e-20
3.18864004900000e+02 4.48555160156707e-20
3.18944240600000e+02 4.39747513864494e-20
3.19024463500000e+02 4.39841393311600e-20
3.19104673700000e+02 4.48073275660765e-20
3.19184871100000e+02 4.62566374583941e-20
3.19265055800000e+02 4.81123194114661e-20
3.19345227700000e+02 5.01297004992929e-20
3.19425386700000e+02 5.20722639915360e-20
3.19505533100000e+02 5.37309297134448e-20
3.19585666600000e+02 5.47949267243716e-20
3.19665787300000e+02 5.49720895832159e-20
3.19745895200000e+02 5.41656884158776e-20
3.19825990400000e+02 5.25435235230791e-20
3.19906072700000e+02 5.03693930904315e-20
3.19986142200000e+02 4.77968544091094e-20
3.20066198800000e+02 4.50768534103170e-20
3.20146242700000e+02 4.25372990437621e-20
3.20226273700000e+02 4.03159278059520e-20
3.20306291900000e+02 3.84841874258830e-20
3.20386297200000e+02 3.71605198931302e-20
3.20466289700000e+02 3.63913342422684e-20
3.20546269300000e+02 3.61309310070241e-20
3.20626236100000e+02 3.63143015055472e-20
3.20706190000000e+02 3.67914439006031e-20
3.20786131000000e+02 3.72801332385066e-20
3.20866059200000e+02 3.74769781529838e-20
3.20945974500000e+02 3.72127006735446e-20
3.21025876900000e+02 3.64704997600446e-20
3.21105766400000e+02 3.51973034232348e-20
3.21185643000000e+02 3.33716225391393e-20
3.21265506700000e+02 3.12333798446372e-20
3.21345357500000e+02 2.91450984303152e-20
3.21425195400000e+02 2.73219247956370e-20
3.21505020400000e+02 2.58776252453084e-20
3.21584832400000e+02 2.48824629024877e-20
3.21664631500000e+02 2.43443135159379e-20
3.21744417700000e+02 2.42072170999352e-20
3.21824191000000e+02 2.43740852027675e-20
3.21903951300000e+02 2.47307791543013e-20
3.21983698600000e+02 2.51346878113531e-20
3.22063433000000e+02 2.55131693556295e-20
3.22143154500000e+02 2.58967891436654e-20
3.22222862900000e+02 2.63424737972681e-20
3.22302558400000e+02 2.68212758028932e-20
3.22382240900000e+02 2.71733141514136e-20
3.22461910500000e+02 2.72466319934721e-20
3.22541567000000e+02 2.69593637580967e-20
3.22621210600000e+02 2.62849199855204e-20
3.22700841200000e+02 2.51989150323621e-20
3.22780458700000e+02 2.36716061011918e-20
3.22860063300000e+02 2.18115325236739e-20
3.22939654800000e+02 1.98898552770683e-20
3.23019233300000e+02 1.81355758484015e-20
3.23098798800000e+02 1.66371372819911e-20
3.23178351300000e+02 1.54346644949941e-20
3.23257890700000e+02 1.45394519674468e-20
3.23337417100000e+02 1.39215290032416e-20
3.23416930500000e+02 1.35479055317771e-20
3.23496430700000e+02 1.34142493488197e-20
3.23575918000000e+02 1.35192108022641e-20
3.23655392200000e+02 1.38272820417080e-20
3.23734853300000e+02 1.42644938209506e-20
3.23814301300000e+02 1.47390903615287e-20
3.23893736300000e+02 1.51625058632314e-20
3.23973158100000e+02 1.54345856108810e-20
3.24052566900000e+02 1.54824303968778e-20
3.24131962600000e+02 1.52969998720571e-20
3.24211345200000e+02 1.49160735424622e-20
3.24290714700000e+02 1.43960746192687e-20
3.24370071100000e+02 1.38232335176908e-20
3.24449414300000e+02 1.32858898064617e-20
3.24528744500000e+02 1.28515723260117e-20
3.24608061500000e+02 1.25568255445060e-20
3.24687365400000e+02 1.24091472317788e-20
3.24766656100000e+02 1.23783988126635e-20
3.24845933700000e+02 1.24285211369768e-20
3.24925198200000e+02 1.25012555662662e-20
3.25004449500000e+02 1.25330030452824e-20
3.25083687600000e+02 1.24700772554062e-20
3.25162912600000e+02 1.23114906393351e-20
3.25242124400000e+02 1.20704444649719e-20
3.25321323000000e+02 1.17456747707511e-20
3.25400508500000e+02 1.13622830528237e-20
3.25479680800000e+02 1.09936505585935e-20
3.25558839900000e+02 1.06827533992690e-20
3.25637985800000e+02 1.04205186291844e-20
3.25717118400000e+02 1.01813047379598e-20
3.25796237900000e+02 9.93142804070406e-21
3.25875344200000e+02 9.65011557210653e-21
3.25954437300000e+02 9.32787622070455e-21
3.26033517100000e+02 8.95880254762009e-21
3.26112583700000e+02 8.54324486525212e-21
3.26191637100000e+02 8.10647078274677e-21
3.26270677200000e+02 7.67989583663821e-21
3.26349704100000e+02 7.29770234557514e-21
3.26428717700000e+02 6.97207430398093e-21
3.26507718100000e+02 6.70847634552407e-21
3.26586705300000e+02 6.51606529586891e-21
3.26665679100000e+02 6.40165204317424e-21
3.26744639700000e+02 6.37090213736059e-21
3.26823587000000e+02 6.42922464587751e-21
3.26902521100000e+02 6.56308324670096e-21
3.26981441800000e+02 6.74685192742640e-21
3.27060349300000e+02 6.94582965439301e-21
3.27139243500000e+02 7.10424745340494e-21
3.27218124300000e+02 7.18918331290166e-21
3.27296991900000e+02 7.19703377205578e-21
3.27375846100000e+02 7.14115762589015e-21
3.27454687000000e+02 7.02668704596778e-21
3.27533514600000e+02 6.86545071299975e-21
3.27612328900000e+02 6.69421241812651e-21
3.27691129800000e+02 6.55150736288474e-21
3.27769917400000e+02 6.43180172360093e-21
3.27848691700000e+02 6.31763211851888e-21
3.27927452600000e+02 6.24018388636124e-21
3.28006200100000e+02 6.22618125606275e-21
3.28084934300000e+02 6.24801978374083e-21
3.28163655100000e+02 6.25850365694620e-21
3.28242362600000e+02 6.26819752719563e-21
3.28321056700000e+02 6.26267172845811e-21
3.28399737300000e+02 6.23629079890352e-21
3.28478404600000e+02 6.20710836251704e-21
3.28557058600000e+02 6.22080020607006e-21
3.28635699100000e+02 6.30675834999032e-21
3.28714326200000e+02 6.43056760305636e-21
3.28792939900000e+02 6.49775203528419e-21
3.28871540100000e+02 6.50467358043783e-21
3.28950127000000e+02 6.41943563109546e-21
3.29028700400000e+02 6.35822394988642e-21
3.29107260500000e+02 6.27390238240582e-21
3.29185807000000e+02 6.07285020283461e-21
3.29264340200000e+02 5.95928996987534e-21
3.29342859800000e+02 5.88876447603986e-21
3.29421366100000e+02 5.72737017411099e-21
3.29499858900000e+02 5.09958718128472e-21
3.29578338200000e+02 3.74903600000000e-21
3.29656804000000e+02 0.00000000000000e+00
3.29735256400000e+02 0.00000000000000e+00
3.29813695300000e+02 0.00000000000000e+00
3.29892120700000e+02 0.00000000000000e+00
3.29970532600000e+02 0.00000000000000e+00
3.30048931000000e+02 0.00000000000000e+00
3.30127316000000e+02 0.00000000000000e+00
3.30205687400000e+02 0.00000000000000e+00
3.30284045300000e+02 0.00000000000000e+00
3.30362389700000e+02 0.00000000000000e+00
3.30440720600000e+02 0.00000000000000e+00
3.30519037900000e+02 0.00000000000000e+00
3.30597341700000e+02 0.00000000000000e+00
3.30675632000000e+02 0.00000000000000e+00
3.30753908700000e+02 0.00000000000000e+00
3.30832171900000e+02 0.00000000000000e+00
3.30910421600000e+02 0.00000000000000e+00
3.30988657600000e+02 0.00000000000000e+00
3.31066880200000e+02 0.00000000000000e+00
3.31145089100000e+02 0.00000000000000e+00
3.31223284500000e+02 0.00000000000000e+00
3.31301466300000e+02 0.00000000000000e+00
3.31379634500000e+02 0.00000000000000e+00
3.31457789100000e+02 0.00000000000000e+00
3.31535930100000e+02 0.00000000000000e+00
3.31614057500000e+02 0.00000000000000e+00
3.31692171300000e+02 0.00000000000000e+00
3.31770271500000e+02 0.00000000000000e+00
3.31848358100000e+02 0.00000000000000e+00
3.31926431100000e+02 0.00000000000000e+00
3.32004490400000e+02 0.00000000000000e+00
3.32082536100000e+02 0.00000000000000e+00
3.32160568200000e+02 0.00000000000000e+00
3.32238586600000e+02 0.00000000000000e+00
3.32316591300000e+02 0.00000000000000e+00
3.32394582500000e+02 0.00000000000000e+00
3.32472559900000e+02 0.00000000000000e+00
3.32550523700000e+02 0.00000000000000e+00
3.32628473800000e+02 0.00000000000000e+00
3.32706410200000e+02 0.00000000000000e+00
3.32784333000000e+02 0.00000000000000e+00
3.32862242100000e+02 0.00000000000000e+00
3.32940137500000e+02 0.00000000000000e+00
3.33018019100000e+02 0.00000000000000e+00
3.33095887100000e+02 0.00000000000000e+00
3.33173741400000e+02 0.00000000000000e+00
3.33251582000000e+02 0.00000000000000e+00
3.33329408800000e+02 0.00000000000000e+00
3.33407221900000e+02 0.00000000000000e+00
3.33485021300000e+02 0.00000000000000e+00
3.33562806900000e+02 0.00000000000000e+00
3.33640578900000e+02 0.00000000000000e+00
3.33718337000000e+02 0.00000000000000e+00
3.33796081400000e+02 0.00000000000000e+00
3.33873812100000e+02 0.00000000000000e+00
3.33951529000000e+02 0.00000000000000e+00
3.34029232100000e+02 0.00000000000000e+00
3.34106921500000e+02 0.00000000000000e+00
3.34184597100000e+02 0.00000000000000e+00
3.34262258900000e+02 0.00000000000000e+00
3.34339906900000e+02 0.00000000000000e+00
3.34417541100000e+02 0.00000000000000e+00
3.34495161500000e+02 0.00000000000000e+00
3.34572768100000e+02 0.00000000000000e+00
3.34650360900000e+02 0.00000000000000e+00
3.34727939900000e+02 0.00000000000000e+00
3.34805505100000e+02 0.00000000000000e+00
3.34883056400000e+02 0.00000000000000e+00
3.34960594000000e+02 0.00000000000000e+00
3.35038117600000e+02 0.00000000000000e+00
3.35115627500000e+02 0.00000000000000e+00
3.35193123500000e+02 0.00000000000000e+00
3.35270605600000e+02 0.00000000000000e+00
3.35348073900000e+02 0.00000000000000e+00
3.35425528300000e+02 0.00000000000000e+00
3.35502968900000e+02 0.00000000000000e+00
3.35580395500000e+02 0.00000000000000e+00
3.35657808300000e+02 0.00000000000000e+00
3.35735207200000e+02 0.00000000000000e+00
3.35812592300000e+02 0.00000000000000e+00
3.35889963400000e+02 0.00000000000000e+00
3.35967320600000e+02 0.00000000000000e+00
3.36044663900000e+02 0.00000000000000e+00
3.36121993400000e+02 0.00000000000000e+00
3.36199308800000e+02 0.00000000000000e+00
3.36276610400000e+02 0.00000000000000e+00
3.36353898100000e+02 0.00000000000000e+00
3.36431171800000e+02 0.00000000000000e+00
3.36508431600000e+02 0.00000000000000e+00
3.36585677400000e+02 0.00000000000000e+00
3.36662909300000e+02 0.00000000000000e+00
3.36740127200000e+02 0.00000000000000e+00
3.36817331200000e+02 0.00000000000000e+00
3.36894521200000e+02 0.00000000000000e+00
3.36971697200000e+02 0.00000000000000e+00
3.37048859300000e+02 0.00000000000000e+00
3.37126007400000e+02 0.00000000000000e+00
3.37203141500000e+02 0.00000000000000e+00
3.37280261600000e+02 0.00000000000000e+00
3.37357367700000e+02 0.00000000000000e+00
3.37434459800000e+02 0.00000000000000e+00
3.37511537900000e+02 0.00000000000000e+00
3.37588602000000e+02 0.00000000000000e+00
3.37665652100000e+02 0.00000000000000e+00
3.37742688100000e+02 0.00000000000000e+00
3.37819710100000e+02 0.00000000000000e+00
3.37896718100000e+02 0.00000000000000e+00
3.37973712100000e+02 0.00000000000000e+00
3.38050692000000e+02 0.00000000000000e+00
3.38127657800000e+02 0.00000000000000e+00
3.38204609600000e+02 0.00000000000000e+00
3.38281547400000e+02 0.00000000000000e+00
3.38358471000000e+02 0.00000000000000e+00
3.38435380700000e+02 0.00000000000000e+00
3.38512276200000e+02 0.00000000000000e+00
3.38589157600000e+02 0.00000000000000e+00
3.38666025000000e+02 0.00000000000000e+00
3.38742878200000e+02 0.00000000000000e+00
3.38819717400000e+02 0.00000000000000e+00
3.38896542500000e+02 0.00000000000000e+00
3.38973353400000e+02 0.00000000000000e+00
3.39050150300000e+02 0.00000000000000e+00
3.39126933000000e+02 0.00000000000000e+00
3.39203701600000e+02 0.00000000000000e+00
3.39280456100000e+02 0.00000000000000e+00
3.39357196400000e+02 0.00000000000000e+00
3.39433922600000e+02 0.00000000000000e+00
3.39510634600000e+02 0.00000000000000e+00
3.39587332500000e+02 0.00000000000000e+00
3.39664016300000e+02 0.00000000000000e+00
3.39740685800000e+02 0.00000000000000e+00
3.39817341200000e+02 0.00000000000000e+00
3.39893982500000e+02 0.00000000000000e+00
3.39970609500000e+02 0.00000000000000e+00
3.40047222400000e+02 0.00000000000000e+00
3.40123821100000e+02 0.00000000000000e+00
3.40200405600000e+02 0.00000000000000e+00
3.40276975900000e+02 0.00000000000000e+00
3.40353532000000e+02 0.00000000000000e+00
3.40430073900000e+02 0.00000000000000e+00
3.40506601500000e+02 0.00000000000000e+00
3.40583115000000e+02 0.00000000000000e+00
3.40659614200000e+02 0.00000000000000e+00
3.40736099200000e+02 0.00000000000000e+00
3.40812569900000e+02 0.00000000000000e+00
3.40889026400000e+02 0.00000000000000e+00
3.40965468700000e+02 0.00000000000000e+00
3.41041896700000e+02 0.00000000000000e+00
3.41118310400000e+02 0.00000000000000e+00
3.41194709900000e+02 0.00000000000000e+00
3.41271095100000e+02 0.00000000000000e+00
3.41347466100000e+02 0.00000000000000e+00
3.41423822800000e+02 0.00000000000000e+00
3.41500165100000e+02 0.00000000000000e+00
3.41576493200000e+02 0.00000000000000e+00
3.41652807000000e+02 0.00000000000000e+00
3.41729106500000e+02 0.00000000000000e+00
3.41805391700000e+02 0.00000000000000e+00
3.41881662600000e+02 0.00000000000000e+00
3.41957919100000e+02 0.00000000000000e+00
3.42034161400000e+02 0.00000000000000e+00
3.42110389300000e+02 0.00000000000000e+00
3.42186602900000e+02 0.00000000000000e+00
3.42262802100000e+02 0.00000000000000e+00
3.42338987000000e+02 0.00000000000000e+00
3.42415157600000e+02 0.00000000000000e+00
3.42491313700000e+02 0.00000000000000e+00
3.42567455600000e+02 0.00000000000000e+00
3.42643583000000e+02 0.00000000000000e+00
3.42719696100000e+02 0.00000000000000e+00
3.42795794900000e+02 0.00000000000000e+00
3.42871879200000e+02 0.00000000000000e+00
3.42947949200000e+02 0.00000000000000e+00
3.43024004700000e+02 0.00000000000000e+00
3.43100045900000e+02 0.00000000000000e+00
3.43176072700000e+02 0.00000000000000e+00
3.43252085000000e+02 0.00000000000000e+00
3.43328083000000e+02 0.00000000000000e+00
3.43404066500000e+02 0.00000000000000e+00
3.43480035600000e+02 0.00000000000000e+00
3.43555990300000e+02 0.00000000000000e+00
3.43631930500000e+02 0.00000000000000e+00
3.43707856300000e+02 0.00000000000000e+00
3.43783767700000e+02 0.00000000000000e+00
3.43859664600000e+02 0.00000000000000e+00
3.43935547000000e+02 0.00000000000000e+00
3.44011415000000e+02 0.00000000000000e+00
3.44087268600000e+02 0.00000000000000e+00
3.44163107600000e+02 0.00000000000000e+00
3.44238932200000e+02 0.00000000000000e+00
3.44314742300000e+02 0.00000000000000e+00
3.44390537900000e+02 0.00000000000000e+00
3.44466319000000e+02 0.00000000000000e+00
3.44542085600000e+02 0.00000000000000e+00
3.44617837700000e+02 0.00000000000000e+00
3.44693575300000e+02 0.00000000000000e+00
3.44769298400000e+02 0.00000000000000e+00
3.44845007000000e+02 0.00000000000000e+00
3.44920701000000e+02 0.00000000000000e+00
3.44996380500000e+02 0.00000000000000e+00
3.45072045500000e+02 0.00000000000000e+00
3.45147696000000e+02 0.00000000000000e+00
3.45223331800000e+02 0.00000000000000e+00
3.45298953200000e+02 0.00000000000000e+00
3.45374560000000e+02 0.00000000000000e+00
3.45450152200000e+02 0.00000000000000e+00
3.45525729800000e+02 0.00000000000000e+00
3.45601292900000e+02 0.00000000000000e+00
3.45676841400000e+02 0.00000000000000e+00
3.45752375300000e+02 0.00000000000000e+00
3.45827894700000e+02 0.00000000000000e+00
3.45903399400000e+02 0.00000000000000e+00
3.45978889500000e+02 0.00000000000000e+00
3.46054365100000e+02 0.00000000000000e+00
3.46129826000000e+02 0.00000000000000e+00
3.46205272300000e+02 0.00000000000000e+00
3.46280704000000e+02 0.00000000000000e+00
3.46356121000000e+02 0.00000000000000e+00
3.46431523400000e+02 0.00000000000000e+00
3.46506911200000e+02 0.00000000000000e+00
3.46582284400000e+02 0.00000000000000e+00
3.46657642900000e+02 0.00000000000000e+00
3.46732986700000e+02 0.00000000000000e+00
3.46808315900000e+02 0.00000000000000e+00
3.46883630400000e+02 0.00000000000000e+00
3.46958930300000e+02 0.00000000000000e+00
3.47034215400000e+02 0.00000000000000e+00
3.47109485900000e+02 0.00000000000000e+00
3.47184741700000e+02 0.00000000000000e+00
3.47259982900000e+02 0.00000000000000e+00
3.47335209300000e+02 0.00000000000000e+00
3.47410421000000e+02 0.00000000000000e+00
3.47485618000000e+02 0.00000000000000e+00
3.47560800300000e+02 0.00000000000000e+00
3.47635967900000e+02 0.00000000000000e+00
3.47711120800000e+02 0.00000000000000e+00
3.47786258900000e+02 0.00000000000000e+00
3.47861382300000e+02 0.00000000000000e+00
3.47936491000000e+02 0.00000000000000e+00
3.48011584900000e+02 0.00000000000000e+00
3.48086664100000e+02 0.00000000000000e+00
3.48161728500000e+02 0.00000000000000e+00
3.48236778200000e+02 0.00000000000000e+00
3.48311813100000e+02 0.00000000000000e+00
3.48386833200000e+02 0.00000000000000e+00
3.48461838600000e+02 0.00000000000000e+00
3.48536829100000e+02 0.00000000000000e+00
3.48611804900000e+02 0.00000000000000e+00
3.48686765900000e+02 0.00000000000000e+00
3.48761712100000e+02 0.00000000000000e+00
3.48836643500000e+02 0.00000000000000e+00
3.48911560000000e+02 0.00000000000000e+00
3.48986461800000e+02 0.00000000000000e+00
3.49061348800000e+02 0.00000000000000e+00
3.49136220900000e+02 0.00000000000000e+00
3.49211078200000e+02 0.00000000000000e+00
3.49285920600000e+02 0.00000000000000e+00
3.49360748300000e+02 0.00000000000000e+00
3.49435561000000e+02 0.00000000000000e+00
3.49510359000000e+02 0.00000000000000e+00
3.49585142000000e+02 0.00000000000000e+00
3.49659910200000e+02 0.00000000000000e+00
3.49734663600000e+02 0.00000000000000e+00
3.49809402000000e+02 0.00000000000000e+00
3.49884125600000e+02 0.00000000000000e+00
3.49958834300000e+02 0.00000000000000e+00
3.50033528200000e+02 0.00000000000000e+00
3.50108207100000e+02 0.00000000000000e+00
3.50182871100000e+02 0.00000000000000e+00
3.50257520200000e+02 0.00000000000000e+00
3.50332154500000e+02 0.00000000000000e+00
3.50406773800000e+02 0.00000000000000e+00
3.50481378100000e+02 0.00000000000000e+00
3.50555967600000e+02 0.00000000000000e+00
3.50630542100000e+02 0.00000000000000e+00
3.50705101700000e+02 0.00000000000000e+00
3.50779646400000e+02 0.00000000000000e+00
3.50854176100000e+02 0.00000000000000e+00
3.50928690800000e+02 0.00000000000000e+00
3.51003190600000e+02 0.00000000000000e+00
3.51077675400000e+02 0.00000000000000e+00
3.51152145300000e+02 0.00000000000000e+00
3.51226600200000e+02 0.00000000000000e+00
3.51301040100000e+02 0.00000000000000e+00
3.51375465000000e+02 0.00000000000000e+00
3.51449874900000e+02 0.00000000000000e+00
3.51524269900000e+02 0.00000000000000e+00
3.51598649800000e+02 0.00000000000000e+00
3.51673014700000e+02 0.00000000000000e+00
3.51747364700000e+02 0.00000000000000e+00
3.51821699600000e+02 0.00000000000000e+00
3.51896019400000e+02 0.00000000000000e+00
3.51970324300000e+02 0.00000000000000e+00
3.52044614100000e+02 0.00000000000000e+00
3.52118888900000e+02 0.00000000000000e+00
3.52193148700000e+02 0.00000000000000e+00
3.52267393400000e+02 0.00000000000000e+00
3.52341623000000e+02 0.00000000000000e+00
3.52415837600000e+02 0.00000000000000e+00
3.52490037100000e+02 0.00000000000000e+00
3.52564221500000e+02 0.00000000000000e+00
3.52638390900000e+02 0.00000000000000e+00
3.52712545200000e+02 0.00000000000000e+00
3.52786684400000e+02 0.00000000000000e+00
3.52860808500000e+02 0.00000000000000e+00
3.52934917600000e+02 0.00000000000000e+00
3.53009011500000e+02 0.00000000000000e+00
3.53083090300000e+02 0.00000000000000e+00
3.53157154000000e+02 0.00000000000000e+00
3.53231202600000e+02 0.00000000000000e+00
3.53305236000000e+02 0.00000000000000e+00
3.53379254400000e+02 0.00000000000000e+00
3.53453257600000e+02 0.00000000000000e+00
3.53527245600000e+02 0.00000000000000e+00
3.53601218500000e+02 0.00000000000000e+00
3.53675176300000e+02 0.00000000000000e+00
3.53749118900000e+02 0.00000000000000e+00
3.53823046400000e+02 0.00000000000000e+00
3.53896958700000e+02 0.00000000000000e+00
3.53970855800000e+02 0.00000000000000e+00
3.54044737700000e+02 0.00000000000000e+00
3.54118604500000e+02 0.00000000000000e+00
3.54192456000000e+02 0.00000000000000e+00
3.54266292400000e+02 0.00000000000000e+00
3.54340113600000e+02 0.00000000000000e+00
3.54413919600000e+02 0.00000000000000e+00
3.54487710300000e+02 0.00000000000000e+00
3.54561485900000e+02 0.00000000000000e+00
3.54635246200000e+02 0.00000000000000e+00
3.54708991300000e+02 0.00000000000000e+00
3.54782721200000e+02 0.00000000000000e+00
3.54856435800000e+02 0.00000000000000e+00
3.54930135200000e+02 0.00000000000000e+00
3.55003819400000e+02 0.00000000000000e+00
3.55077488300000e+02 0.00000000000000e+00
3.55151142000000e+02 0.00000000000000e+00
3.55224780300000e+02 0.00000000000000e+00
3.55298403500000e+02 0.00000000000000e+00
3.55372011300000e+02 0.00000000000000e+00
3.55445603900000e+02 0.00000000000000e+00
3.55519181200000e+02 0.00000000000000e+00
3.55592743200000e+02 0.00000000000000e+00
3.55666289900000e+02 0.00000000000000e+00
3.55739821300000e+02 0.00000000000000e+00
3.55813337400000e+02 0.00000000000000e+00
3.55886838200000e+02 0.00000000000000e+00
3.55960323700000e+02 0.00000000000000e+00
3.56033793800000e+02 0.00000000000000e+00
3.56107248600000e+02 0.00000000000000e+00
3.56180688100000e+02 0.00000000000000e+00
3.56254112300000e+02 0.00000000000000e+00
3.56327521100000e+02 0.00000000000000e+00
3.56400914600000e+02 0.00000000000000e+00
3.56474292700000e+02 0.00000000000000e+00
3.56547655500000e+02 0.00000000000000e+00
3.56621002900000e+02 0.00000000000000e+00
3.56694334900000e+02 0.00000000000000e+00
3.56767651600000e+02 0.00000000000000e+00
3.56840952800000e+02 0.00000000000000e+00
3.56914238700000e+02 0.00000000000000e+00
3.56987509200000e+02 0.00000000000000e+00
3.57060764400000e+02 0.00000000000000e+00
3.57134004100000e+02 0.00000000000000e+00
3.57207228400000e+02 0.00000000000000e+00
3.57280437200000e+02 0.00000000000000e+00
3.57353630700000e+02 0.00000000000000e+00
3.57426808800000e+02 0.00000000000000e+00
3.57499971400000e+02 0.00000000000000e+00
3.57573118600000e+02 0.00000000000000e+00
3.57646250300000e+02 0.00000000000000e+00
3.57719366700000e+02 0.00000000000000e+00
3.57792467500000e+02 0.00000000000000e+00
3.57865552900000e+02 0.00000000000000e+00
3.57938622900000e+02 0.00000000000000e+00
3.58011677300000e+02 0.00000000000000e+00
3.58084716400000e+02 0.00000000000000e+00
3.58157739900000e+02 0.00000000000000e+00
3.58230748000000e+02 0.00000000000000e+00
3.58303740500000e+02 0.00000000000000e+00
3.58376717600000e+02 0.00000000000000e+00
3.58449679200000e+02 0.00000000000000e+00
3.58522625300000e+02 0.00000000000000e+00
3.58595555800000e+02 0.00000000000000e+00
3.58668470900000e+02 0.00000000000000e+00
3.58741370400000e+02 0.00000000000000e+00
3.58814254500000e+02 0.00000000000000e+00
3.58887123000000e+02 0.00000000000000e+00
3.58959975900000e+02 0.00000000000000e+00
3.59032813300000e+02 0.00000000000000e+00
3.59105635200000e+02 0.00000000000000e+00
3.59178441500000e+02 0.00000000000000e+00
3.59251232300000e+02 0.00000000000000e+00
3.59324007500000e+02 0.00000000000000e+00
3.59396767100000e+02 0.00000000000000e+00
3.59469511200000e+02 0.00000000000000e+00
3.59542239700000e+02 0.00000000000000e+00
3.59614952600000e+02 0.00000000000000e+00
3.59687649900000e+02 0.00000000000000e+00
3.59760331600000e+02 0.00000000000000e+00
3.59832997800000e+02 0.00000000000000e+00
3.59905648300000e+02 0.00000000000000e+00
3.59978283200000e+02 0.00000000000000e+00
3.60050902500000e+02 0.00000000000000e+00
3.60123506200000e+02 0.00000000000000e+00
3.60196094300000e+02 0.00000000000000e+00
3.60268666700000e+02 0.00000000000000e+00
3.60341223500000e+02 0.00000000000000e+00
3.60413764600000e+02 0.00000000000000e+00
3.60486290100000e+02 0.00000000000000e+00
3.60558800000000e+02 0.00000000000000e+00
3.60631294200000e+02 0.00000000000000e+00
3.60703772700000e+02 0.00000000000000e+00
3.60776235600000e+02 0.00000000000000e+00
3.60848682800000e+02 0.00000000000000e+00
3.60921114300000e+02 0.00000000000000e+00
3.60993530100000e+02 0.00000000000000e+00
3.61065930300000e+02 0.00000000000000e+00
3.61138314700000e+02 0.00000000000000e+00
3.61210683500000e+02 0.00000000000000e+00
3.61283036500000e+02 0.00000000000000e+00
3.61355373800000e+02 0.00000000000000e+00
3.61427695500000e+02 0.00000000000000e+00
3.61500001400000e+02 0.00000000000000e+00
3.61572291500000e+02 0.00000000000000e+00
3.61644566000000e+02 0.00000000000000e+00
3.61716824700000e+02 0.00000000000000e+00
3.61789067600000e+02 0.00000000000000e+00
3.61861294800000e+02 0.00000000000000e+00
3.61933506300000e+02 0.00000000000000e+00
3.62005702000000e+02 0.00000000000000e+00
3.62077881900000e+02 0.00000000000000e+00
3.62150046100000e+02 0.00000000000000e+00
3.62222194500000e+02 0.00000000000000e+00
3.62294327100000e+02 0.00000000000000e+00
3.62366443900000e+02 0.00000000000000e+00
3.62438545000000e+02 0.00000000000000e+00
3.62510630200000e+02 0.00000000000000e+00
3.62582699700000e+02 0.00000000000000e+00
3.62654753300000e+02 0.00000000000000e+00
3.62726791100000e+02 0.00000000000000e+00
3.62798813100000e+02 0.00000000000000e+00
3.62870819300000e+02 0.00000000000000e+00
3.62942809700000e+02 0.00000000000000e+00
3.63014784200000e+02 0.00000000000000e+00
3.63086742900000e+02 0.00000000000000e+00
3.63158685700000e+02 0.00000000000000e+00
3.63230612700000e+02 0.00000000000000e+00
3.63302523800000e+02 0.00000000000000e+00
3.63374419100000e+02 0.00000000000000e+00
3.63446298500000e+02 0.00000000000000e+00
3.63518162100000e+02 0.00000000000000e+00
3.63590009700000e+02 0.00000000000000e+00
3.63661841500000e+02 0.00000000000000e+00
3.63733657400000e+02 0.00000000000000e+00
3.63805457400000e+02 0.00000000000000e+00
3.63877241500000e+02 0.00000000000000e+00
3.63949009700000e+02 0.00000000000000e+00
3.64020762000000e+02 0.00000000000000e+00
3.64092498400000e+02 0.00000000000000e+00
3.64164218900000e+02 0.00000000000000e+00
3.64235923400000e+02 0.00000000000000e+00
3.64307612000000e+02 0.00000000000000e+00
3.64379284700000e+02 0.00000000000000e+00
3.64450941400000e+02 0.00000000000000e+00
3.64522582200000e+02 0.00000000000000e+00
3.64594207100000e+02 0.00000000000000e+00
3.64665816000000e+02 0.00000000000000e+00
3.64737408900000e+02 0.00000000000000e+00
3.64808985800000e+02 0.00000000000000e+00
3.64880546800000e+02 0.00000000000000e+00
3.64952091800000e+02 0.00000000000000e+00
3.65023620900000e+02 0.00000000000000e+00
3.65095133900000e+02 0.00000000000000e+00
3.65166631000000e+02 0.00000000000000e+00
3.65238112000000e+02 0.00000000000000e+00
3.65309577000000e+02 0.00000000000000e+00
3.65381026100000e+02 0.00000000000000e+00
3.65452459100000e+02 0.00000000000000e+00
3.65523876100000e+02 0.00000000000000e+00
3.65595277100000e+02 0.00000000000000e+00
3.65666662000000e+02 0.00000000000000e+00
3.65738030900000e+02 0.00000000000000e+00
3.65809383800000e+02 0.00000000000000e+00
3.65880720600000e+02 0.00000000000000e+00
3.65952041400000e+02 0.00000000000000e+00
3.66023346100000e+02 0.00000000000000e+00
3.66094634700000e+02 0.00000000000000e+00
3.66165907300000e+02 0.00000000000000e+00
3.66237163800000e+02 0.00000000000000e+00
3.66308404200000e+02 0.00000000000000e+00
3.66379628600000e+02 0.00000000000000e+00
3.66450836800000e+02 0.00000000000000e+00
3.66522029000000e+02 0.00000000000000e+00
3.66593205000000e+02 0.00000000000000e+00
3.66664365000000e+02 0.00000000000000e+00
3.66735508800000e+02 0.00000000000000e+00
3.66806636500000e+02 0.00000000000000e+00
3.66877748100000e+02 0.00000000000000e+00
3.66948843600000e+02 0.00000000000000e+00
3.67019923000000e+02 0.00000000000000e+00
3.67090986200000e+02 0.00000000000000e+00
3.67162033200000e+02 0.00000000000000e+00
3.67233064100000e+02 0.00000000000000e+00
3.67304078900000e+02 0.00000000000000e+00
3.67375077500000e+02 0.00000000000000e+00
3.67446059900000e+02 0.00000000000000e+00
3.67517026200000e+02 0.00000000000000e+00
3.67587976300000e+02 0.00000000000000e+00
3.67658910200000e+02 0.00000000000000e+00
3.67729828000000e+02 0.00000000000000e+00
3.67800729500000e+02 0.00000000000000e+00
3.67871614800000e+02 0.00000000000000e+00
3.67942484000000e+02 0.00000000000000e+00
3.68013336900000e+02 0.00000000000000e+00
3.68084173600000e+02 0.00000000000000e+00
3.68154994100000e+02 0.00000000000000e+00
3.68225798400000e+02 0.00000000000000e+00
3.68296586500000e+02 0.00000000000000e+00
3.68367358300000e+02 0.00000000000000e+00
3.68438113900000e+02 0.00000000000000e+00
3.68508853200000e+02 0.00000000000000e+00
3.68579576300000e+02 0.00000000000000e+00
3.68650283100000e+02 0.00000000000000e+00
3.68720973700000e+02 0.00000000000000e+00
3.68791648000000e+02 0.00000000000000e+00
3.68862306000000e+02 0.00000000000000e+00
3.68932947800000e+02 0.00000000000000e+00
3.69003573200000e+02 0.00000000000000e+00
3.69074182400000e+02 0.00000000000000e+00
3.69144775300000e+02 0.00000000000000e+00
3.69215351900000e+02 0.00000000000000e+00
3.69285912200000e+02 0.00000000000000e+00
3.69356456200000e+02 0.00000000000000e+00
3.69426983900000e+02 0.00000000000000e+00
3.69497495200000e+02 0.00000000000000e+00
3.69567990300000e+02 0.00000000000000e+00
3.69638469000000e+02 0.00000000000000e+00
3.69708931300000e+02 0.00000000000000e+00
3.69779377400000e+02 0.00000000000000e+00
3.69849807000000e+02 0.00000000000000e+00
3.69920220400000e+02 0.00000000000000e+00
3.69990617300000e+02 0.00000000000000e+00
3.70060997900000e+02 0.00000000000000e+00
3.70131362200000e+02 0.00000000000000e+00
3.70201710100000e+02 0.00000000000000e+00
3.70272041500000e+02 0.00000000000000e+00
3.70342356700000e+02 0.00000000000000e+00
3.70412655400000e+02 0.00000000000000e+00
3.70482937700000e+02 0.00000000000000e+00
3.70553203600000e+02 0.00000000000000e+00
3.70623453200000e+02 0.00000000000000e+00
3.70693686300000e+02 0.00000000000000e+00
3.70763903000000e+02 0.00000000000000e+00
3.70834103200000e+02 0.00000000000000e+00
3.70904287100000e+02 0.00000000000000e+00
3.70974454500000e+02 0.00000000000000e+00
3.71044605500000e+02 0.00000000000000e+00
3.71114740000000e+02 0.00000000000000e+00
3.71184858100000e+02 0.00000000000000e+00
3.71254959800000e+02 0.00000000000000e+00
3.71325045000000e+02 0.00000000000000e+00
3.71395113700000e+02 0.00000000000000e+00
3.71465165900000e+02 0.00000000000000e+00
3.71535201700000e+02 0.00000000000000e+00
3.71605221000000e+02 0.00000000000000e+00
3.71675223800000e+02 0.00000000000000e+00
3.71745210100000e+02 0.00000000000000e+00
3.71815180000000e+02 0.00000000000000e+00
3.71885133300000e+02 0.00000000000000e+00
3.71955070100000e+02 0.00000000000000e+00
3.72024990400000e+02 0.00000000000000e+00
3.72094894200000e+02 0.00000000000000e+00
3.72164781500000e+02 0.00000000000000e+00
3.72234652300000e+02 0.00000000000000e+00
3.72304506500000e+02 0.00000000000000e+00
3.72374344100000e+02 0.00000000000000e+00
3.72444165300000e+02 0.00000000000000e+00
3.72513969900000e+02 0.00000000000000e+00
3.72583757900000e+02 0.00000000000000e+00
3.72653529400000e+02 0.00000000000000e+00
3.72723284300000e+02 0.00000000000000e+00
3.72793022600000e+02 0.00000000000000e+00
3.72862744400000e+02 0.00000000000000e+00
3.72932449500000e+02 0.00000000000000e+00
3.73002138100000e+02 0.00000000000000e+00
3.73071810100000e+02 0.00000000000000e+00
3.73141465500000e+02 0.00000000000000e+00
3.73211104300000e+02 0.00000000000000e+00
3.73280726500000e+02 0.00000000000000e+00
3.73350332100000e+02 0.00000000000000e+00
3.73419921100000e+02 0.00000000000000e+00
3.73489493400000e+02 0.00000000000000e+00
3.73559049100000e+02 0.00000000000000e+00
3.73628588200000e+02 0.00000000000000e+00
3.73698110700000e+02 0.00000000000000e+00
3.73767616500000e+02 0.00000000000000e+00
3.73837105600000e+02 0.00000000000000e+00
3.73906578100000e+02 0.00000000000000e+00
3.73976033900000e+02 0.00000000000000e+00
3.74045473100000e+02 0.00000000000000e+00
3.74114895600000e+02 0.00000000000000e+00
3.74184301400000e+02 0.00000000000000e+00
3.74253690500000e+02 0.00000000000000e+00
3.74323063000000e+02 0.00000000000000e+00
3.74392418700000e+02 0.00000000000000e+00
3.74461757800000e+02 0.00000000000000e+00
3.74531080100000e+02 0.00000000000000e+00
3.74600385800000e+02 0.00000000000000e+00
3.74669674700000e+02 0.00000000000000e+00
3.74738946900000e+02 0.00000000000000e+00
3.74808202400000e+02 0.00000000000000e+00
3.74877441100000e+02 0.00000000000000e+00
3.74946663100000e+02 0.00000000000000e+00
3.75015868400000e+02 0.00000000000000e+00
3.75085056900000e+02 0.00000000000000e+00
3.75154228700000e+02 0.00000000000000e+00
3.75223383700000e+02 0.00000000000000e+00
3.75292522000000e+02 0.00000000000000e+00
3.75361643500000e+02 0.00000000000000e+00
3.75430748200000e+02 0.00000000000000e+00
3.75499836100000e+02 0.00000000000000e+00
3.75568907300000e+02 0.00000000000000e+00
3.75637961700000e+02 0.00000000000000e+00
3.75706999200000e+02 0.00000000000000e+00
3.75776020000000e+02 0.00000000000000e+00
3.75845024000000e+02 0.00000000000000e+00
3.75914011100000e+02 0.00000000000000e+00
3.75982981500000e+02 0.00000000000000e+00
3.76051935000000e+02 0.00000000000000e+00
3.76120871700000e+02 0.00000000000000e+00
3.76189791600000e+02 0.00000000000000e+00
3.76258694600000e+02 0.00000000000000e+00
3.76327580800000e+02 0.00000000000000e+00
3.76396450100000e+02 0.00000000000000e+00
3.76465302600000e+02 0.00000000000000e+00
3.76534138200000e+02 0.00000000000000e+00
3.76602957000000e+02 0.00000000000000e+00
3.76671758900000e+02 0.00000000000000e+00
3.76740543900000e+02 0.00000000000000e+00
3.76809312000000e+02 0.00000000000000e+00
3.76878063300000e+02 0.00000000000000e+00
3.76946797600000e+02 0.00000000000000e+00
3.77015515100000e+02 0.00000000000000e+00
3.77084215700000e+02 0.00000000000000e+00
3.77152899300000e+02 0.00000000000000e+00
3.77221566100000e+02 0.00000000000000e+00
3.77290215900000e+02 0.00000000000000e+00
3.77358848800000e+02 0.00000000000000e+00
3.77427464800000e+02 0.00000000000000e+00
3.77496063900000e+02 0.00000000000000e+00
3.77564646000000e+02 0.00000000000000e+00
3.77633211100000e+02 0.00000000000000e+00
3.77701759300000e+02 0.00000000000000e+00
3.77770290600000e+02 0.00000000000000e+00
3.77838804900000e+02 0.00000000000000e+00
3.77907302200000e+02 0.00000000000000e+00
3.77975782600000e+02 0.00000000000000e+00
3.78044246000000e+02 0.00000000000000e+00
3.78112692400000e+02 0.00000000000000e+00
3.78181121800000e+02 0.00000000000000e+00
3.78249534300000e+02 0.00000000000000e+00
3.78317929700000e+02 0.00000000000000e+00
3.78386308100000e+02 0.00000000000000e+00
3.78454669600000e+02 0.00000000000000e+00
3.78523014000000e+02 0.00000000000000e+00
3.78591341400000e+02 0.00000000000000e+00
3.78659651700000e+02 0.00000000000000e+00
3.78727945100000e+02 0.00000000000000e+00
3.78796221400000e+02 0.00000000000000e+00
3.78864480600000e+02 0.00000000000000e+00
3.78932722900000e+02 0.00000000000000e+00
3.79000948000000e+02 0.00000000000000e+00
3.79069156100000e+02 0.00000000000000e+00
3.79137347200000e+02 0.00000000000000e+00
3.79205521200000e+02 0.00000000000000e+00
3.79273678100000e+02 0.00000000000000e+00
3.79341817900000e+02 0.00000000000000e+00
3.79409940700000e+02 0.00000000000000e+00
3.79478046300000e+02 0.00000000000000e+00
3.79546134900000e+02 0.00000000000000e+00
3.79614206400000e+02 0.00000000000000e+00
3.79682260700000e+02 0.00000000000000e+00
3.79750298000000e+02 0.00000000000000e+00
3.79818318200000e+02 0.00000000000000e+00
3.79886321200000e+02 0.00000000000000e+00
3.79954307100000e+02 0.00000000000000e+00
3.80022275800000e+02 0.00000000000000e+00
3.80090227500000e+02 0.00000000000000e+00
3.80158162000000e+02 0.00000000000000e+00
3.80226079300000e+02 0.00000000000000e+00
3.80293979500000e+02 0.00000000000000e+00
3.80361862500000e+02 0.00000000000000e+00
3.80429728400000e+02 0.00000000000000e+00
3.80497577100000e+02 0.00000000000000e+00
3.80565408700000e+02 0.00000000000000e+00
3.80633223000000e+02 0.00000000000000e+00
3.80701020200000e+02 0.00000000000000e+00
3.80768800200000e+02 0.00000000000000e+00
3.80836562900000e+02 0.00000000000000e+00
3.80904308500000e+02 0.00000000000000e+00
3.80972036900000e+02 0.00000000000000e+00
3.81039748100000e+02 0.00000000000000e+00
3.81107442000000e+02 0.00000000000000e+00
3.81175118700000e+02 0.00000000000000e+00
3.81242778300000e+02 0.00000000000000e+00
3.81310420500000e+02 0.00000000000000e+00
3.81378045600000e+02 0.00000000000000e+00
3.81445653300000e+02 0.00000000000000e+00
3.81513243900000e+02 0.00000000000000e+00
3.81580817200000e+02 0.00000000000000e+00
3.81648373200000e+02 0.00000000000000e+00
3.81715912000000e+02 0.00000000000000e+00
3.81783433500000e+02 0.00000000000000e+00
3.81850937700000e+02 0.00000000000000e+00
3.81918424600000e+02 0.00000000000000e+00
3.81985894300000e+02 0.00000000000000e+00
3.82053346700000e+02 0.00000000000000e+00
3.82120781700000e+02 0.00000000000000e+00
3.82188199500000e+02 0.00000000000000e+00
3.82255600000000e+02 0.00000000000000e+00
3.82322983100000e+02 0.00000000000000e+00
3.82390348900000e+02 0.00000000000000e+00
3.82457697500000e+02 0.00000000000000e+00
3.82525028600000e+02 0.00000000000000e+00
3.82592342500000e+02 0.00000000000000e+00
3.82659639000000e+02 0.00000000000000e+00
3.82726918100000e+02 0.00000000000000e+00
3.82794180000000e+02 0.00000000000000e+00
3.82861424400000e+02 0.00000000000000e+00
3.82928651500000e+02 0.00000000000000e+00
3.82995861300000e+02 0.00000000000000e+00
3.83063053600000e+02 0.00000000000000e+00
3.83130228600000e+02 0.00000000000000e+00
3.83197386200000e+02 0.00000000000000e+00
3.83264526400000e+02 0.00000000000000e+00
3.83331649200000e+02 0.00000000000000e+00
3.83398754700000e+02 0.00000000000000e+00
3.83465842700000e+02 0.00000000000000e+00
3.83532913300000e+02 0.00000000000000e+00
3.83599966500000e+02 0.00000000000000e+00
3.83667002300000e+02 0.00000000000000e+00
3.83734020700000e+02 0.00000000000000e+00
3.83801021600000e+02 0.00000000000000e+00
3.83868005100000e+02 0.00000000000000e+00
3.83934971100000e+02 0.00000000000000e+00
3.84001919700000e+02 0.00000000000000e+00
3.84068850900000e+02 0.00000000000000e+00
3.84135764600000e+02 0.00000000000000e+00
3.84202660800000e+02 0.00000000000000e+00
3.84269539600000e+02 0.00000000000000e+00
3.84336400900000e+02 0.00000000000000e+00
3.84403244700000e+02 0.00000000000000e+00
3.84470071100000e+02 0.00000000000000e+00
3.84536879900000e+02 0.00000000000000e+00
3.84603671300000e+02 0.00000000000000e+00
3.84670445100000e+02 0.00000000000000e+00
3.84737201500000e+02 0.00000000000000e+00
3.84803940300000e+02 0.00000000000000e+00
3.84870661700000e+02 0.00000000000000e+00
3.84937365500000e+02 0.00000000000000e+00
3.85004051800000e+02 0.00000000000000e+00
3.85070720500000e+02 0.00000000000000e+00
3.85137371700000e+02 0.00000000000000e+00
3.85204005400000e+02 0.00000000000000e+00
3.85270621500000e+02 0.00000000000000e+00
3.85337220100000e+02 0.00000000000000e+00
3.85403801100000e+02 0.00000000000000e+00
3.85470364600000e+02 0.00000000000000e+00
3.85536910400000e+02 0.00000000000000e+00
3.85603438700000e+02 0.00000000000000e+00
3.85669949500000e+02 0.00000000000000e+00
3.85736442600000e+02 0.00000000000000e+00
3.85802918200000e+02 0.00000000000000e+00
3.85869376100000e+02 0.00000000000000e+00
3.85935816500000e+02 0.00000000000000e+00
3.86002239300000e+02 0.00000000000000e+00
3.86068644400000e+02 0.00000000000000e+00
3.86135031900000e+02 0.00000000000000e+00
3.86201401800000e+02 0.00000000000000e+00
3.86267754100000e+02 0.00000000000000e+00
3.86334088700000e+02 0.00000000000000e+00
3.86400405800000e+02 0.00000000000000e+00
3.86466705100000e+02 0.00000000000000e+00
3.86532986800000e+02 0.00000000000000e+00
3.86599250900000e+02 0.00000000000000e+00
3.86665497300000e+02 0.00000000000000e+00
3.86731726000000e+02 0.00000000000000e+00
3.86797937100000e+02 0.00000000000000e+00
3.86864130500000e+02 0.00000000000000e+00
3.86930306200000e+02 0.00000000000000e+00
3.86996464200000e+02 0.00000000000000e+00
3.87062604600000e+02 0.00000000000000e+00
3.87128727200000e+02 0.00000000000000e+00
3.87194832100000e+02 0.00000000000000e+00
3.87260919400000e+02 0.00000000000000e+00
3.87326988900000e+02 0.00000000000000e+00
3.87393040700000e+02 0.00000000000000e+00
3.87459074700000e+02 0.00000000000000e+00
3.87525091100000e+02 0.00000000000000e+00
3.87591089700000e+02 0.00000000000000e+00
3.87657070600000e+02 0.00000000000000e+00
3.87723033700000e+02 0.00000000000000e+00
3.87788979100000e+02 0.00000000000000e+00
3.87854906700000e+02 0.00000000000000e+00
3.87920816500000e+02 0.00000000000000e+00
3.87986708600000e+02 0.00000000000000e+00
3.88052583000000e+02 0.00000000000000e+00
3.88118439500000e+02 0.00000000000000e+00
3.88184278300000e+02 0.00000000000000e+00
3.88250099300000e+02 0.00000000000000e+00
3.88315902400000e+02 0.00000000000000e+00
3.88381687800000e+02 0.00000000000000e+00
3.88447455400000e+02 0.00000000000000e+00
3.88513205200000e+02 0.00000000000000e+00
3.88578937100000e+02 0.00000000000000e+00
3.88644651300000e+02 0.00000000000000e+00
3.88710347600000e+02 0.00000000000000e+00
3.88776026100000e+02 0.00000000000000e+00
3.88841686700000e+02 0.00000000000000e+00
3.88907329500000e+02 0.00000000000000e+00
3.88972954500000e+02 0.00000000000000e+00
3.89038561600000e+02 0.00000000000000e+00
3.89104150900000e+02 0.00000000000000e+00
3.89169722300000e+02 0.00000000000000e+00
3.89235275800000e+02 0.00000000000000e+00
3.89300811400000e+02 0.00000000000000e+00
3.89366329200000e+02 0.00000000000000e+00
3.89431829100000e+02 0.00000000000000e+00
3.89497311100000e+02 0.00000000000000e+00
3.89562775200000e+02 0.00000000000000e+00
3.89628221400000e+02 0.00000000000000e+00
3.89693649700000e+02 0.00000000000000e+00
3.89759060100000e+02 0.00000000000000e+00
3.89824452600000e+02 0.00000000000000e+00
3.89889827100000e+02 0.00000000000000e+00
3.89955183800000e+02 0.00000000000000e+00
3.90020522500000e+02 0.00000000000000e+00
3.90085843200000e+02 0.00000000000000e+00
3.90151146000000e+02 0.00000000000000e+00
3.90216430900000e+02 0.00000000000000e+00
3.90281697800000e+02 0.00000000000000e+00
3.90346946800000e+02 0.00000000000000e+00
3.90412177800000e+02 0.00000000000000e+00
3.90477390800000e+02 0.00000000000000e+00
3.90542585800000e+02 0.00000000000000e+00
3.90607762900000e+02 0.00000000000000e+00
3.90672922000000e+02 0.00000000000000e+00
3.90738063100000e+02 0.00000000000000e+00
3.90803186200000e+02 0.00000000000000e+00
3.90868291300000e+02 0.00000000000000e+00
3.90933378400000e+02 0.00000000000000e+00
3.90998447500000e+02 0.00000000000000e+00
3.91063498500000e+02 0.00000000000000e+00
3.91128531600000e+02 0.00000000000000e+00
3.91193546600000e+02 0.00000000000000e+00
3.91258543600000e+02 0.00000000000000e+00
3.91323522500000e+02 0.00000000000000e+00
3.91388483400000e+02 0.00000000000000e+00
3.91453426300000e+02 0.00000000000000e+00
3.91518351100000e+02 0.00000000000000e+00
3.91583257800000e+02 0.00000000000000e+00
3.91648146500000e+02 0.00000000000000e+00
3.91713017100000e+02 0.00000000000000e+00
3.91777869600000e+02 0.00000000000000e+00
3.91842704100000e+02 0.00000000000000e+00
3.91907520400000e+02 0.00000000000000e+00
3.91972318700000e+02 0.00000000000000e+00
3.92037098800000e+02 0.00000000000000e+00
3.92101860900000e+02 0.00000000000000e+00
3.92166604900000e+02 0.00000000000000e+00
3.92231330700000e+02 0.00000000000000e+00
3.92296038400000e+02 0.00000000000000e+00
3.92360728000000e+02 0.00000000000000e+00
3.92425399500000e+02 0.00000000000000e+00
3.92490052900000e+02 0.00000000000000e+00
3.92554688100000e+02 0.00000000000000e+00
3.92619305100000e+02 0.00000000000000e+00
3.92683904000000e+02 0.00000000000000e+00
3.92748484800000e+02 0.00000000000000e+00
3.92813047400000e+02 0.00000000000000e+00
3.92877591800000e+02 0.00000000000000e+00
3.92942118000000e+02 0.00000000000000e+00
3.93006626100000e+02 0.00000000000000e+00
3.93071116000000e+02 0.00000000000000e+00
3.93135587700000e+02 0.00000000000000e+00
3.93200041200000e+02 0.00000000000000e+00
3.93264476500000e+02 0.00000000000000e+00
3.93328893600000e+02 0.00000000000000e+00
3.93393292500000e+02 0.00000000000000e+00
3.93457673200000e+02 0.00000000000000e+00
3.93522035600000e+02 0.00000000000000e+00
3.93586379900000e+02 0.00000000000000e+00
3.93650705900000e+02 0.00000000000000e+00
3.93715013600000e+02 0.00000000000000e+00
3.93779303200000e+02 0.00000000000000e+00
3.93843574500000e+02 0.00000000000000e+00
3.93907827500000e+02 0.00000000000000e+00
3.93972062300000e+02 0.00000000000000e+00
3.94036278800000e+02 0.00000000000000e+00
3.94100477000000e+02 0.00000000000000e+00
3.94164657000000e+02 0.00000000000000e+00
3.94228818700000e+02 0.00000000000000e+00
3.94292962100000e+02 0.00000000000000e+00
3.94357087200000e+02 0.00000000000000e+00
3.94421194000000e+02 0.00000000000000e+00
3.94485282500000e+02 0.00000000000000e+00
3.94549352700000e+02 0.00000000000000e+00
3.94613404600000e+02 0.00000000000000e+00
3.94677438200000e+02 0.00000000000000e+00
3.94741453500000e+02 0.00000000000000e+00
3.94805450400000e+02 0.00000000000000e+00
3.94869429000000e+02 0.00000000000000e+00
3.94933389300000e+02 0.00000000000000e+00
3.94997331200000e+02 0.00000000000000e+00
3.95061254800000e+02 0.00000000000000e+00
3.95125160100000e+02 0.00000000000000e+00
3.95189046900000e+02 0.00000000000000e+00
3.95252915400000e+02 0.00000000000000e+00
3.95316765600000e+02 0.00000000000000e+00
3.95380597300000e+02 0.00000000000000e+00
3.95444410700000e+02 0.00000000000000e+00
3.95508205700000e+02 0.00000000000000e+00
3.95571982300000e+02 0.00000000000000e+00
3.95635740500000e+02 0.00000000000000e+00
3.95699480300000e+02 0.00000000000000e+00
3.95763201700000e+02 0.00000000000000e+00
3.95826904700000e+02 0.00000000000000e+00
3.95890589300000e+02 0.00000000000000e+00
3.95954255400000e+02 0.00000000000000e+00
3.96017903100000e+02 0.00000000000000e+00
3.96081532400000e+02 0.00000000000000e+00
3.96145143300000e+02 0.00000000000000e+00
3.96208735700000e+02 0.00000000000000e+00
3.96272309600000e+02 0.00000000000000e+00
3.96335865100000e+02 0.00000000000000e+00
3.96399402100000e+02 0.00000000000000e+00
3.96462920700000e+02 0.00000000000000e+00
3.96526420800000e+02 0.00000000000000e+00
3.96589902400000e+02 0.00000000000000e+00
3.96653365600000e+02 0.00000000000000e+00
3.96716810200000e+02 0.00000000000000e+00
3.96780236400000e+02 0.00000000000000e+00
3.96843644100000e+02 0.00000000000000e+00
3.96907033200000e+02 0.00000000000000e+00
3.96970403900000e+02 0.00000000000000e+00
3.97033756000000e+02 0.00000000000000e+00
3.97097089600000e+02 0.00000000000000e+00
3.97160404700000e+02 0.00000000000000e+00
3.97223701300000e+02 0.00000000000000e+00
3.97286979300000e+02 0.00000000000000e+00
3.97350238800000e+02 0.00000000000000e+00
3.97413479800000e+02 0.00000000000000e+00
3.97476702200000e+02 0.00000000000000e+00
3.97539906000000e+02 0.00000000000000e+00
3.97603091300000e+02 0.00000000000000e+00
3.97666258000000e+02 0.00000000000000e+00
3.97729406100000e+02 0.00000000000000e+00
3.97792535700000e+02 0.00000000000000e+00
3.97855646700000e+02 0.00000000000000e+00
3.97918739100000e+02 0.00000000000000e+00
3.97981812900000e+02 0.00000000000000e+00
3.98044868100000e+02 0.00000000000000e+00
3.98107904600000e+02 0.00000000000000e+00
3.98170922600000e+02 0.00000000000000e+00
3.98233922000000e+02 0.00000000000000e+00
3.98296902700000e+02 0.00000000000000e+00
3.98359864900000e+02 0.00000000000000e+00
3.98422808400000e+02 0.00000000000000e+00
3.98485733200000e+02 0.00000000000000e+00
3.98548639400000e+02 0.00000000000000e+00
3.98611527000000e+02 0.00000000000000e+00
3.98674395900000e+02 0.00000000000000e+00
3.98737246100000e+02 0.00000000000000e+00
3.98800077700000e+02 0.00000000000000e+00
3.98862890700000e+02 0.00000000000000e+00
3.98925684900000e+02 0.00000000000000e+00
3.98988460500000e+02 0.00000000000000e+00
3.99051217400000e+02 0.00000000000000e+00
3.99113955600000e+02 0.00000000000000e+00
3.99176675100000e+02 0.00000000000000e+00
3.99239375900000e+02 0.00000000000000e+00
3.99302058000000e+02 0.00000000000000e+00
3.99364721300000e+02 0.00000000000000e+00
3.99427366000000e+02 0.00000000000000e+00
3.99489991900000e+02 0.00000000000000e+00
3.99552599200000e+02 0.00000000000000e+00
3.99615187600000e+02 0.00000000000000e+00
3.99677757400000e+02 0.00000000000000e+00
3.99740308400000e+02 0.00000000000000e+00
3.99802840700000e+02 0.00000000000000e+00
3.99865354200000e+02 0.00000000000000e+00
3.99927848900000e+02 0.00000000000000e+00
3.99990324900000e+02 0.00000000000000e+00
4.00052782100000e+02 0.00000000000000e+00
4.00115220500000e+02 0.00000000000000e+00
4.00177640200000e+02 0.00000000000000e+00
4.00240041000000e+02 0.00000000000000e+00
4.00302423100000e+02 0.00000000000000e+00
4.00364786400000e+02 0.00000000000000e+00
4.00427130900000e+02 0.00000000000000e+00
4.00489456500000e+02 0.00000000000000e+00
4.00551763400000e+02 0.00000000000000e+00
4.00614051400000e+02 0.00000000000000e+00
4.00676320600000e+02 0.00000000000000e+00
4.00738571000000e+02 0.00000000000000e+00
4.00800802600000e+02 0.00000000000000e+00
4.00863015300000e+02 0.00000000000000e+00
4.00925209100000e+02 0.00000000000000e+00
4.00987384200000e+02 0.00000000000000e+00
4.01049540300000e+02 0.00000000000000e+00
4.01111677600000e+02 0.00000000000000e+00
4.01173796100000e+02 0.00000000000000e+00
4.01235895600000e+02 0.00000000000000e+00
4.01297976300000e+02 0.00000000000000e+00
4.01360038100000e+02 0.00000000000000e+00
4.01422081000000e+02 0.00000000000000e+00
4.01484105100000e+02 0.00000000000000e+00
4.01546110200000e+02 0.00000000000000e+00
4.01608096400000e+02 0.00000000000000e+00
4.01670063700000e+02 0.00000000000000e+00
4.01732012100000e+02 0.00000000000000e+00
4.01793941600000e+02 0.00000000000000e+00
4.01855852200000e+02 0.00000000000000e+00
4.01917743800000e+02 0.00000000000000e+00
4.01979616500000e+02 0.00000000000000e+00
4.02041470200000e+02 0.00000000000000e+00
4.02103305000000e+02 0.00000000000000e+00
4.02165120900000e+02 0.00000000000000e+00
4.02226917800000e+02 0.00000000000000e+00
4.02288695700000e+02 0.00000000000000e+00
4.02350454700000e+02 0.00000000000000e+00
4.02412194700000e+02 0.00000000000000e+00
4.02473915700000e+02 0.00000000000000e+00
4.02535617700000e+02 0.00000000000000e+00
4.02597300800000e+02 0.00000000000000e+00
4.02658964800000e+02 0.00000000000000e+00
4.02720609900000e+02 0.00000000000000e+00
4.02782235900000e+02 0.00000000000000e+00
4.02843842900000e+02 0.00000000000000e+00
4.02905431000000e+02 0.00000000000000e+00
4.02967000000000e+02 0.00000000000000e+00
4.03028549900000e+02 0.00000000000000e+00
4.03090080900000e+02 0.00000000000000e+00
4.03151592800000e+02 0.00000000000000e+00
4.03213085600000e+02 0.00000000000000e+00
4.03274559400000e+02 0.00000000000000e+00
4.03336014200000e+02 0.00000000000000e+00
4.03397449900000e+02 0.00000000000000e+00
4.03458866500000e+02 0.00000000000000e+00
4.03520264100000e+02 0.00000000000000e+00
4.03581642600000e+02 0.00000000000000e+00
4.03643002000000e+02 0.00000000000000e+00
4.03704342300000e+02 0.00000000000000e+00
4.03765663600000e+02 0.00000000000000e+00
4.03826965700000e+02 0.00000000000000e+00
4.03888248800000e+02 0.00000000000000e+00
4.03949512700000e+02 0.00000000000000e+00
4.04010757500000e+02 0.00000000000000e+00
4.04071983200000e+02 0.00000000000000e+00
4.04133189800000e+02 0.00000000000000e+00
4.04194377300000e+02 0.00000000000000e+00
4.04255545600000e+02 0.00000000000000e+00
4.04316694800000e+02 0.00000000000000e+00
4.04377824800000e+02 0.00000000000000e+00
4.04438935700000e+02 0.00000000000000e+00
4.04500027500000e+02 0.00000000000000e+00
4.04561100100000e+02 0.00000000000000e+00
4.04622153500000e+02 0.00000000000000e+00
4.04683187700000e+02 0.00000000000000e+00
4.04744202800000e+02 0.00000000000000e+00
4.04805198700000e+02 0.00000000000000e+00
4.04866175400000e+02 0.00000000000000e+00
4.04927132900000e+02 0.00000000000000e+00
4.04988071200000e+02 0.00000000000000e+00
4.05048990300000e+02 0.00000000000000e+00
4.05109890200000e+02 0.00000000000000e+00
4.05170770900000e+02 0.00000000000000e+00
4.05231632400000e+02 0.00000000000000e+00
4.05292474600000e+02 0.00000000000000e+00
4.05353297600000e+02 0.00000000000000e+00
4.05414101400000e+02 0.00000000000000e+00
4.05474886000000e+02 0.00000000000000e+00
4.05535651300000e+02 0.00000000000000e+00
4.05596397300000e+02 0.00000000000000e+00
4.05657124100000e+02 0.00000000000000e+00
4.05717831600000e+02 0.00000000000000e+00
4.05778519900000e+02 0.00000000000000e+00
4.05839188900000e+02 0.00000000000000e+00
4.05899838600000e+02 0.00000000000000e+00
4.05960469000000e+02 0.00000000000000e+00
4.06021080200000e+02 0.00000000000000e+00
4.06081672000000e+02 0.00000000000000e+00
4.06142244600000e+02 0.00000000000000e+00
4.06202797800000e+02 0.00000000000000e+00
4.06263331800000e+02 0.00000000000000e+00
4.06323846400000e+02 0.00000000000000e+00
4.06384341700000e+02 0.00000000000000e+00
4.06444817700000e+02 0.00000000000000e+00
4.06505274300000e+02 0.00000000000000e+00
4.06565711600000e+02 0.00000000000000e+00
4.06626129600000e+02 0.00000000000000e+00
4.06686528200000e+02 0.00000000000000e+00
4.06746907500000e+02 0.00000000000000e+00
4.06807267400000e+02 0.00000000000000e+00
4.06867608000000e+02 0.00000000000000e+00
4.06927929200000e+02 0.00000000000000e+00
4.06988231000000e+02 0.00000000000000e+00
4.07048513400000e+02 0.00000000000000e+00
4.07108776500000e+02 0.00000000000000e+00
4.07169020100000e+02 0.00000000000000e+00
4.07229244400000e+02 0.00000000000000e+00
4.07289449300000e+02 0.00000000000000e+00
4.07349634700000e+02 0.00000000000000e+00
4.07409800800000e+02 0.00000000000000e+00
4.07469947400000e+02 0.00000000000000e+00
4.07530074600000e+02 0.00000000000000e+00
4.07590182400000e+02 0.00000000000000e+00
4.07650270800000e+02 0.00000000000000e+00
4.07710339700000e+02 0.00000000000000e+00
4.07770389200000e+02 0.00000000000000e+00
4.07830419200000e+02 0.00000000000000e+00
4.07890429800000e+02 0.00000000000000e+00
4.07950420900000e+02 0.00000000000000e+00
4.08010392500000e+02 0.00000000000000e+00
4.08070344700000e+02 0.00000000000000e+00
4.08130277400000e+02 0.00000000000000e+00
4.08190190600000e+02 0.00000000000000e+00
4.08250084400000e+02 0.00000000000000e+00
4.08309958600000e+02 0.00000000000000e+00
4.08369813400000e+02 0.00000000000000e+00
4.08429648600000e+02 0.00000000000000e+00
4.08489464400000e+02 0.00000000000000e+00
4.08549260600000e+02 0.00000000000000e+00
4.08609037300000e+02 0.00000000000000e+00
4.08668794500000e+02 0.00000000000000e+00
4.08728532200000e+02 0.00000000000000e+00
4.08788250300000e+02 0.00000000000000e+00
4.08847948900000e+02 0.00000000000000e+00
4.08907627900000e+02 0.00000000000000e+00
4.08967287400000e+02 0.00000000000000e+00
4.09026927400000e+02 0.00000000000000e+00
4.09086547800000e+02 0.00000000000000e+00
4.09146148600000e+02 0.00000000000000e+00
4.09205729800000e+02 0.00000000000000e+00
4.09265291500000e+02 0.00000000000000e+00
4.09324833600000e+02 0.00000000000000e+00
4.09384356100000e+02 0.00000000000000e+00
4.09443859000000e+02 0.00000000000000e+00
4.09503342300000e+02 0.00000000000000e+00
4.09562806000000e+02 0.00000000000000e+00
4.09622250100000e+02 0.00000000000000e+00
4.09681674600000e+02 0.00000000000000e+00
4.09741079500000e+02 0.00000000000000e+00
4.09800464700000e+02 0.00000000000000e+00
4.09859830300000e+02 0.00000000000000e+00
4.09919176300000e+02 0.00000000000000e+00
4.09978502700000e+02 0.00000000000000e+00
4.10037809400000e+02 0.00000000000000e+00
4.10097096400000e+02 0.00000000000000e+00
4.10156363800000e+02 0.00000000000000e+00
4.10215611500000e+02 0.00000000000000e+00
4.10274839600000e+02 0.00000000000000e+00
4.10334048000000e+02 0.00000000000000e+00
4.10393236700000e+02 0.00000000000000e+00
4.10452405700000e+02 0.00000000000000e+00
4.10511555000000e+02 0.00000000000000e+00
4.10570684700000e+02 0.00000000000000e+00
4.10629794600000e+02 0.00000000000000e+00
4.10688884900000e+02 0.00000000000000e+00
4.10747955400000e+02 0.00000000000000e+00
4.10807006200000e+02 0.00000000000000e+00
4.10866037300000e+02 0.00000000000000e+00
4.10925048700000e+02 0.00000000000000e+00
4.10984040300000e+02 0.00000000000000e+00
4.11043012200000e+02 0.00000000000000e+00
4.11101964400000e+02 0.00000000000000e+00
4.11160896800000e+02 0.00000000000000e+00
4.11219809400000e+02 0.00000000000000e+00
4.11278702300000e+02 0.00000000000000e+00
4.11337575500000e+02 0.00000000000000e+00
4.11396428800000e+02 0.00000000000000e+00
4.11455262400000e+02 0.00000000000000e+00
4.11514076300000e+02 0.00000000000000e+00
4.11572870300000e+02 0.00000000000000e+00
4.11631644500000e+02 0.00000000000000e+00
4.11690399000000e+02 0.00000000000000e+00
4.11749133600000e+02 0.00000000000000e+00
4.11807848500000e+02 0.00000000000000e+00
4.11866543500000e+02 0.00000000000000e+00
4.11925218700000e+02 0.00000000000000e+00
4.11983874100000e+02 0.00000000000000e+00
4.12042509700000e+02 0.00000000000000e+00
4.12101125400000e+02 0.00000000000000e+00
4.12159721300000e+02 0.00000000000000e+00
4.12218297400000e+02 0.00000000000000e+00
4.12276853600000e+02 0.00000000000000e+00
4.12335389900000e+02 0.00000000000000e+00
4.12393906400000e+02 0.00000000000000e+00
4.12452403000000e+02 0.00000000000000e+00
4.12510879800000e+02 0.00000000000000e+00
4.12569336700000e+02 0.00000000000000e+00
4.12627773700000e+02 0.00000000000000e+00
4.12686190800000e+02 0.00000000000000e+00
4.12744588000000e+02 0.00000000000000e+00
4.12802965300000e+02 0.00000000000000e+00
4.12861322800000e+02 0.00000000000000e+00
4.12919660300000e+02 0.00000000000000e+00
4.12977977900000e+02 0.00000000000000e+00
4.13036275600000e+02 0.00000000000000e+00
4.13094553300000e+02 0.00000000000000e+00
4.13152811200000e+02 0.00000000000000e+00
4.13211049100000e+02 0.00000000000000e+00
4.13269267000000e+02 0.00000000000000e+00
4.13327465100000e+02 0.00000000000000e+00
4.13385643100000e+02 0.00000000000000e+00
4.13443801200000e+02 0.00000000000000e+00
4.13501939400000e+02 0.00000000000000e+00
4.13560057600000e+02 0.00000000000000e+00
4.13618155800000e+02 0.00000000000000e+00
4.13676234000000e+02 0.00000000000000e+00
4.13734292300000e+02 0.00000000000000e+00
4.13792330500000e+02 0.00000000000000e+00
4.13850348800000e+02 0.00000000000000e+00
4.13908347100000e+02 0.00000000000000e+00
4.13966325400000e+02 0.00000000000000e+00
4.14024283600000e+02 0.00000000000000e+00
4.14082221900000e+02 0.00000000000000e+00
4.14140140100000e+02 0.00000000000000e+00
4.14198038300000e+02 0.00000000000000e+00
4.14255916500000e+02 0.00000000000000e+00
4.14313774600000e+02 0.00000000000000e+00
4.14371612700000e+02 0.00000000000000e+00
4.14429430800000e+02 0.00000000000000e+00
4.14487228800000e+02 0.00000000000000e+00
4.14545006700000e+02 0.00000000000000e+00
4.14602764600000e+02 0.00000000000000e+00
4.14660502400000e+02 0.00000000000000e+00
4.14718220200000e+02 0.00000000000000e+00
4.14775917900000e+02 0.00000000000000e+00
4.14833595400000e+02 0.00000000000000e+00
4.14891252900000e+02 0.00000000000000e+00
4.14948890300000e+02 0.00000000000000e+00
4.15006507600000e+02 0.00000000000000e+00
4.15064104800000e+02 0.00000000000000e+00
4.15121681900000e+02 0.00000000000000e+00
4.15179238900000e+02 0.00000000000000e+00
4.15236775700000e+02 0.00000000000000e+00
4.15294292400000e+02 0.00000000000000e+00
4.15351789000000e+02 0.00000000000000e+00
4.15409265500000e+02 0.00000000000000e+00
4.15466721800000e+02 0.00000000000000e+00
4.15524158000000e+02 0.00000000000000e+00
4.15581574000000e+02 0.00000000000000e+00
4.15638969800000e+02 0.00000000000000e+00
4.15696345500000e+02 0.00000000000000e+00
4.15753701000000e+02 0.00000000000000e+00
4.15811036400000e+02 0.00000000000000e+00
4.15868351600000e+02 0.00000000000000e+00
4.15925646500000e+02 0.00000000000000e+00
4.15982921300000e+02 0.00000000000000e+00
4.16040175900000e+02 0.00000000000000e+00
4.16097410300000e+02 0.00000000000000e+00
4.16154624500000e+02 0.00000000000000e+00
4.16211818500000e+02 0.00000000000000e+00
4.16268992200000e+02 0.00000000000000e+00
4.16326145800000e+02 0.00000000000000e+00
4.16383279100000e+02 0.00000000000000e+00
4.16440392200000e+02 0.00000000000000e+00
4.16497485000000e+02 0.00000000000000e+00
4.16554557600000e+02 0.00000000000000e+00
4.16611610000000e+02 0.00000000000000e+00
4.16668642000000e+02 0.00000000000000e+00
4.16725653900000e+02 0.00000000000000e+00
4.16782645400000e+02 0.00000000000000e+00
4.16839616700000e+02 0.00000000000000e+00
4.16896567800000e+02 0.00000000000000e+00
4.16953498500000e+02 0.00000000000000e+00
4.17010409000000e+02 0.00000000000000e+00
4.17067299100000e+02 0.00000000000000e+00
4.17124169000000e+02 0.00000000000000e+00
4.17181018500000e+02 0.00000000000000e+00
4.17237847800000e+02 0.00000000000000e+00
4.17294656700000e+02 0.00000000000000e+00
4.17351445400000e+02 0.00000000000000e+00
4.17408213700000e+02 0.00000000000000e+00
4.17464961600000e+02 0.00000000000000e+00
4.17521689300000e+02 0.00000000000000e+00
4.17578396600000e+02 0.00000000000000e+00
4.17635083500000e+02 0.00000000000000e+00
4.17691750100000e+02 0.00000000000000e+00
4.17748396400000e+02 0.00000000000000e+00
4.17805022300000e+02 0.00000000000000e+00
4.17861627800000e+02 0.00000000000000e+00
4.17918212900000e+02 0.00000000000000e+00
4.17974777700000e+02 0.00000000000000e+00
4.18031322100000e+02 0.00000000000000e+00
4.18087846100000e+02 0.00000000000000e+00
4.18144349700000e+02 0.00000000000000e+00
4.18200832900000e+02 0.00000000000000e+00
4.18257295700000e+02 0.00000000000000e+00
4.18313738100000e+02 0.00000000000000e+00
4.18370160100000e+02 0.00000000000000e+00
4.18426561600000e+02 0.00000000000000e+00
4.18482942800000e+02 0.00000000000000e+00
4.18539303500000e+02 0.00000000000000e+00
4.18595643700000e+02 0.00000000000000e+00
4.18651963500000e+02 0.00000000000000e+00
4.18708262900000e+02 0.00000000000000e+00
4.18764541900000e+02 0.00000000000000e+00
4.18820800300000e+02 0.00000000000000e+00
4.18877038300000e+02 0.00000000000000e+00
4.18933255900000e+02 0.00000000000000e+00
4.18989452900000e+02 0.00000000000000e+00
4.19045629500000e+02 0.00000000000000e+00
4.19101785600000e+02 0.00000000000000e+00
4.19157921200000e+02 0.00000000000000e+00
4.19214036400000e+02 0.00000000000000e+00
4.19270131000000e+02 0.00000000000000e+00
4.19326205100000e+02 0.00000000000000e+00
4.19382258700000e+02 0.00000000000000e+00
4.19438291800000e+02 0.00000000000000e+00
4.19494304400000e+02 0.00000000000000e+00
4.19550296400000e+02 0.00000000000000e+00
4.19606267900000e+02 0.00000000000000e+00
4.19662218900000e+02 0.00000000000000e+00
4.19718149300000e+02 0.00000000000000e+00
4.19774059200000e+02 0.00000000000000e+00
4.19829948500000e+02 0.00000000000000e+00
4.19885817300000e+02 0.00000000000000e+00
4.19941665500000e+02 0.00000000000000e+00
4.19997493100000e+02 0.00000000000000e+00
4.20053300200000e+02 0.00000000000000e+00
4.20109086700000e+02 0.00000000000000e+00
4.20164852600000e+02 0.00000000000000e+00
4.20220597900000e+02 0.00000000000000e+00
4.20276322600000e+02 0.00000000000000e+00
4.20332026700000e+02 0.00000000000000e+00
4.20387710200000e+02 0.00000000000000e+00
4.20443373100000e+02 0.00000000000000e+00
4.20499015300000e+02 0.00000000000000e+00
4.20554637000000e+02 0.00000000000000e+00
4.20610238000000e+02 0.00000000000000e+00
4.20665818400000e+02 0.00000000000000e+00
4.20721378100000e+02 0.00000000000000e+00
4.20776917200000e+02 0.00000000000000e+00
4.20832435700000e+02 0.00000000000000e+00
4.20887933500000e+02 0.00000000000000e+00
4.20943410600000e+02 0.00000000000000e+00
4.20998867100000e+02 0.00000000000000e+00
4.21054302900000e+02 0.00000000000000e+00
4.21109718000000e+02 0.00000000000000e+00
4.21165112500000e+02 0.00000000000000e+00
4.21220486200000e+02 0.00000000000000e+00
4.21275839300000e+02 0.00000000000000e+00
4.21331171700000e+02 0.00000000000000e+00
4.21386483300000e+02 0.00000000000000e+00
4.21441774300000e+02 0.00000000000000e+00
4.21497044500000e+02 0.00000000000000e+00
4.21552294100000e+02 0.00000000000000e+00
4.21607522900000e+02 0.00000000000000e+00
4.21662730900000e+02 0.00000000000000e+00
4.21717918300000e+02 0.00000000000000e+00
4.21773084900000e+02 0.00000000000000e+00
4.21828230700000e+02 0.00000000000000e+00
4.21883355800000e+02 0.00000000000000e+00
4.21938460200000e+02 0.00000000000000e+00
4.21993543700000e+02 0.00000000000000e+00
4.22048606600000e+02 0.00000000000000e+00
4.22103648600000e+02 0.00000000000000e+00
4.22158669900000e+02 0.00000000000000e+00
4.22213670400000e+02 0.00000000000000e+00
4.22268650000000e+02 0.00000000000000e+00
4.22323608900000e+02 0.00000000000000e+00
4.22378547000000e+02 0.00000000000000e+00
4.22433464300000e+02 0.00000000000000e+00
4.22488360800000e+02 0.00000000000000e+00
4.22543236500000e+02 0.00000000000000e+00
4.22598091400000e+02 0.00000000000000e+00
4.22652925400000e+02 0.00000000000000e+00
4.22707738600000e+02 0.00000000000000e+00
4.22762530900000e+02 0.00000000000000e+00
4.22817302400000e+02 0.00000000000000e+00
4.22872053100000e+02 0.00000000000000e+00
4.22926782900000e+02 0.00000000000000e+00
4.22981491900000e+02 0.00000000000000e+00
4.23036180000000e+02 0.00000000000000e+00
4.23090847200000e+02 0.00000000000000e+00
4.23145493600000e+02 0.00000000000000e+00
4.23200119000000e+02 0.00000000000000e+00
4.23254723600000e+02 0.00000000000000e+00
4.23309307300000e+02 0.00000000000000e+00
4.23363870100000e+02 0.00000000000000e+00
4.23418412100000e+02 0.00000000000000e+00
4.23472933100000e+02 0.00000000000000e+00
4.23527433100000e+02 0.00000000000000e+00
4.23581912300000e+02 0.00000000000000e+00
4.23636370600000e+02 0.00000000000000e+00
4.23690807900000e+02 0.00000000000000e+00
4.23745224300000e+02 0.00000000000000e+00
4.23799619700000e+02 0.00000000000000e+00
4.23853994200000e+02 0.00000000000000e+00
4.23908347800000e+02 0.00000000000000e+00
4.23962680400000e+02 0.00000000000000e+00
4.24016992100000e+02 0.00000000000000e+00
4.24071282700000e+02 0.00000000000000e+00
4.24125552500000e+02 0.00000000000000e+00
4.24179801200000e+02 0.00000000000000e+00
4.24234029000000e+02 0.00000000000000e+00
4.24288235700000e+02 0.00000000000000e+00
4.24342421500000e+02 0.00000000000000e+00
4.24396586300000e+02 0.00000000000000e+00
4.24450730100000e+02 0.00000000000000e+00
4.24504852900000e+02 0.00000000000000e+00
4.24558954600000e+02 0.00000000000000e+00
4.24613035400000e+02 0.00000000000000e+00
4.24667095100000e+02 0.00000000000000e+00
4.24721133800000e+02 0.00000000000000e+00
4.24775151400000e+02 0.00000000000000e+00
4.24829148100000e+02 0.00000000000000e+00
4.24883123600000e+02 0.00000000000000e+00
4.24937078200000e+02 0.00000000000000e+00
4.24991011600000e+02 0.00000000000000e+00
4.25044924000000e+02 0.00000000000000e+00
4.25098815400000e+02 0.00000000000000e+00
4.25152685700000e+02 0.00000000000000e+00
4.25206534900000e+02 0.00000000000000e+00
