2.78463139200000e+02 0.00000000000000e+00
2.78548940500000e+02 0.00000000000000e+00
2.78634731800000e+02 0.00000000000000e+00
2.78720512800000e+02 0.00000000000000e+00
2.78806283700000e+02 0.00000000000000e+00
2.78892044400000e+02 0.00000000000000e+00
2.78977794900000e+02 0.00000000000000e+00
2.79063535300000e+02 0.00000000000000e+00
2.79149265400000e+02 0.00000000000000e+00
2.79234985400000e+02 0.00000000000000e+00
2.79320695100000e+02 0.00000000000000e+00
2.79406394700000e+02 0.00000000000000e+00
2.79492084000000e+02 0.00000000000000e+00
2.79577763200000e+02 0.00000000000000e+00
2.79663432100000e+02 0.00000000000000e+00
2.79749090800000e+02 0.00000000000000e+00
2.79834739200000e+02 0.00000000000000e+00
2.79920377400000e+02 0.00000000000000e+00
2.80006005400000e+02 0.00000000000000e+00
2.80091623100000e+02 0.00000000000000e+00
2.80177230600000e+02 0.00000000000000e+00
2.80262827800000e+02 0.00000000000000e+00
2.80348414700000e+02 0.00000000000000e+00
2.80433991400000e+02 0.00000000000000e+00
2.80519557800000e+02 0.00000000000000e+00
2.80605113900000e+02 0.00000000000000e+00
2.80690659800000e+02 0.00000000000000e+00
2.80776195300000e+02 0.00000000000000e+00
2.80861720600000e+02 0.00000000000000e+00
2.80947235500000e+02 0.00000000000000e+00
2.81032740200000e+02 0.00000000000000e+00
2.81118234500000e+02 0.00000000000000e+00
2.81203718500000e+02 0.00000000000000e+00
2.81289192200000e+02 0.00000000000000e+00
2.81374655600000e+02 0.00000000000000e+00
2.81460108600000e+02 0.00000000000000e+00
2.81545551300000e+02 0.00000000000000e+00
2.81630983600000e+02 0.00000000000000e+00
2.81716405600000e+02 0.00000000000000e+00
2.81801817300000e+02 0.00000000000000e+00
2.81887218500000e+02 0.00000000000000e+00
2.81972609500000e+02 0.00000000000000e+00
2.82057990000000e+02 0.00000000000000e+00
2.82143360200000e+02 0.00000000000000e+00
2.82228720000000e+02 0.00000000000000e+00
2.82314069400000e+02 0.00000000000000e+00
2.82399408400000e+02 0.00000000000000e+00
2.82484737000000e+02 0.00000000000000e+00
2.82570055200000e+02 0.00000000000000e+00
2.82655363000000e+02 0.00000000000000e+00
2.82740660400000e+02 0.00000000000000e+00
2.82825947300000e+02 0.00000000000000e+00
2.82911223900000e+02 0.00000000000000e+00
2.82996490000000e+02 0.00000000000000e+00
2.83081745700000e+02 0.00000000000000e+00
2.83166990900000e+02 0.00000000000000e+00
2.83252225700000e+02 0.00000000000000e+00
2.83337450100000e+02 0.00000000000000e+00
2.83422663900000e+02 0.00000000000000e+00
2.83507867400000e+02 0.00000000000000e+00
2.83593060300000e+02 0.00000000000000e+00
2.83678242800000e+02 0.00000000000000e+00
2.83763414800000e+02 0.00000000000000e+00
2.83848576400000e+02 0.00000000000000e+00
2.83933727400000e+02 0.00000000000000e+00
2.84018867900000e+02 0.00000000000000e+00
2.84103998000000e+02 0.00000000000000e+00
2.84189117500000e+02 0.00000000000000e+00
2.84274226600000e+02 0.00000000000000e+00
2.84359325100000e+02 0.00000000000000e+00
2.84444413100000e+02 0.00000000000000e+00
2.84529490500000e+02 0.00000000000000e+00
2.84614557500000e+02 0.00000000000000e+00
2.84699613900000e+02 0.00000000000000e+00
2.84784659700000e+02 0.00000000000000e+00
2.84869695100000e+02 0.00000000000000e+00
2.84954719800000e+02 0.00000000000000e+00
2.85039734000000e+02 0.00000000000000e+00
2.85124737700000e+02 0.00000000000000e+00
2.85209730700000e+02 0.00000000000000e+00
2.85294713200000e+02 0.00000000000000e+00
2.85379685200000e+02 0.00000000000000e+00
2.85464646500000e+02 0.00000000000000e+00
2.85549597300000e+02 0.00000000000000e+00
2.85634537400000e+02 0.00000000000000e+00
2.85719467000000e+02 0.00000000000000e+00
2.85804385900000e+02 0.00000000000000e+00
2.85889294200000e+02 0.00000000000000e+00
2.85974192000000e+02 0.00000000000000e+00
2.86059079100000e+02 0.00000000000000e+00
2.86143955500000e+02 0.00000000000000e+00
2.86228821400000e+02 0.00000000000000e+00
2.86313676600000e+02 0.00000000000000e+00
2.86398521100000e+02 0.00000000000000e+00
2.86483355000000e+02 0.00000000000000e+00
2.86568178300000e+02 0.00000000000000e+00
2.86652990900000e+02 0.00000000000000e+00
2.86737792800000e+02 0.00000000000000e+00
2.86822584100000e+02 0.00000000000000e+00
2.86907364700000e+02 0.00000000000000e+00
2.86992134600000e+02 0.00000000000000e+00
2.87076893800000e+02 0.00000000000000e+00
2.87161642300000e+02 0.00000000000000e+00
2.87246380200000e+02 0.00000000000000e+00
2.87331107300000e+02 0.00000000000000e+00
2.87415823700000e+02 0.00000000000000e+00
2.87500529400000e+02 0.00000000000000e+00
2.87585224400000e+02 0.00000000000000e+00
2.87669908700000e+02 0.00000000000000e+00
2.87754582200000e+02 0.00000000000000e+00
2.87839245000000e+02 0.00000000000000e+00
2.87923897100000e+02 0.00000000000000e+00
2.88008538400000e+02 0.00000000000000e+00
2.88093169000000e+02 0.00000000000000e+00
2.88177788800000e+02 0.00000000000000e+00
2.88262397900000e+02 0.00000000000000e+00
2.88346996200000e+02 0.00000000000000e+00
2.88431583700000e+02 0.00000000000000e+00
2.88516160400000e+02 0.00000000000000e+00
2.88600726400000e+02 0.00000000000000e+00
2.88685281600000e+02 0.00000000000000e+00
2.88769826000000e+02 0.00000000000000e+00
2.88854359500000e+02 0.00000000000000e+00
2.88938882300000e+02 0.00000000000000e+00
2.89023394300000e+02 0.00000000000000e+00
2.89107895500000e+02 0.00000000000000e+00
2.89192385800000e+02 0.00000000000000e+00
2.89276865300000e+02 0.00000000000000e+00
2.89361334000000e+02 0.00000000000000e+00
2.89445791900000e+02 0.00000000000000e+00
2.89530238900000e+02 0.00000000000000e+00
2.89614675000000e+02 0.00000000000000e+00
2.89699100300000e+02 0.00000000000000e+00
2.89783514800000e+02 0.00000000000000e+00
2.89867918400000e+02 0.00000000000000e+00
2.89952311100000e+02 0.00000000000000e+00
2.90036693000000e+02 0.00000000000000e+00
2.90121064000000e+02 0.00000000000000e+00
2.90205424000000e+02 0.00000000000000e+00
2.90289773300000e+02 0.00000000000000e+00
2.90374111600000e+02 0.00000000000000e+00
2.90458439000000e+02 0.00000000000000e+00
2.90542755500000e+02 0.00000000000000e+00
2.90627061100000e+02 0.00000000000000e+00
2.90711355800000e+02 0.00000000000000e+00
2.90795639500000e+02 0.00000000000000e+00
2.90879912300000e+02 0.00000000000000e+00
2.90964174300000e+02 0.00000000000000e+00
2.91048425200000e+02 0.00000000000000e+00
2.91132665200000e+02 0.00000000000000e+00
2.91216894300000e+02 0.00000000000000e+00
2.91301112400000e+02 0.00000000000000e+00
2.91385319600000e+02 0.00000000000000e+00
2.91469515800000e+02 0.00000000000000e+00
2.91553701000000e+02 0.00000000000000e+00
2.91637875300000e+02 0.00000000000000e+00
2.91722038600000e+02 0.00000000000000e+00
2.91806190900000e+02 0.00000000000000e+00
2.91890332200000e+02 0.00000000000000e+00
2.91974462500000e+02 0.00000000000000e+00
2.92058581800000e+02 0.00000000000000e+00
2.92142690100000e+02 0.00000000000000e+00
2.92226787400000e+02 0.00000000000000e+00
2.92310873700000e+02 0.00000000000000e+00
2.92394948900000e+02 0.00000000000000e+00
2.92479013100000e+02 0.00000000000000e+00
2.92563066300000e+02 0.00000000000000e+00
2.92647108500000e+02 0.00000000000000e+00
2.92731139600000e+02 0.00000000000000e+00
2.92815159700000e+02 0.00000000000000e+00
2.92899168700000e+02 0.00000000000000e+00
2.92983166600000e+02 0.00000000000000e+00
2.93067153500000e+02 0.00000000000000e+00
2.93151129300000e+02 0.00000000000000e+00
2.93235094000000e+02 0.00000000000000e+00
2.93319047700000e+02 0.00000000000000e+00
2.93402990300000e+02 0.00000000000000e+00
2.93486921700000e+02 0.00000000000000e+00
2.93570842100000e+02 0.00000000000000e+00
2.93654751400000e+02 0.00000000000000e+00
2.93738649600000e+02 0.00000000000000e+00
2.93822536600000e+02 0.00000000000000e+00
2.93906412600000e+02 0.00000000000000e+00
2.93990277400000e+02 0.00000000000000e+00
2.94074131100000e+02 0.00000000000000e+00
2.94157973600000e+02 0.00000000000000e+00
2.94241805000000e+02 4.72508314776967e-27
2.94325625300000e+02 2.63741340008175e-27
2.94409434400000e+02 2.15904140490703e-27
2.94493232400000e+02 2.00104496579913e-27
2.94577019200000e+02 1.90545334016875e-27
2.94660794800000e+02 1.78119824038365e-27
2.94744559300000e+02 1.78368438187864e-27
2.94828312600000e+02 1.78906333921227e-27
2.94912054700000e+02 2.13883949910582e-27
2.94995785600000e+02 2.12821173528089e-27
2.95079505300000e+02 2.20024343777295e-27
2.95163213800000e+02 2.34927705012436e-27
2.95246911200000e+02 2.51739161366591e-27
2.95330597300000e+02 2.63251277174298e-27
2.95414272200000e+02 2.90397822791438e-27
2.95497935800000e+02 3.49217931585440e-27
2.95581588300000e+02 3.64717402355552e-27
2.95665229500000e+02 3.27422727268907e-27
2.95748859500000e+02 2.75614732931370e-27
2.95832478200000e+02 2.26856533287210e-27
2.95916085700000e+02 1.93487281443449e-27
2.95999682000000e+02 1.73914735266662e-27
2.96083267000000e+02 1.64983198350390e-27
2.96166840700000e+02 1.62578341970169e-27
2.96250403200000e+02 1.71499202507504e-27
2.96333954400000e+02 1.97733373617358e-27
2.96417494300000e+02 2.38297406552439e-27
2.96501022900000e+02 2.78916069042818e-27
2.96584540200000e+02 3.14264389676053e-27
2.96668046300000e+02 3.44231229955338e-27
2.96751541000000e+02 3.68773177110360e-27
2.96835024400000e+02 3.80292393670777e-27
2.96918496600000e+02 3.79801047029295e-27
2.97001957400000e+02 3.79773815123122e-27
2.97085406900000e+02 3.81735134798857e-27
2.97168845000000e+02 3.74527978846531e-27
2.97252271800000e+02 3.59552466164750e-27
2.97335687300000e+02 3.42904628937060e-27
2.97419091500000e+02 3.23268409013905e-27
2.97502484300000e+02 2.95346571103898e-27
2.97585865700000e+02 2.67571620544225e-27
2.97669235800000e+02 2.52516874680332e-27
2.97752594600000e+02 2.50779083272109e-27
2.97835941900000e+02 2.60015032036469e-27
2.97919277900000e+02 2.83313500510409e-27
2.98002602500000e+02 3.20714637731971e-27
2.98085915700000e+02 3.69258997988610e-27
2.98169217500000e+02 4.19521256613306e-27
2.98252508000000e+02 4.64013982635785e-27
2.98335787000000e+02 4.94637108622003e-27
2.98419054600000e+02 5.10761610392386e-27
2.98502310800000e+02 5.10500258992872e-27
2.98585555600000e+02 4.89270714947608e-27
2.98668789000000e+02 4.52802248347145e-27
2.98752010900000e+02 4.11423453490981e-27
2.98835221500000e+02 3.72764598897932e-27
2.98918420500000e+02 3.42308876512216e-27
2.99001608200000e+02 3.23866863100511e-27
2.99084784300000e+02 3.19797055339265e-27
2.99167949100000e+02 3.28635360957546e-27
2.99251102300000e+02 3.38897936302314e-27
2.99334244100000e+02 3.42420124327587e-27
2.99417374400000e+02 3.38186997861616e-27
2.99500493300000e+02 3.34145031177765e-27
2.99583600700000e+02 3.37102228841854e-27
2.99666696500000e+02 3.51452340157226e-27
2.99749780900000e+02 3.82091079393806e-27
2.99832853800000e+02 4.28950919406963e-27
2.99915915200000e+02 4.79679507712448e-27
2.99998965100000e+02 5.28539970390612e-27
3.00082003500000e+02 5.59525193257421e-27
3.00165030300000e+02 5.60597063096417e-27
3.00248045600000e+02 5.33080031248767e-27
3.00331049400000e+02 4.95404099577660e-27
3.00414041700000e+02 4.63661869142031e-27
3.00497022400000e+02 4.40160637371584e-27
3.00579991600000e+02 4.22105073473007e-27
3.00662949200000e+02 4.11451687222924e-27
3.00745895300000e+02 4.05020426084712e-27
3.00828829800000e+02 3.98696488780431e-27
3.00911752700000e+02 3.88428710009002e-27
3.00994664100000e+02 3.69306218566352e-27
3.01077563900000e+02 3.45473976404519e-27
3.01160452100000e+02 3.24920046366341e-27
3.01243328700000e+02 3.15181262954585e-27
3.01326193800000e+02 3.16766110464772e-27
3.01409047200000e+02 3.28610489031750e-27
3.01491889000000e+02 3.55088711807615e-27
3.01574719200000e+02 4.00526799280704e-27
3.01657537800000e+02 4.68984502607975e-27
3.01740344800000e+02 5.60008621966005e-27
3.01823140200000e+02 6.57520656006235e-27
3.01905923900000e+02 7.20363510713525e-27
3.01988696000000e+02 7.37433384875852e-27
3.02071456400000e+02 7.25712438717858e-27
3.02154205200000e+02 7.03281092330071e-27
3.02236942400000e+02 6.58511258487112e-27
3.02319667800000e+02 5.94280001110512e-27
3.02402381700000e+02 5.31943768065127e-27
3.02485083800000e+02 4.86669270170634e-27
3.02567774300000e+02 4.51597956703691e-27
3.02650453100000e+02 4.26653100181691e-27
3.02733120200000e+02 4.05351914413216e-27
3.02815775700000e+02 3.80623868885470e-27
3.02898419400000e+02 3.59837402205995e-27
3.02981051400000e+02 3.49035433716068e-27
3.03063671800000e+02 3.43835957344461e-27
3.03146280400000e+02 3.38586354104778e-27
3.03228877300000e+02 3.33415296934907e-27
3.03311462500000e+02 3.33240938492752e-27
3.03394035900000e+02 3.49740599806478e-27
3.03476597600000e+02 3.87506793713396e-27
3.03559147600000e+02 4.28094447402252e-27
3.03641685900000e+02 4.58722292082635e-27
3.03724212400000e+02 4.87009866435009e-27
3.03806727100000e+02 5.20341033999653e-27
3.03889230100000e+02 5.42568814648951e-27
3.03971721300000e+02 5.39081757920492e-27
3.04054200700000e+02 5.20518349684849e-27
3.04136668400000e+02 5.04163060089855e-27
3.04219124300000e+02 4.88489176209032e-27
3.04301568400000e+02 4.71981123867197e-27
3.04384000700000e+02 4.58710050650846e-27
3.04466421200000e+02 4.54816694391638e-27
3.04548829900000e+02 4.56151572670383e-27
3.04631226800000e+02 4.53824587917264e-27
3.04713611900000e+02 4.47734445236319e-27
3.04795985200000e+02 4.43428322723190e-27
3.04878346700000e+02 4.30060151950539e-27
3.04960696300000e+02 3.98786650144429e-27
3.05043034100000e+02 3.66803490232607e-27
3.05125360000000e+02 3.53276451901898e-27
3.05207674200000e+02 3.52692508051608e-27
3.05289976400000e+02 3.58163519493186e-27
3.05372266800000e+02 3.81692071945941e-27
3.05454545400000e+02 4.32420528680253e-27
3.05536812000000e+02 4.92980080559598e-27
3.05619066800000e+02 5.41234533058924e-27
3.05701309800000e+02 5.68273477265573e-27
3.05783540800000e+02 5.75277007662083e-27
3.05865760000000e+02 5.62170558624039e-27
3.05947967300000e+02 5.25679905588282e-27
3.06030162600000e+02 4.75050752357904e-27
3.06112346100000e+02 4.25358270374878e-27
3.06194517600000e+02 3.90094419743650e-27
3.06276677300000e+02 3.78903015565919e-27
3.06358825000000e+02 3.92513829831130e-27
3.06440960800000e+02 4.18001196861399e-27
3.06523084700000e+02 4.39004836117930e-27
3.06605196600000e+02 4.43566251637260e-27
3.06687296600000e+02 4.34564740065915e-27
3.06769384700000e+02 4.19175515695508e-27
3.06851460800000e+02 3.97374318268291e-27
3.06933524900000e+02 3.71437709505209e-27
3.07015577100000e+02 3.50236185056314e-27
3.07097617300000e+02 3.40215881054801e-27
3.07179645500000e+02 3.43884275156030e-27
3.07261661800000e+02 3.58687789045568e-27
3.07343666100000e+02 3.73039002322423e-27
3.07425658400000e+02 3.77204531086009e-27
3.07507638700000e+02 3.76655099445883e-27
3.07589607000000e+02 3.78221184035927e-27
3.07671563300000e+02 3.77426034675906e-27
3.07753507500000e+02 3.71609510911071e-27
3.07835439800000e+02 3.71901597338128e-27
3.07917360000000e+02 3.85549004733826e-27
3.07999268300000e+02 3.99581743933896e-27
3.08081164500000e+02 4.03820832418538e-27
3.08163048600000e+02 3.99777874652690e-27
3.08244920700000e+02 3.89236840656101e-27
3.08326780800000e+02 3.72279569446084e-27
3.08408628800000e+02 3.51567389422210e-27
3.08490464700000e+02 3.32556565619344e-27
3.08572288600000e+02 3.19746235968772e-27
3.08654100400000e+02 3.16838587087751e-27
3.08735900200000e+02 3.29569494526447e-27
3.08817687900000e+02 3.60427562340586e-27
3.08899463400000e+02 4.07284232369977e-27
3.08981226900000e+02 4.62180501914364e-27
3.09062978300000e+02 5.10959613846148e-27
3.09144717600000e+02 5.37390593332731e-27
3.09226444800000e+02 5.43995642714371e-27
3.09308159900000e+02 5.38335943245808e-27
3.09389862800000e+02 5.25664544459278e-27
3.09471553700000e+02 4.95449952767409e-27
3.09553232400000e+02 4.57052738567281e-27
3.09634899000000e+02 4.40196034824644e-27
3.09716553400000e+02 4.58437220946306e-27
3.09798195700000e+02 4.94881761099197e-27
3.09879825900000e+02 5.26758910023486e-27
3.09961443800000e+02 5.42720493392870e-27
3.10043049700000e+02 5.43109021806522e-27
3.10124643400000e+02 5.28363909060695e-27
3.10206224900000e+02 4.94721544313361e-27
3.10287794200000e+02 4.47927704865387e-27
3.10369351300000e+02 3.93530981222597e-27
3.10450896300000e+02 3.40842243329277e-27
3.10532429000000e+02 3.00702026599075e-27
3.10613949600000e+02 2.77391913140313e-27
3.10695458000000e+02 2.66624671447454e-27
3.10776954100000e+02 2.63790039536825e-27
3.10858438100000e+02 2.64269160800868e-27
3.10939909800000e+02 2.67129205959399e-27
3.11021369300000e+02 2.72924310113540e-27
3.11102816600000e+02 2.82164289486228e-27
3.11184251600000e+02 2.90339059730040e-27
3.11265674400000e+02 2.93804466940954e-27
3.11347085000000e+02 2.97368430247685e-27
3.11428483300000e+02 3.06770689137814e-27
3.11509869300000e+02 3.20876040956009e-27
3.11591243100000e+02 3.35669718313645e-27
3.11672604600000e+02 3.50968924691217e-27
3.11753953900000e+02 3.68439423173031e-27
3.11835290900000e+02 3.82047579798206e-27
3.11916615600000e+02 3.86105327818721e-27
3.11997928000000e+02 3.80943311488850e-27
3.12079228100000e+02 3.71046009206160e-27
3.12160515900000e+02 3.61758947710104e-27
3.12241791400000e+02 3.56554386573506e-27
3.12323054600000e+02 3.50938407704139e-27
3.12404305500000e+02 3.41521951502417e-27
3.12485544000000e+02 3.31449952769800e-27
3.12566770300000e+02 3.26326922427592e-27
3.12647984200000e+02 3.23212619867747e-27
3.12729185800000e+02 3.15292482583660e-27
3.12810375000000e+02 3.05034289703596e-27
3.12891551900000e+02 2.99972744036048e-27
3.12972716400000e+02 3.04042978568400e-27
3.13053868600000e+02 3.14268322679949e-27
3.13135008400000e+02 3.27405574775888e-27
3.13216135900000e+02 3.36292574452981e-27
3.13297250900000e+02 3.38834751102369e-27
3.13378353600000e+02 3.36195411700951e-27
3.13459443900000e+02 3.28622716413713e-27
3.13540521900000e+02 3.13313741844045e-27
3.13621587400000e+02 2.91851094005413e-27
3.13702640500000e+02 2.71232013622994e-27
3.13783681300000e+02 2.55977092144282e-27
3.13864709600000e+02 2.46133386845916e-27
3.13945725500000e+02 2.47515802492437e-27
3.14026728900000e+02 2.66777048515799e-27
3.14107720000000e+02 3.00320076376019e-27
3.14188698600000e+02 3.34831101640315e-27
3.14269664800000e+02 3.61718096985377e-27
3.14350618500000e+02 3.80039207399071e-27
3.14431559800000e+02 3.90371747676461e-27
3.14512488700000e+02 3.87400699428757e-27
3.14593405000000e+02 3.66561001668529e-27
3.14674309000000e+02 3.34882595986994e-27
3.14755200400000e+02 3.05105682867278e-27
3.14836079400000e+02 2.83316910320507e-27
3.14916945900000e+02 2.68451592651201e-27
3.14997799900000e+02 2.58743187926031e-27
3.15078641400000e+02 2.55182810689677e-27
3.15159470400000e+02 2.58069138145557e-27
3.15240286900000e+02 2.65134068591021e-27
3.15321090900000e+02 2.75996498254010e-27
3.15401882400000e+02 2.91536122731905e-27
3.15482661400000e+02 3.12314292678780e-27
3.15563427900000e+02 3.35532926059032e-27
3.15644181800000e+02 3.57254008793067e-27
3.15724923200000e+02 3.75068130837980e-27
3.15805652100000e+02 3.91069658772493e-27
3.15886368400000e+02 4.01815547430625e-27
3.15967072200000e+02 4.02288734848156e-27
3.16047763400000e+02 3.89923059946068e-27
3.16128442000000e+02 3.70049931886921e-27
3.16209108100000e+02 3.49542028778859e-27
3.16289761600000e+02 3.29808700146720e-27
3.16370402600000e+02 3.09686446909071e-27
3.16451030900000e+02 2.92277279709594e-27
3.16531646700000e+02 2.82297545242110e-27
3.16612249900000e+02 2.77653613761850e-27
3.16692840500000e+02 2.72864144973878e-27
3.16773418400000e+02 2.65160345951920e-27
3.16853983800000e+02 2.55828600692379e-27
3.16934536600000e+02 2.46754717405788e-27
3.17015076700000e+02 2.36425344097886e-27
3.17095604200000e+02 2.26197020354733e-27
3.17176119100000e+02 2.20094628295799e-27
3.17256621400000e+02 2.20016532754506e-27
3.17337111000000e+02 2.22765663015390e-27
3.17417588000000e+02 2.28664957112041e-27
3.17498052300000e+02 2.41021601230107e-27
3.17578503900000e+02 2.62279060251727e-27
3.17658942900000e+02 2.90784391437910e-27
3.17739369300000e+02 3.20856926413701e-27
3.17819782900000e+02 3.49437712427464e-27
3.17900183900000e+02 3.74263577716128e-27
3.17980572200000e+02 3.91637574876525e-27
3.18060947800000e+02 3.98483881489957e-27
3.18141310700000e+02 3.92950898385524e-27
3.18221661000000e+02 3.77851492310256e-27
3.18301998500000e+02 3.56453694229835e-27
3.18382323300000e+02 3.33541142012598e-27
3.18462635400000e+02 3.12404993994309e-27
3.18542934700000e+02 2.94244965607335e-27
3.18623221400000e+02 2.77721148832001e-27
3.18703495300000e+02 2.64828927199957e-27
3.18783756500000e+02 2.60747853454668e-27
3.18864004900000e+02 2.67036862996552e-27
3.18944240600000e+02 2.81620379087819e-27
3.19024463500000e+02 3.00171797760292e-27
3.19104673700000e+02 3.18520131488388e-27
3.19184871100000e+02 3.34557077933209e-27
3.19265055800000e+02 3.47541765443253e-27
3.19345227700000e+02 3.57189916776502e-27
3.19425386700000e+02 3.61398213754213e-27
3.19505533100000e+02 3.55669866341022e-27
3.19585666600000e+02 3.44297519756263e-27
3.19665787300000e+02 3.36651126151470e-27
3.19745895200000e+02 3.33481552891233e-27
3.19825990400000e+02 3.26806728617841e-27
3.19906072700000e+02 3.12386092038607e-27
3.19986142200000e+02 2.96596155151146e-27
3.20066198800000e+02 2.83987153887124e-27
3.20146242700000e+02 2.70598489260669e-27
3.20226273700000e+02 2.52752606672890e-27
3.20306291900000e+02 2.35485340095576e-27
3.20386297200000e+02 2.22074268459651e-27
3.20466289700000e+02 2.12740333336981e-27
3.20546269300000e+02 2.09537925148358e-27
3.20626236100000e+02 2.15931706025693e-27
3.20706190000000e+02 2.29754584325236e-27
3.20786131000000e+02 2.48890515835894e-27
3.20866059200000e+02 2.72103673992988e-27
3.20945974500000e+02 2.97974303448058e-27
3.21025876900000e+02 3.22444534676366e-27
3.21105766400000e+02 3.43744023548527e-27
3.21185643000000e+02 3.57887203864834e-27
3.21265506700000e+02 3.62951030591104e-27
3.21345357500000e+02 3.60018586791230e-27
3.21425195400000e+02 3.52580975976931e-27
3.21505020400000e+02 3.41075317606565e-27
3.21584832400000e+02 3.23222127618384e-27
3.21664631500000e+02 3.02988542028706e-27
3.21744417700000e+02 2.86960839231785e-27
3.21824191000000e+02 2.76358131474287e-27
3.21903951300000e+02 2.69920751219547e-27
3.21983698600000e+02 2.67293721165012e-27
3.22063433000000e+02 2.68142432929114e-27
3.22143154500000e+02 2.70645487509444e-27
3.22222862900000e+02 2.76838910747907e-27
3.22302558400000e+02 2.87935556543759e-27
3.22382240900000e+02 2.99200210878603e-27
3.22461910500000e+02 3.09369172876174e-27
3.22541567000000e+02 3.23123687221820e-27
3.22621210600000e+02 3.40088413609102e-27
3.22700841200000e+02 3.53278165748857e-27
3.22780458700000e+02 3.57209386591140e-27
3.22860063300000e+02 3.53682625919176e-27
3.22939654800000e+02 3.46535274912516e-27
3.23019233300000e+02 3.38907397621382e-27
3.23098798800000e+02 3.31692133452333e-27
3.23178351300000e+02 3.26924745136664e-27
3.23257890700000e+02 3.24407505993327e-27
3.23337417100000e+02 3.25235593346345e-27
3.23416930500000e+02 3.26590239120566e-27
3.23496430700000e+02 3.24872679112022e-27
3.23575918000000e+02 3.19167367678611e-27
3.23655392200000e+02 3.09621098414768e-27
3.23734853300000e+02 2.97052424855270e-27
3.23814301300000e+02 2.82553661068615e-27
3.23893736300000e+02 2.70149636229634e-27
3.23973158100000e+02 2.64678784190862e-27
3.24052566900000e+02 2.63522266210642e-27
3.24131962600000e+02 2.59927800869191e-27
3.24211345200000e+02 2.55996112005814e-27
3.24290714700000e+02 2.58116863867235e-27
3.24370071100000e+02 2.67908021046577e-27
3.24449414300000e+02 2.84894550199452e-27
3.24528744500000e+02 3.05287136304516e-27
3.24608061500000e+02 3.23539764505290e-27
3.24687365400000e+02 3.37441906607119e-27
3.24766656100000e+02 3.48731764004694e-27
3.24845933700000e+02 3.56541466132281e-27
3.24925198200000e+02 3.57030411181189e-27
3.25004449500000e+02 3.49312335355315e-27
3.25083687600000e+02 3.37556579171174e-27
3.25162912600000e+02 3.26641235706242e-27
3.25242124400000e+02 3.14188420430123e-27
3.25321323000000e+02 2.99414871239187e-27
3.25400508500000e+02 2.83045226579052e-27
3.25479680800000e+02 2.66233098641052e-27
3.25558839900000e+02 2.47852134901303e-27
3.25637985800000e+02 2.29681153327148e-27
3.25717118400000e+02 2.16271238763396e-27
3.25796237900000e+02 2.09972506565875e-27
3.25875344200000e+02 2.08548873720543e-27
3.25954437300000e+02 2.08818035952521e-27
3.26033517100000e+02 2.10893054774859e-27
3.26112583700000e+02 2.16242790947487e-27
3.26191637100000e+02 2.24274577124129e-27
3.26270677200000e+02 2.31561577836951e-27
3.26349704100000e+02 2.34089240431753e-27
3.26428717700000e+02 2.32992662341539e-27
3.26507718100000e+02 2.31153563723667e-27
3.26586705300000e+02 2.28787300863688e-27
3.26665679100000e+02 2.24792034606827e-27
3.26744639700000e+02 2.21981877117026e-27
3.26823587000000e+02 2.24934121699818e-27
3.26902521100000e+02 2.33093076594201e-27
3.26981441800000e+02 2.42008565791401e-27
3.27060349300000e+02 2.51102441137195e-27
3.27139243500000e+02 2.60915088036537e-27
3.27218124300000e+02 2.67370045366091e-27
3.27296991900000e+02 2.67757023609222e-27
3.27375846100000e+02 2.63859507273796e-27
3.27454687000000e+02 2.60223605686636e-27
3.27533514600000e+02 2.57140881659026e-27
3.27612328900000e+02 2.53145758821313e-27
3.27691129800000e+02 2.49999364995344e-27
3.27769917400000e+02 2.48513806882290e-27
3.27848691700000e+02 2.46590031490165e-27
3.27927452600000e+02 2.45053153998662e-27
3.28006200100000e+02 2.44607288978828e-27
3.28084934300000e+02 2.42667101781418e-27
3.28163655100000e+02 2.39568283019457e-27
3.28242362600000e+02 2.39252408983080e-27
3.28321056700000e+02 2.44294954751165e-27
3.28399737300000e+02 2.53121803724255e-27
3.28478404600000e+02 2.60982921467503e-27
3.28557058600000e+02 2.66067843149335e-27
3.28635699100000e+02 2.67959847190501e-27
3.28714326200000e+02 2.66177791416946e-27
3.28792939900000e+02 2.60615471372572e-27
3.28871540100000e+02 2.50474759030085e-27
3.28950127000000e+02 2.37078351356348e-27
3.29028700400000e+02 2.22729574700931e-27
3.29107260500000e+02 2.09078396386451e-27
3.29185807000000e+02 1.98099360173697e-27
3.29264340200000e+02 1.91015647397020e-27
3.29342859800000e+02 1.85786956480886e-27
3.29421366100000e+02 1.80804136557563e-27
3.29499858900000e+02 1.77160264249201e-27
3.29578338200000e+02 1.75840562624028e-27
3.29656804000000e+02 1.75380793261998e-27
3.29735256400000e+02 1.74375483817539e-27
3.29813695300000e+02 1.74611321851869e-27
3.29892120700000e+02 1.79103909307631e-27
3.29970532600000e+02 1.87313509864396e-27
3.30048931000000e+02 1.95943393145435e-27
3.30127316000000e+02 2.04549748075074e-27
3.30205687400000e+02 2.16798616785371e-27
3.30284045300000e+02 2.34938553866020e-27
3.30362389700000e+02 2.54681570565623e-27
3.30440720600000e+02 2.67440518194976e-27
3.30519037900000e+02 2.71867863170853e-27
3.30597341700000e+02 2.71968946795912e-27
3.30675632000000e+02 2.70107654285149e-27
3.30753908700000e+02 2.62890933262796e-27
3.30832171900000e+02 2.48919862296743e-27
3.30910421600000e+02 2.33285332766354e-27
3.30988657600000e+02 2.21711832722340e-27
3.31066880200000e+02 2.15291736463660e-27
3.31145089100000e+02 2.14186248447165e-27
3.31223284500000e+02 2.17296310941426e-27
3.31301466300000e+02 2.22014394590215e-27
3.31379634500000e+02 2.24649314478347e-27
3.31457789100000e+02 2.24988491407371e-27
3.31535930100000e+02 2.23990067865194e-27
3.31614057500000e+02 2.22044705424077e-27
3.31692171300000e+02 2.18620122522567e-27
3.31770271500000e+02 2.16020383500887e-27
3.31848358100000e+02 2.17864863602421e-27
3.31926431100000e+02 2.25908422223474e-27
3.32004490400000e+02 2.37891864418409e-27
3.32082536100000e+02 2.48829362909659e-27
3.32160568200000e+02 2.54802368850326e-27
3.32238586600000e+02 2.54987375012236e-27
3.32316591300000e+02 2.52181523477431e-27
3.32394582500000e+02 2.47807249885967e-27
3.32472559900000e+02 2.40267890425036e-27
3.32550523700000e+02 2.32220328265924e-27
3.32628473800000e+02 2.28861325654932e-27
3.32706410200000e+02 2.30672156177038e-27
3.32784333000000e+02 2.33520471709130e-27
3.32862242100000e+02 2.34947258384745e-27
3.32940137500000e+02 2.35390089504560e-27
3.33018019100000e+02 2.35385613679122e-27
3.33095887100000e+02 2.34564014771864e-27
3.33173741400000e+02 2.34144295123134e-27
3.33251582000000e+02 2.38828322878804e-27
3.33329408800000e+02 2.48398915602765e-27
3.33407221900000e+02 2.57445980625566e-27
3.33485021300000e+02 2.62702117266861e-27
3.33562806900000e+02 2.65411378678998e-27
3.33640578900000e+02 2.65832640687355e-27
3.33718337000000e+02 2.64372594591102e-27
3.33796081400000e+02 2.60511116718835e-27
3.33873812100000e+02 2.54400652717263e-27
3.33951529000000e+02 2.49037008006729e-27
3.34029232100000e+02 2.44438510218838e-27
3.34106921500000e+02 2.39578782590985e-27
3.34184597100000e+02 2.32011924075304e-27
3.34262258900000e+02 2.23250299835856e-27
3.34339906900000e+02 2.14735791247741e-27
3.34417541100000e+02 2.08729866339789e-27
3.34495161500000e+02 2.09368687555661e-27
3.34572768100000e+02 2.20738140252265e-27
3.34650360900000e+02 2.40114703898428e-27
3.34727939900000e+02 2.57842316260542e-27
3.34805505100000e+02 2.67971589590362e-27
3.34883056400000e+02 2.70270562606717e-27
3.34960594000000e+02 2.67931417975877e-27
3.35038117600000e+02 2.60023105941887e-27
3.35115627500000e+02 2.43333616983558e-27
3.35193123500000e+02 2.21818566185147e-27
3.35270605600000e+02 2.03839095589060e-27
3.35348073900000e+02 1.92077673358686e-27
3.35425528300000e+02 1.85543891423578e-27
3.35502968900000e+02 1.85270764677198e-27
3.35580395500000e+02 1.92039064391931e-27
3.35657808300000e+02 2.06782657789236e-27
3.35735207200000e+02 2.30314490973334e-27
3.35812592300000e+02 2.59530308333842e-27
3.35889963400000e+02 2.87793559210714e-27
3.35967320600000e+02 3.06456607159667e-27
3.36044663900000e+02 3.12325524593643e-27
3.36121993400000e+02 3.06148701120206e-27
3.36199308800000e+02 2.91873064862624e-27
3.36276610400000e+02 2.71691746871787e-27
3.36353898100000e+02 2.49048144297063e-27
3.36431171800000e+02 2.31181033303524e-27
3.36508431600000e+02 2.23875772304845e-27
3.36585677400000e+02 2.26650573879526e-27
3.36662909300000e+02 2.36692556650147e-27
3.36740127200000e+02 2.49717543543074e-27
3.36817331200000e+02 2.62631010061182e-27
3.36894521200000e+02 2.75581510688540e-27
3.36971697200000e+02 2.87886570624016e-27
3.37048859300000e+02 2.94486300805746e-27
3.37126007400000e+02 2.91873898250840e-27
3.37203141500000e+02 2.81615682573577e-27
3.37280261600000e+02 2.66865731902836e-27
3.37357367700000e+02 2.48439031243020e-27
3.37434459800000e+02 2.26397407365217e-27
3.37511537900000e+02 2.07810897053767e-27
3.37588602000000e+02 1.99054354891040e-27
3.37665652100000e+02 2.02169288309458e-27
3.37742688100000e+02 2.15496501420959e-27
3.37819710100000e+02 2.33240875169156e-27
3.37896718100000e+02 2.47782019601580e-27
3.37973712100000e+02 2.58579656230091e-27
3.38050692000000e+02 2.66391268161024e-27
3.38127657800000e+02 2.69817488099268e-27
3.38204609600000e+02 2.62389060904759e-27
3.38281547400000e+02 2.46346550100898e-27
3.38358471000000e+02 2.30722831272560e-27
3.38435380700000e+02 2.21876456696813e-27
3.38512276200000e+02 2.16201668026194e-27
3.38589157600000e+02 2.09241696679301e-27
3.38666025000000e+02 2.02769130034790e-27
3.38742878200000e+02 2.00748880888549e-27
3.38819717400000e+02 2.06711865599783e-27
3.38896542500000e+02 2.19653874217267e-27
3.38973353400000e+02 2.35850363017404e-27
3.39050150300000e+02 2.51354540633431e-27
3.39126933000000e+02 2.64164530929979e-27
3.39203701600000e+02 2.73491516915816e-27
3.39280456100000e+02 2.75988321718815e-27
3.39357196400000e+02 2.71068934888124e-27
3.39433922600000e+02 2.57939364384496e-27
3.39510634600000e+02 2.38643792979539e-27
3.39587332500000e+02 2.18053501101440e-27
3.39664016300000e+02 2.00404192708679e-27
3.39740685800000e+02 1.86191533647353e-27
3.39817341200000e+02 1.76747644941180e-27
3.39893982500000e+02 1.72953409350004e-27
3.39970609500000e+02 1.74305491254798e-27
3.40047222400000e+02 1.79971499286139e-27
3.40123821100000e+02 1.88918300010243e-27
3.40200405600000e+02 2.00749605705864e-27
3.40276975900000e+02 2.13690357292044e-27
3.40353532000000e+02 2.25366872814136e-27
3.40430073900000e+02 2.35660890798877e-27
3.40506601500000e+02 2.44301968115606e-27
3.40583115000000e+02 2.49715937696696e-27
3.40659614200000e+02 2.50666150250385e-27
3.40736099200000e+02 2.48039752038002e-27
3.40812569900000e+02 2.44879262173256e-27
3.40889026400000e+02 2.42573943656236e-27
3.40965468700000e+02 2.43744359348230e-27
3.41041896700000e+02 2.50768614547075e-27
3.41118310400000e+02 2.61485570251510e-27
3.41194709900000e+02 2.72394178033582e-27
3.41271095100000e+02 2.80477742880930e-27
3.41347466100000e+02 2.84373952851235e-27
3.41423822800000e+02 2.83099938061600e-27
3.41500165100000e+02 2.75993817747177e-27
3.41576493200000e+02 2.62619365116202e-27
3.41652807000000e+02 2.42395223445068e-27
3.41729106500000e+02 2.20189418326073e-27
3.41805391700000e+02 2.03677961047191e-27
3.41881662600000e+02 1.95496635199990e-27
3.41957919100000e+02 1.93505249631297e-27
3.42034161400000e+02 1.96443193476469e-27
3.42110389300000e+02 2.02745109972614e-27
3.42186602900000e+02 2.10222161527979e-27
3.42262802100000e+02 2.17656133872487e-27
3.42338987000000e+02 2.25906326571758e-27
3.42415157600000e+02 2.33411808858594e-27
3.42491313700000e+02 2.35399047361126e-27
3.42567455600000e+02 2.29780768174599e-27
3.42643583000000e+02 2.19097804101370e-27
3.42719696100000e+02 2.08119011320078e-27
3.42795794900000e+02 1.98359263900278e-27
3.42871879200000e+02 1.89448939057392e-27
3.42947949200000e+02 1.83580805959219e-27
3.43024004700000e+02 1.82959049538282e-27
3.43100045900000e+02 1.86055551755753e-27
3.43176072700000e+02 1.88517307872819e-27
3.43252085000000e+02 1.90228481795719e-27
3.43328083000000e+02 1.91639042227039e-27
3.43404066500000e+02 1.93860487527332e-27
3.43480035600000e+02 1.94616860799326e-27
3.43555990300000e+02 1.93215487332678e-27
3.43631930500000e+02 1.96494502745808e-27
3.43707856300000e+02 2.11653487909508e-27
3.43783767700000e+02 2.38392493837580e-27
3.43859664600000e+02 2.67085864368165e-27
3.43935547000000e+02 2.90804346182067e-27
3.44011415000000e+02 3.09664248819960e-27
3.44087268600000e+02 3.25998047644248e-27
3.44163107600000e+02 3.36906695001988e-27
3.44238932200000e+02 3.34618753770066e-27
3.44314742300000e+02 3.20664165320117e-27
3.44390537900000e+02 3.02213780234436e-27
3.44466319000000e+02 2.83088489682547e-27
3.44542085600000e+02 2.61476281090840e-27
3.44617837700000e+02 2.39293645013310e-27
3.44693575300000e+02 2.20509709408268e-27
3.44769298400000e+02 2.04838427386478e-27
3.44845007000000e+02 1.92195629258471e-27
3.44920701000000e+02 1.85950681975804e-27
3.44996380500000e+02 1.87743406211769e-27
3.45072045500000e+02 1.92460771194900e-27
3.45147696000000e+02 1.94123403857498e-27
3.45223331800000e+02 1.93036085527253e-27
3.45298953200000e+02 1.91851131219205e-27
3.45374560000000e+02 1.91070915480968e-27
3.45450152200000e+02 1.89486582215429e-27
3.45525729800000e+02 1.87651764601585e-27
3.45601292900000e+02 1.88881713201257e-27
3.45676841400000e+02 1.94515945708418e-27
3.45752375300000e+02 2.04798416463697e-27
3.45827894700000e+02 2.17462534934198e-27
3.45903399400000e+02 2.30802216522124e-27
3.45978889500000e+02 2.37986564649430e-27
3.46054365100000e+02 2.37261429086794e-27
3.46129826000000e+02 2.32284305626843e-27
3.46205272300000e+02 2.28659337014880e-27
3.46280704000000e+02 2.27010607363687e-27
3.46356121000000e+02 2.23474270917776e-27
3.46431523400000e+02 2.16206915671917e-27
3.46506911200000e+02 2.08323961264287e-27
3.46582284400000e+02 2.02499101647258e-27
3.46657642900000e+02 1.98547030231318e-27
3.46732986700000e+02 1.92296426425136e-27
3.46808315900000e+02 1.83149947185705e-27
3.46883630400000e+02 1.76418306512897e-27
3.46958930300000e+02 1.76336298119516e-27
3.47034215400000e+02 1.82206345425348e-27
3.47109485900000e+02 1.92407916674725e-27
3.47184741700000e+02 2.07615920078108e-27
3.47259982900000e+02 2.27048917494272e-27
3.47335209300000e+02 2.46559859528830e-27
3.47410421000000e+02 2.60195991434746e-27
3.47485618000000e+02 2.65096505105463e-27
3.47560800300000e+02 2.61508747383586e-27
3.47635967900000e+02 2.51346661517859e-27
3.47711120800000e+02 2.35234068191236e-27
3.47786258900000e+02 2.15135501331881e-27
3.47861382300000e+02 1.94222857750806e-27
3.47936491000000e+02 1.77531244565733e-27
3.48011584900000e+02 1.68634726715087e-27
3.48086664100000e+02 1.67068643107020e-27
3.48161728500000e+02 1.68815691992256e-27
3.48236778200000e+02 1.71136275661546e-27
3.48311813100000e+02 1.72519376637697e-27
3.48386833200000e+02 1.72137281262168e-27
3.48461838600000e+02 1.69973374784593e-27
3.48536829100000e+02 1.67242020587187e-27
3.48611804900000e+02 1.67633770641686e-27
3.48686765900000e+02 1.73347067691842e-27
3.48761712100000e+02 1.83571343823980e-27
3.48836643500000e+02 1.96003651169839e-27
3.48911560000000e+02 2.08812254007458e-27
3.48986461800000e+02 2.21511769491804e-27
3.49061348800000e+02 2.31406708407100e-27
3.49136220900000e+02 2.35911905420322e-27
3.49211078200000e+02 2.34904509887093e-27
3.49285920600000e+02 2.31854549221035e-27
3.49360748300000e+02 2.31408811699723e-27
3.49435561000000e+02 2.32625601413315e-27
3.49510359000000e+02 2.31382704401005e-27
3.49585142000000e+02 2.26784106068778e-27
3.49659910200000e+02 2.21234172807081e-27
3.49734663600000e+02 2.14791420521313e-27
3.49809402000000e+02 2.07240848317660e-27
3.49884125600000e+02 1.98496575069455e-27
3.49958834300000e+02 1.88176784475492e-27
3.50033528200000e+02 1.77488057425804e-27
3.50108207100000e+02 1.70062850424492e-27
3.50182871100000e+02 1.67037475126413e-27
3.50257520200000e+02 1.66464350740030e-27
3.50332154500000e+02 1.66932106729675e-27
3.50406773800000e+02 1.66720759173090e-27
3.50481378100000e+02 1.65753030460483e-27
3.50555967600000e+02 1.67073479408006e-27
3.50630542100000e+02 1.72205332278752e-27
3.50705101700000e+02 1.80618323093670e-27
3.50779646400000e+02 1.89815015570196e-27
3.50854176100000e+02 1.96827933910768e-27
3.50928690800000e+02 2.03197419019242e-27
3.51003190600000e+02 2.11964870832422e-27
3.51077675400000e+02 2.24317859727037e-27
3.51152145300000e+02 2.35736410578640e-27
3.51226600200000e+02 2.40923860629417e-27
3.51301040100000e+02 2.39263177891372e-27
3.51375465000000e+02 2.33825838543008e-27
3.51449874900000e+02 2.26337332085752e-27
3.51524269900000e+02 2.15892637960946e-27
3.51598649800000e+02 2.04167475471567e-27
3.51673014700000e+02 1.92785402249525e-27
3.51747364700000e+02 1.85047420983253e-27
3.51821699600000e+02 1.83051311578754e-27
3.51896019400000e+02 1.86653531087650e-27
3.51970324300000e+02 1.93571489849342e-27
3.52044614100000e+02 2.04373736263235e-27
3.52118888900000e+02 2.19423280910014e-27
3.52193148700000e+02 2.38087024871571e-27
3.52267393400000e+02 2.56568691784261e-27
3.52341623000000e+02 2.73419638981157e-27
3.52415837600000e+02 2.86174931551174e-27
3.52490037100000e+02 2.92572704228441e-27
3.52564221500000e+02 2.90787555698861e-27
3.52638390900000e+02 2.80458384815228e-27
3.52712545200000e+02 2.65712436807807e-27
3.52786684400000e+02 2.46873989852732e-27
3.52860808500000e+02 2.25593299257226e-27
3.52934917600000e+02 2.06871564802709e-27
3.53009011500000e+02 1.94926819721613e-27
3.53083090300000e+02 1.87309858793755e-27
3.53157154000000e+02 1.80407898413229e-27
3.53231202600000e+02 1.74720545720454e-27
3.53305236000000e+02 1.70915534153066e-27
3.53379254400000e+02 1.68467344711719e-27
3.53453257600000e+02 1.65016981036514e-27
3.53527245600000e+02 1.60517046559775e-27
3.53601218500000e+02 1.56669317938600e-27
3.53675176300000e+02 1.54926158711607e-27
3.53749118900000e+02 1.55821825370140e-27
3.53823046400000e+02 1.58651308121747e-27
3.53896958700000e+02 1.61773009035133e-27
3.53970855800000e+02 1.63312751437088e-27
3.54044737700000e+02 1.63112559695388e-27
3.54118604500000e+02 1.62812290782632e-27
3.54192456000000e+02 1.62596733021365e-27
3.54266292400000e+02 1.61282950910704e-27
3.54340113600000e+02 1.58341818329656e-27
3.54413919600000e+02 1.55340725954542e-27
3.54487710300000e+02 1.54201510612669e-27
3.54561485900000e+02 1.54708368524454e-27
3.54635246200000e+02 1.55154980334172e-27
3.54708991300000e+02 1.54543455760890e-27
3.54782721200000e+02 1.53584915883567e-27
3.54856435800000e+02 1.53524330067252e-27
3.54930135200000e+02 1.54127108871239e-27
3.55003819400000e+02 1.55186555650272e-27
3.55077488300000e+02 1.58268970891292e-27
3.55151142000000e+02 1.64323112451061e-27
3.55224780300000e+02 1.71539477390067e-27
3.55298403500000e+02 1.77257408136396e-27
3.55372011300000e+02 1.82083829919134e-27
3.55445603900000e+02 1.86506018607467e-27
3.55519181200000e+02 1.89884366522195e-27
3.55592743200000e+02 1.91274449885230e-27
3.55666289900000e+02 1.88514244295261e-27
3.55739821300000e+02 1.83623776835889e-27
3.55813337400000e+02 1.78077516677050e-27
3.55886838200000e+02 1.71925964927444e-27
3.55960323700000e+02 1.64600189339695e-27
3.56033793800000e+02 1.57021747194535e-27
3.56107248600000e+02 1.52993813107205e-27
3.56180688100000e+02 1.56804717540183e-27
3.56254112300000e+02 1.68957279534510e-27
3.56327521100000e+02 1.83654830366309e-27
3.56400914600000e+02 1.96685343681211e-27
3.56474292700000e+02 2.07951857866756e-27
3.56547655500000e+02 2.20083162912974e-27
3.56621002900000e+02 2.34396506329651e-27
3.56694334900000e+02 2.47776729878021e-27
3.56767651600000e+02 2.55577174852782e-27
3.56840952800000e+02 2.57001863690504e-27
3.56914238700000e+02 2.56604502542482e-27
3.56987509200000e+02 2.55849878153224e-27
3.57060764400000e+02 2.53341007979416e-27
3.57134004100000e+02 2.44920388745182e-27
3.57207228400000e+02 2.29303655992938e-27
3.57280437200000e+02 2.11515766692799e-27
3.57353630700000e+02 1.95375902379102e-27
3.57426808800000e+02 1.81743577731249e-27
3.57499971400000e+02 1.71511062303186e-27
3.57573118600000e+02 1.67307055153409e-27
3.57646250300000e+02 1.68497751256326e-27
3.57719366700000e+02 1.74874073783766e-27
3.57792467500000e+02 1.87273543184909e-27
3.57865552900000e+02 2.03155736945047e-27
3.57938622900000e+02 2.16960157092306e-27
3.58011677300000e+02 2.25485278580338e-27
3.58084716400000e+02 2.30759684806248e-27
3.58157739900000e+02 2.38027676378652e-27
3.58230748000000e+02 2.47182415293954e-27
3.58303740500000e+02 2.52622397458465e-27
3.58376717600000e+02 2.53490672675082e-27
3.58449679200000e+02 2.54509853032961e-27
3.58522625300000e+02 2.56359600911507e-27
3.58595555800000e+02 2.56853060500500e-27
3.58668470900000e+02 2.52441293705756e-27
3.58741370400000e+02 2.41107315746996e-27
3.58814254500000e+02 2.24398545582446e-27
3.58887123000000e+02 2.05669606592172e-27
3.58959975900000e+02 1.88515709652038e-27
3.59032813300000e+02 1.75636514627754e-27
3.59105635200000e+02 1.66759732771734e-27
3.59178441500000e+02 1.59044551152728e-27
3.59251232300000e+02 1.52699504502359e-27
3.59324007500000e+02 1.48333666042044e-27
3.59396767100000e+02 1.45855852527429e-27
3.59469511200000e+02 1.43407226397047e-27
3.59542239700000e+02 1.39403253738207e-27
3.59614952600000e+02 1.33913336809140e-27
3.59687649900000e+02 1.28583046457537e-27
3.59760331600000e+02 1.24708579434916e-27
3.59832997800000e+02 1.23526910202185e-27
3.59905648300000e+02 1.25741270006651e-27
3.59978283200000e+02 1.30839449198870e-27
3.60050902500000e+02 1.37970903103039e-27
3.60123506200000e+02 1.47334910215476e-27
3.60196094300000e+02 1.59168591671916e-27
3.60268666700000e+02 1.73175429403924e-27
3.60341223500000e+02 1.86014519259406e-27
3.60413764600000e+02 1.95873786393077e-27
3.60486290100000e+02 2.03666988246082e-27
3.60558800000000e+02 2.12923181014831e-27
3.60631294200000e+02 2.23490984263182e-27
3.60703772700000e+02 2.30199050911215e-27
3.60776235600000e+02 2.31435821693878e-27
3.60848682800000e+02 2.28681668694528e-27
3.60921114300000e+02 2.25591726826288e-27
3.60993530100000e+02 2.22108375246842e-27
3.61065930300000e+02 2.15712841631144e-27
3.61138314700000e+02 2.05591817515712e-27
3.61210683500000e+02 1.93017894433471e-27
3.61283036500000e+02 1.81182959642835e-27
3.61355373800000e+02 1.73366754352112e-27
3.61427695500000e+02 1.71903547737341e-27
3.61500001400000e+02 1.76944904947270e-27
3.61572291500000e+02 1.87409050720620e-27
3.61644566000000e+02 2.00453515762309e-27
3.61716824700000e+02 2.11523318224964e-27
3.61789067600000e+02 2.18796740475153e-27
3.61861294800000e+02 2.22648713940057e-27
3.61933506300000e+02 2.23113526156453e-27
3.62005702000000e+02 2.17661971274903e-27
3.62077881900000e+02 2.04896799152083e-27
3.62150046100000e+02 1.88223699493547e-27
3.62222194500000e+02 1.72777287013489e-27
3.62294327100000e+02 1.59473987928732e-27
3.62366443900000e+02 1.47426256405889e-27
3.62438545000000e+02 1.37470591522226e-27
3.62510630200000e+02 1.30054554629234e-27
3.62582699700000e+02 1.24407275128738e-27
3.62654753300000e+02 1.21612661023590e-27
3.62726791100000e+02 1.25356034841443e-27
3.62798813100000e+02 1.37723788978971e-27
3.62870819300000e+02 1.55943717538047e-27
3.62942809700000e+02 1.73662305927516e-27
3.63014784200000e+02 1.87755738590745e-27
3.63086742900000e+02 1.98731090735708e-27
3.63158685700000e+02 2.07456197634981e-27
3.63230612700000e+02 2.11545434698076e-27
3.63302523800000e+02 2.07434650045055e-27
3.63374419100000e+02 1.97093016301174e-27
3.63446298500000e+02 1.85586152837786e-27
3.63518162100000e+02 1.75986686077244e-27
3.63590009700000e+02 1.67308173601080e-27
3.63661841500000e+02 1.58455286859273e-27
3.63733657400000e+02 1.50731443494684e-27
3.63805457400000e+02 1.44770446941409e-27
3.63877241500000e+02 1.41019891919732e-27
3.63949009700000e+02 1.39605018888462e-27
3.64020762000000e+02 1.41142944085005e-27
3.64092498400000e+02 1.45298775364576e-27
3.64164218900000e+02 1.51302730386820e-27
3.64235923400000e+02 1.58299200253550e-27
3.64307612000000e+02 1.65718427533844e-27
3.64379284700000e+02 1.74115707109939e-27
3.64450941400000e+02 1.83819754550713e-27
3.64522582200000e+02 1.93752460339108e-27
3.64594207100000e+02 2.01266345950100e-27
3.64665816000000e+02 2.05592221438036e-27
3.64737408900000e+02 2.06791927997676e-27
3.64808985800000e+02 2.06360519798036e-27
3.64880546800000e+02 2.03913723581096e-27
3.64952091800000e+02 1.96219473608580e-27
3.65023620900000e+02 1.84270331786648e-27
3.65095133900000e+02 1.71942521057842e-27
3.65166631000000e+02 1.60937412929788e-27
3.65238112000000e+02 1.51375370721673e-27
3.65309577000000e+02 1.43141919499703e-27
3.65381026100000e+02 1.36261588522713e-27
3.65452459100000e+02 1.30843136453830e-27
3.65523876100000e+02 1.26902206570524e-27
3.65595277100000e+02 1.23898065396055e-27
3.65666662000000e+02 1.21566963512637e-27
3.65738030900000e+02 1.19706054464063e-27
3.65809383800000e+02 1.18127868311626e-27
3.65880720600000e+02 1.17442801446997e-27
3.65952041400000e+02 1.18164508953117e-27
3.66023346100000e+02 1.20306989776993e-27
3.66094634700000e+02 1.23400806034650e-27
3.66165907300000e+02 1.26531520979730e-27
3.66237163800000e+02 1.28942587645148e-27
3.66308404200000e+02 1.30995809115058e-27
3.66379628600000e+02 1.33164812058187e-27
3.66450836800000e+02 1.35203162988532e-27
3.66522029000000e+02 1.37253221569750e-27
3.66593205000000e+02 1.39584554724321e-27
3.66664365000000e+02 1.42678772839235e-27
3.66735508800000e+02 1.46056420875746e-27
3.66806636500000e+02 1.48119471079058e-27
3.66877748100000e+02 1.47797850426852e-27
3.66948843600000e+02 1.46068034617560e-27
3.67019923000000e+02 1.44204209722024e-27
3.67090986200000e+02 1.41851610286684e-27
3.67162033200000e+02 1.38159396688634e-27
3.67233064100000e+02 1.33663812431925e-27
3.67304078900000e+02 1.30610385447604e-27
3.67375077500000e+02 1.30844873961644e-27
3.67446059900000e+02 1.34511891373788e-27
3.67517026200000e+02 1.40160200305026e-27
3.67587976300000e+02 1.45895560000053e-27
3.67658910200000e+02 1.52104973980386e-27
3.67729828000000e+02 1.59298389955836e-27
3.67800729500000e+02 1.66098310225929e-27
3.67871614800000e+02 1.70771343805554e-27
3.67942484000000e+02 1.72826356991026e-27
3.68013336900000e+02 1.73400892883071e-27
3.68084173600000e+02 1.73401930684895e-27
3.68154994100000e+02 1.72325428956246e-27
3.68225798400000e+02 1.70671304249442e-27
3.68296586500000e+02 1.70778856835543e-27
3.68367358300000e+02 1.73557835526137e-27
3.68438113900000e+02 1.78152262959985e-27
3.68508853200000e+02 1.83046606017733e-27
3.68579576300000e+02 1.86689575625787e-27
3.68650283100000e+02 1.87729995552288e-27
3.68720973700000e+02 1.84920089445336e-27
3.68791648000000e+02 1.78953413700472e-27
3.68862306000000e+02 1.70232563021463e-27
3.68932947800000e+02 1.59201673703506e-27
3.69003573200000e+02 1.47866176142251e-27
3.69074182400000e+02 1.38732023290646e-27
3.69144775300000e+02 1.32504054701385e-27
3.69215351900000e+02 1.27796117169331e-27
3.69285912200000e+02 1.24713917171954e-27
3.69356456200000e+02 1.23371635159153e-27
3.69426983900000e+02 1.23177567685181e-27
3.69497495200000e+02 1.22760529571971e-27
3.69567990300000e+02 1.20520247735443e-27
3.69638469000000e+02 1.16716817312346e-27
3.69708931300000e+02 1.12948161157900e-27
3.69779377400000e+02 1.10577462295693e-27
3.69849807000000e+02 1.09744750535071e-27
3.69920220400000e+02 1.10055259355697e-27
3.69990617300000e+02 1.12037298584447e-27
3.70060997900000e+02 1.16918197658396e-27
3.70131362200000e+02 1.25822354949320e-27
3.70201710100000e+02 1.38341029309715e-27
3.70272041500000e+02 1.53285760990172e-27
3.70342356700000e+02 1.68500403969054e-27
3.70412655400000e+02 1.82447847943064e-27
3.70482937700000e+02 1.95259020556296e-27
3.70553203600000e+02 2.05640770671347e-27
3.70623453200000e+02 2.12869053858144e-27
3.70693686300000e+02 2.14741426420615e-27
3.70763903000000e+02 2.09161990387066e-27
3.70834103200000e+02 1.98340340411101e-27
3.70904287100000e+02 1.84917055291439e-27
3.70974454500000e+02 1.70541839877888e-27
3.71044605500000e+02 1.54723296441688e-27
3.71114740000000e+02 1.38219439256308e-27
3.71184858100000e+02 1.23378473589667e-27
3.71254959800000e+02 1.12213420540370e-27
3.71325045000000e+02 1.05286690845668e-27
3.71395113700000e+02 1.01398869199760e-27
3.71465165900000e+02 1.00600016125218e-27
3.71535201700000e+02 1.04396554295491e-27
3.71605221000000e+02 1.14034392781407e-27
3.71675223800000e+02 1.29501269650739e-27
3.71745210100000e+02 1.48063975551589e-27
3.71815180000000e+02 1.65722079738692e-27
3.71885133300000e+02 1.81799949296084e-27
3.71955070100000e+02 1.95360855937560e-27
3.72024990400000e+02 2.04726990770755e-27
3.72094894200000e+02 2.06833585754851e-27
3.72164781500000e+02 2.00305459371540e-27
3.72234652300000e+02 1.87840648656313e-27
3.72304506500000e+02 1.74682092616080e-27
3.72374344100000e+02 1.63544326371299e-27
3.72444165300000e+02 1.54822700145468e-27
3.72513969900000e+02 1.48440909148709e-27
3.72583757900000e+02 1.43684318152126e-27
3.72653529400000e+02 1.40087023121331e-27
3.72723284300000e+02 1.37913593119292e-27
3.72793022600000e+02 1.37929142540928e-27
3.72862744400000e+02 1.38411607916988e-27
3.72932449500000e+02 1.38305080039852e-27
3.73002138100000e+02 1.40347063675668e-27
3.73071810100000e+02 1.48184028128331e-27
3.73141465500000e+02 1.62100853442267e-27
3.73211104300000e+02 1.79595313887357e-27
3.73280726500000e+02 1.97122829914409e-27
3.73350332100000e+02 2.13393169109684e-27
3.73419921100000e+02 2.27321395642052e-27
3.73489493400000e+02 2.35027706228901e-27
3.73559049100000e+02 2.34768182509528e-27
3.73628588200000e+02 2.25994279246380e-27
3.73698110700000e+02 2.10625828102792e-27
3.73767616500000e+02 1.93165288136484e-27
3.73837105600000e+02 1.75541085143257e-27
3.73906578100000e+02 1.58831052970466e-27
3.73976033900000e+02 1.45333364034939e-27
3.74045473100000e+02 1.38654643002226e-27
3.74114895600000e+02 1.38577951373898e-27
3.74184301400000e+02 1.43190938735199e-27
3.74253690500000e+02 1.52490598522920e-27
3.74323063000000e+02 1.64575990579158e-27
3.74392418700000e+02 1.76424349583346e-27
3.74461757800000e+02 1.87361107790067e-27
3.74531080100000e+02 1.98160745368531e-27
3.74600385800000e+02 2.09762656584512e-27
3.74669674700000e+02 2.19618917402593e-27
3.74738946900000e+02 2.22263965010075e-27
3.74808202400000e+02 2.16440475842594e-27
3.74877441100000e+02 2.06759425196712e-27
3.74946663100000e+02 1.95948969626893e-27
3.75015868400000e+02 1.82957576914687e-27
3.75085056900000e+02 1.65716608761356e-27
3.75154228700000e+02 1.45876758673992e-27
3.75223383700000e+02 1.27463464573432e-27
3.75292522000000e+02 1.14021080545763e-27
3.75361643500000e+02 1.07472463564119e-27
3.75430748200000e+02 1.07772744385655e-27
3.75499836100000e+02 1.14222030051676e-27
3.75568907300000e+02 1.24337570680068e-27
3.75637961700000e+02 1.34599278956011e-27
3.75706999200000e+02 1.43563878028435e-27
3.75776020000000e+02 1.50936875933339e-27
3.75845024000000e+02 1.57209934821000e-27
3.75914011100000e+02 1.61566703112495e-27
3.75982981500000e+02 1.62648900968404e-27
3.76051935000000e+02 1.61423918985667e-27
3.76120871700000e+02 1.60121224409819e-27
3.76189791600000e+02 1.59207224674710e-27
3.76258694600000e+02 1.59146753548290e-27
3.76327580800000e+02 1.60480007749048e-27
3.76396450100000e+02 1.63939216506483e-27
3.76465302600000e+02 1.68092739148958e-27
3.76534138200000e+02 1.68251546621759e-27
3.76602957000000e+02 1.64039186357188e-27
3.76671758900000e+02 1.58476004414718e-27
3.76740543900000e+02 1.54088948163661e-27
3.76809312000000e+02 1.49812758366979e-27
3.76878063300000e+02 1.42988931341463e-27
3.76946797600000e+02 1.34209679579097e-27
3.77015515100000e+02 1.26030176911318e-27
3.77084215700000e+02 1.20493511795982e-27
3.77152899300000e+02 1.17313252475793e-27
3.77221566100000e+02 1.15317038849567e-27
3.77290215900000e+02 1.14198146992340e-27
3.77358848800000e+02 1.13747650040181e-27
3.77427464800000e+02 1.13836710042082e-27
3.77496063900000e+02 1.14363629371811e-27
3.77564646000000e+02 1.15091867687676e-27
3.77633211100000e+02 1.15359661077029e-27
3.77701759300000e+02 1.14434756924574e-27
3.77770290600000e+02 1.12228418152223e-27
3.77838804900000e+02 1.09574242316174e-27
3.77907302200000e+02 1.07195929020684e-27
3.77975782600000e+02 1.05035348805717e-27
3.78044246000000e+02 1.02638853478155e-27
3.78112692400000e+02 1.00085090939135e-27
3.78181121800000e+02 9.81888601610486e-28
3.78249534300000e+02 9.81819854383140e-28
3.78317929700000e+02 1.00534807319541e-27
3.78386308100000e+02 1.04754442254141e-27
3.78454669600000e+02 1.09989212760649e-27
3.78523014000000e+02 1.15740564535305e-27
3.78591341400000e+02 1.21450336162545e-27
3.78659651700000e+02 1.27381402207233e-27
3.78727945100000e+02 1.32580571722120e-27
3.78796221400000e+02 1.35445560773626e-27
3.78864480600000e+02 1.35807519822340e-27
3.78932722900000e+02 1.34603817780684e-27
3.79000948000000e+02 1.33339595059473e-27
3.79069156100000e+02 1.33299475556927e-27
3.79137347200000e+02 1.34609481208020e-27
3.79205521200000e+02 1.36658860762833e-27
3.79273678100000e+02 1.38651116076487e-27
3.79341817900000e+02 1.40810535443606e-27
3.79409940700000e+02 1.44074819584814e-27
3.79478046300000e+02 1.48543689044942e-27
3.79546134900000e+02 1.53899901998662e-27
3.79614206400000e+02 1.58272624742420e-27
3.79682260700000e+02 1.59812585593320e-27
3.79750298000000e+02 1.58344250807573e-27
3.79818318200000e+02 1.55348550634642e-27
3.79886321200000e+02 1.51574547471273e-27
3.79954307100000e+02 1.45858811306822e-27
3.80022275800000e+02 1.37792727118717e-27
3.80090227500000e+02 1.27939570201564e-27
3.80158162000000e+02 1.18113093559617e-27
3.80226079300000e+02 1.10652571702665e-27
3.80293979500000e+02 1.06531647320495e-27
3.80361862500000e+02 1.05267289159119e-27
3.80429728400000e+02 1.05802657573034e-27
3.80497577100000e+02 1.07133207153759e-27
3.80565408700000e+02 1.08340826611430e-27
3.80633223000000e+02 1.08669196864560e-27
3.80701020200000e+02 1.07995202823142e-27
3.80768800200000e+02 1.06684615595095e-27
3.80836562900000e+02 1.04937591842348e-27
3.80904308500000e+02 1.03263694832735e-27
3.80972036900000e+02 1.03069909361830e-27
3.81039748100000e+02 1.05498250018292e-27
3.81107442000000e+02 1.10215806797491e-27
3.81175118700000e+02 1.17020920015107e-27
3.81242778300000e+02 1.25563164769685e-27
3.81310420500000e+02 1.34796658487850e-27
3.81378045600000e+02 1.42190759492392e-27
3.81445653300000e+02 1.45583616938849e-27
3.81513243900000e+02 1.45673931190595e-27
3.81580817200000e+02 1.44783602403315e-27
3.81648373200000e+02 1.45632256668366e-27
3.81715912000000e+02 1.47890397943561e-27
3.81783433500000e+02 1.49574746749582e-27
3.81850937700000e+02 1.49398054176986e-27
3.81918424600000e+02 1.48273823420088e-27
3.81985894300000e+02 1.47638469507299e-27
3.82053346700000e+02 1.48550617569789e-27
3.82120781700000e+02 1.51281922294132e-27
3.82188199500000e+02 1.53719756443906e-27
3.82255600000000e+02 1.54464989715451e-27
3.82322983100000e+02 1.55022027221816e-27
3.82390348900000e+02 1.56609504566718e-27
3.82457697500000e+02 1.59926411125845e-27
3.82525028600000e+02 1.63912874054541e-27
3.82592342500000e+02 1.66485296584297e-27
3.82659639000000e+02 1.66942449442783e-27
3.82726918100000e+02 1.64363151553128e-27
3.82794180000000e+02 1.60046218830924e-27
3.82861424400000e+02 1.56689084180595e-27
3.82928651500000e+02 1.55479110615640e-27
3.82995861300000e+02 1.56141123972838e-27
3.83063053600000e+02 1.56627037758588e-27
3.83130228600000e+02 1.56767529599223e-27
3.83197386200000e+02 1.56314477287262e-27
3.83264526400000e+02 1.55424254496251e-27
3.83331649200000e+02 1.54148037058319e-27
3.83398754700000e+02 1.51947670586959e-27
3.83465842700000e+02 1.50246715810678e-27
3.83532913300000e+02 1.50305559792494e-27
3.83599966500000e+02 1.51344089996749e-27
3.83667002300000e+02 1.52447160946825e-27
3.83734020700000e+02 1.54336586902368e-27
3.83801021600000e+02 1.57045307337999e-27
3.83868005100000e+02 1.58708565853610e-27
3.83934971100000e+02 1.57072826692971e-27
3.84001919700000e+02 1.51257731308740e-27
3.84068850900000e+02 1.42506069685124e-27
3.84135764600000e+02 1.33122824582217e-27
3.84202660800000e+02 1.23774639655470e-27
3.84269539600000e+02 1.14200713090570e-27
3.84336400900000e+02 1.05268040151832e-27
3.84403244700000e+02 9.85281930670241e-28
3.84470071100000e+02 9.39849516140755e-28
3.84536879900000e+02 9.11875966592117e-28
3.84603671300000e+02 9.04982990656101e-28
3.84670445100000e+02 9.19683185794019e-28
3.84737201500000e+02 9.47136942969467e-28
3.84803940300000e+02 9.70345643396353e-28
3.84870661700000e+02 9.83869670036256e-28
3.84937365500000e+02 9.92049128121353e-28
3.85004051800000e+02 1.00156613939601e-27
3.85070720500000e+02 1.01377495085946e-27
3.85137371700000e+02 1.02205165946676e-27
3.85204005400000e+02 1.02506762620243e-27
3.85270621500000e+02 1.03269328837320e-27
3.85337220100000e+02 1.05709715821247e-27
3.85403801100000e+02 1.09655250105612e-27
3.85470364600000e+02 1.14488661257022e-27
3.85536910400000e+02 1.20766206039335e-27
3.85603438700000e+02 1.28687369087178e-27
3.85669949500000e+02 1.37717925010343e-27
3.85736442600000e+02 1.45686131711134e-27
3.85802918200000e+02 1.49843139471315e-27
3.85869376100000e+02 1.50163393937118e-27
3.85935816500000e+02 1.47683078670529e-27
3.86002239300000e+02 1.43331097748793e-27
3.86068644400000e+02 1.37307015338735e-27
3.86135031900000e+02 1.29300658741339e-27
3.86201401800000e+02 1.20473179179019e-27
3.86267754100000e+02 1.12352303099629e-27
3.86334088700000e+02 1.05856134627587e-27
3.86400405800000e+02 1.01339179934843e-27
3.86466705100000e+02 9.86104414539590e-28
3.86532986800000e+02 9.74158411609732e-28
3.86599250900000e+02 9.74991573350225e-28
3.86665497300000e+02 9.84038188945171e-28
3.86731726000000e+02 9.98507751310852e-28
3.86797937100000e+02 1.02200744951841e-27
3.86864130500000e+02 1.06024488733642e-27
3.86930306200000e+02 1.11058045064864e-27
3.86996464200000e+02 1.16347923321957e-27
3.87062604600000e+02 1.20507853647964e-27
3.87128727200000e+02 1.22791351167781e-27
3.87194832100000e+02 1.22888986064188e-27
3.87260919400000e+02 1.21258764059346e-27
3.87326988900000e+02 1.18978179036021e-27
3.87393040700000e+02 1.16841099714921e-27
3.87459074700000e+02 1.15873933783432e-27
3.87525091100000e+02 1.16853191960939e-27
3.87591089700000e+02 1.19295898832578e-27
3.87657070600000e+02 1.21810356348499e-27
3.87723033700000e+02 1.23895398073435e-27
3.87788979100000e+02 1.25927954050110e-27
3.87854906700000e+02 1.28501812655451e-27
3.87920816500000e+02 1.31201958921856e-27
3.87986708600000e+02 1.32036265472522e-27
3.88052583000000e+02 1.30242810248388e-27
3.88118439500000e+02 1.27392181663998e-27
3.88184278300000e+02 1.26161562797580e-27
3.88250099300000e+02 1.27689053917731e-27
3.88315902400000e+02 1.31445442438134e-27
3.88381687800000e+02 1.36108453280350e-27
3.88447455400000e+02 1.39603804246126e-27
3.88513205200000e+02 1.41605294597563e-27
3.88578937100000e+02 1.43095222452533e-27
3.88644651300000e+02 1.44129987083802e-27
3.88710347600000e+02 1.43601711001272e-27
3.88776026100000e+02 1.40088130286395e-27
3.88841686700000e+02 1.33624016596987e-27
3.88907329500000e+02 1.26232875794329e-27
3.88972954500000e+02 1.19536530106933e-27
3.89038561600000e+02 1.13969367954804e-27
3.89104150900000e+02 1.09452010442824e-27
3.89169722300000e+02 1.06517777569777e-27
3.89235275800000e+02 1.05614169591575e-27
3.89300811400000e+02 1.06087806394615e-27
3.89366329200000e+02 1.06760184825558e-27
3.89431829100000e+02 1.07507424518696e-27
3.89497311100000e+02 1.08372179399734e-27
3.89562775200000e+02 1.09311741982861e-27
3.89628221400000e+02 1.10448279725916e-27
3.89693649700000e+02 1.11339998428836e-27
3.89759060100000e+02 1.11316957073259e-27
3.89824452600000e+02 1.11008704905446e-27
3.89889827100000e+02 1.11473392735265e-27
3.89955183800000e+02 1.13028869267986e-27
3.90020522500000e+02 1.15351749746568e-27
3.90085843200000e+02 1.17614441043042e-27
3.90151146000000e+02 1.19518782910383e-27
3.90216430900000e+02 1.21523598070760e-27
3.90281697800000e+02 1.24394800097527e-27
3.90346946800000e+02 1.27745301192049e-27
3.90412177800000e+02 1.29606425215531e-27
3.90477390800000e+02 1.28693347123073e-27
3.90542585800000e+02 1.25689906866760e-27
3.90607762900000e+02 1.22116511674486e-27
3.90672922000000e+02 1.18111601092199e-27
3.90738063100000e+02 1.12905478395612e-27
3.90803186200000e+02 1.06328681232690e-27
3.90868291300000e+02 9.96722733087146e-28
3.90933378400000e+02 9.42553468871662e-28
3.90998447500000e+02 9.04931067501665e-28
3.91063498500000e+02 8.82699803057189e-28
3.91128531600000e+02 8.69003522357656e-28
3.91193546600000e+02 8.57457906232814e-28
3.91258543600000e+02 8.47548666507612e-28
3.91323522500000e+02 8.43449765166768e-28
3.91388483400000e+02 8.48923061582610e-28
3.91453426300000e+02 8.61275790998515e-28
3.91518351100000e+02 8.75702318515163e-28
3.91583257800000e+02 8.92867089476804e-28
3.91648146500000e+02 9.15882824486362e-28
3.91713017100000e+02 9.46303988597018e-28
3.91777869600000e+02 9.80724288568520e-28
3.91842704100000e+02 1.00944121876980e-27
3.91907520400000e+02 1.03183910975220e-27
3.91972318700000e+02 1.04845214899674e-27
3.92037098800000e+02 1.05696284089883e-27
3.92101860900000e+02 1.05324379271628e-27
3.92166604900000e+02 1.03768896027781e-27
3.92231330700000e+02 1.01515641388223e-27
3.92296038400000e+02 9.95204779321746e-28
3.92360728000000e+02 9.88216462794122e-28
3.92425399500000e+02 9.96111475198106e-28
3.92490052900000e+02 1.02010439414795e-27
3.92554688100000e+02 1.06221627847291e-27
3.92619305100000e+02 1.12371925350882e-27
3.92683904000000e+02 1.20412496609038e-27
3.92748484800000e+02 1.29908638727222e-27
3.92813047400000e+02 1.41058252772580e-27
3.92877591800000e+02 1.54420094027885e-27
3.92942118000000e+02 1.69871892685897e-27
3.93006626100000e+02 1.87077358809846e-27
3.93071116000000e+02 2.05161989754616e-27
3.93135587700000e+02 2.21814546979712e-27
3.93200041200000e+02 2.34228837465985e-27
3.93264476500000e+02 2.40967930906242e-27
3.93328893600000e+02 2.42346197913838e-27
3.93393292500000e+02 2.38639941728690e-27
3.93457673200000e+02 2.29367895298610e-27
3.93522035600000e+02 2.14106295471826e-27
3.93586379900000e+02 1.94339300391027e-27
3.93650705900000e+02 1.73001920004369e-27
3.93715013600000e+02 1.52899800603126e-27
3.93779303200000e+02 1.35517902920631e-27
3.93843574500000e+02 1.21334638932911e-27
3.93907827500000e+02 1.10478217104865e-27
3.93972062300000e+02 1.02849157114674e-27
3.94036278800000e+02 9.81202079501715e-28
3.94100477000000e+02 9.58047147991082e-28
3.94164657000000e+02 9.48190777919808e-28
3.94228818700000e+02 9.37470306848804e-28
3.94292962100000e+02 9.20451355456150e-28
3.94357087200000e+02 8.99410303448658e-28
3.94421194000000e+02 8.81101664758033e-28
3.94485282500000e+02 8.65634660442755e-28
3.94549352700000e+02 8.44354347761080e-28
3.94613404600000e+02 8.13844505793114e-28
3.94677438200000e+02 7.80117779257620e-28
3.94741453500000e+02 7.53162213255925e-28
3.94805450400000e+02 7.37731282588260e-28
3.94869429000000e+02 7.30982126825613e-28
3.94933389300000e+02 7.29726809732844e-28
3.94997331200000e+02 7.29653749537979e-28
3.95061254800000e+02 7.26612369280985e-28
3.95125160100000e+02 7.19756290460174e-28
3.95189046900000e+02 7.14260044513987e-28
3.95252915400000e+02 7.14841619449322e-28
3.95316765600000e+02 7.23837123875660e-28
3.95380597300000e+02 7.36556590069552e-28
3.95444410700000e+02 7.43145831328028e-28
3.95508205700000e+02 7.40524053009464e-28
3.95571982300000e+02 7.35463972149357e-28
3.95635740500000e+02 7.35979279367087e-28
3.95699480300000e+02 7.49501829389751e-28
3.95763201700000e+02 7.77829664143970e-28
3.95826904700000e+02 8.21146726768606e-28
3.95890589300000e+02 8.75440326443452e-28
3.95954255400000e+02 9.29426193014110e-28
3.96017903100000e+02 9.81143561948094e-28
3.96081532400000e+02 1.03331554401801e-27
3.96145143300000e+02 1.09070735391157e-27
3.96208735700000e+02 1.15997260431867e-27
3.96272309600000e+02 1.23747855955159e-27
3.96335865100000e+02 1.32646234575133e-27
3.96399402100000e+02 1.44070942916502e-27
3.96462920700000e+02 1.59522871526384e-27
3.96526420800000e+02 1.78930570404450e-27
3.96589902400000e+02 1.99797433866714e-27
3.96653365600000e+02 2.18565841973419e-27
3.96716810200000e+02 2.32619893067029e-27
3.96780236400000e+02 2.40459432048494e-27
3.96843644100000e+02 2.41893874371376e-27
3.96907033200000e+02 2.37265585388555e-27
3.96970403900000e+02 2.26450353555126e-27
3.97033756000000e+02 2.09820786800499e-27
3.97097089600000e+02 1.89504855066218e-27
3.97160404700000e+02 1.68624491006408e-27
3.97223701300000e+02 1.49720586815818e-27
3.97286979300000e+02 1.33720525124077e-27
3.97350238800000e+02 1.20732462619205e-27
3.97413479800000e+02 1.10515746403004e-27
3.97476702200000e+02 1.02245705571895e-27
3.97539906000000e+02 9.51231788621345e-28
3.97603091300000e+02 8.86131817864023e-28
3.97666258000000e+02 8.28399796686732e-28
3.97729406100000e+02 7.81068776484950e-28
3.97792535700000e+02 7.43727350933659e-28
3.97855646700000e+02 7.15681627741371e-28
3.97918739100000e+02 6.96476195759238e-28
3.97981812900000e+02 6.85914930016582e-28
3.98044868100000e+02 6.84060907757601e-28
3.98107904600000e+02 6.89676419726587e-28
3.98170922600000e+02 7.01102943353034e-28
3.98233922000000e+02 7.17131839057188e-28
3.98296902700000e+02 7.35277162097054e-28
3.98359864900000e+02 7.52532191922489e-28
3.98422808400000e+02 7.66637391864112e-28
3.98485733200000e+02 7.75193235199944e-28
3.98548639400000e+02 7.78398397700402e-28
3.98611527000000e+02 7.79425168024394e-28
3.98674395900000e+02 7.81638590553938e-28
3.98737246100000e+02 7.86105072808827e-28
3.98800077700000e+02 7.87354842090807e-28
3.98862890700000e+02 7.82611354614657e-28
3.98925684900000e+02 7.75055547460552e-28
3.98988460500000e+02 7.70474470395622e-28
3.99051217400000e+02 7.71796516812489e-28
3.99113955600000e+02 7.76613491422154e-28
3.99176675100000e+02 7.83299116683058e-28
3.99239375900000e+02 7.93635387609571e-28
3.99302058000000e+02 8.10232671086223e-28
3.99364721300000e+02 8.34032281948478e-28
3.99427366000000e+02 8.65206196193615e-28
3.99489991900000e+02 9.00538694155917e-28
3.99552599200000e+02 9.32289765174610e-28
3.99615187600000e+02 9.52948382127751e-28
3.99677757400000e+02 9.59511186181690e-28
3.99740308400000e+02 9.55742965010964e-28
3.99802840700000e+02 9.47103074478226e-28
3.99865354200000e+02 9.33088903760612e-28
3.99927848900000e+02 9.10666847572780e-28
3.99990324900000e+02 8.81665828068165e-28
4.00052782100000e+02 8.58664563837659e-28
4.00115220500000e+02 8.55587330156711e-28
4.00177640200000e+02 8.77720782629139e-28
4.00240041000000e+02 9.18499952080287e-28
4.00302423100000e+02 9.60219378006000e-28
4.00364786400000e+02 9.92263327532157e-28
4.00427130900000e+02 1.01390418074535e-27
4.00489456500000e+02 1.02578995745097e-27
4.00551763400000e+02 1.03229010337439e-27
4.00614051400000e+02 1.02916706270558e-27
4.00676320600000e+02 1.00740043803531e-27
4.00738571000000e+02 9.66913486690040e-28
4.00800802600000e+02 9.17779165154036e-28
4.00863015300000e+02 8.71766094787286e-28
4.00925209100000e+02 8.35371239623856e-28
4.00987384200000e+02 8.08200875661676e-28
4.01049540300000e+02 7.89352094528581e-28
4.01111677600000e+02 7.75454883958375e-28
4.01173796100000e+02 7.62479869830081e-28
4.01235895600000e+02 7.50370058727350e-28
4.01297976300000e+02 7.41968537227773e-28
4.01360038100000e+02 7.37843959131271e-28
4.01422081000000e+02 7.39241687689239e-28
4.01484105100000e+02 7.45480527688899e-28
4.01546110200000e+02 7.54084492508336e-28
4.01608096400000e+02 7.64020837431508e-28
4.01670063700000e+02 7.80730693916280e-28
4.01732012100000e+02 8.10626214202773e-28
4.01793941600000e+02 8.53593453606682e-28
4.01855852200000e+02 9.02706479699315e-28
4.01917743800000e+02 9.51030573721456e-28
4.01979616500000e+02 9.94346660930755e-28
4.02041470200000e+02 1.03612390019864e-27
4.02103305000000e+02 1.07935256753148e-27
4.02165120900000e+02 1.11894735742810e-27
4.02226917800000e+02 1.14801618642019e-27
4.02288695700000e+02 1.16010886706229e-27
4.02350454700000e+02 1.15638560780177e-27
4.02412194700000e+02 1.14232839318684e-27
4.02473915700000e+02 1.12512090767119e-27
4.02535617700000e+02 1.11244812301634e-27
4.02597300800000e+02 1.10933851415977e-27
4.02658964800000e+02 1.12043666751452e-27
4.02720609900000e+02 1.15329755486006e-27
4.02782235900000e+02 1.20988434294209e-27
4.02843842900000e+02 1.27806067703759e-27
4.02905431000000e+02 1.34751915113343e-27
4.02967000000000e+02 1.41896513876888e-27
4.03028549900000e+02 1.49158094315069e-27
4.03090080900000e+02 1.55625254344402e-27
4.03151592800000e+02 1.60073321437796e-27
4.03213085600000e+02 1.60538953050561e-27
4.03274559400000e+02 1.56608045340636e-27
4.03336014200000e+02 1.50027200966623e-27
4.03397449900000e+02 1.42017678840462e-27
4.03458866500000e+02 1.32801785136017e-27
4.03520264100000e+02 1.22553323223776e-27
4.03581642600000e+02 1.12170605083535e-27
4.03643002000000e+02 1.02965496800797e-27
4.03704342300000e+02 9.53928769886586e-28
4.03765663600000e+02 8.96573356611914e-28
4.03826965700000e+02 8.59688309682381e-28
4.03888248800000e+02 8.39482761529376e-28
4.03949512700000e+02 8.29659478211182e-28
4.04010757500000e+02 8.31536672870601e-28
4.04071983200000e+02 8.50045678107792e-28
4.04133189800000e+02 8.91323849657795e-28
4.04194377300000e+02 9.55717974876240e-28
4.04255545600000e+02 1.03451041264565e-27
4.04316694800000e+02 1.11211634961927e-27
4.04377824800000e+02 1.16893145019132e-27
4.04438935700000e+02 1.20315038718615e-27
4.04500027500000e+02 1.21854145867472e-27
4.04561100100000e+02 1.21738634617479e-27
4.04622153500000e+02 1.20103204116562e-27
4.04683187700000e+02 1.16033210409408e-27
4.04744202800000e+02 1.08885121527011e-27
4.04805198700000e+02 9.98403691284949e-28
4.04866175400000e+02 9.13667290803117e-28
4.04927132900000e+02 8.53163194334785e-28
4.04988071200000e+02 8.17072780364436e-28
4.05048990300000e+02 7.94683272700967e-28
4.05109890200000e+02 7.83840198872218e-28
4.05170770900000e+02 7.84807625547088e-28
4.05231632400000e+02 7.94656576582050e-28
4.05292474600000e+02 8.08483903614176e-28
4.05353297600000e+02 8.21826912866865e-28
4.05414101400000e+02 8.34448133306609e-28
4.05474886000000e+02 8.47714528585082e-28
4.05535651300000e+02 8.61080625910802e-28
4.05596397300000e+02 8.70784360817780e-28
4.05657124100000e+02 8.71714693635806e-28
4.05717831600000e+02 8.63178023001566e-28
4.05778519900000e+02 8.52750072501174e-28
4.05839188900000e+02 8.48758761422492e-28
4.05899838600000e+02 8.56226577922085e-28
4.05960469000000e+02 8.77298632125601e-28
4.06021080200000e+02 9.11505412328738e-28
4.06081672000000e+02 9.54516041466209e-28
4.06142244600000e+02 9.93555258340009e-28
4.06202797800000e+02 1.02142813985543e-27
4.06263331800000e+02 1.04073481127920e-27
4.06323846400000e+02 1.05457590857534e-27
4.06384341700000e+02 1.06491838428461e-27
4.06444817700000e+02 1.06442576178809e-27
4.06505274300000e+02 1.04033101137610e-27
4.06565711600000e+02 9.93874774177575e-28
4.06626129600000e+02 9.41524426111732e-28
4.06686528200000e+02 9.03781718979166e-28
4.06746907500000e+02 8.91251369252334e-28
4.06807267400000e+02 9.00229055492546e-28
4.06867608000000e+02 9.22495152969207e-28
4.06927929200000e+02 9.46867262807248e-28
4.06988231000000e+02 9.61731377917229e-28
4.07048513400000e+02 9.68063864766104e-28
4.07108776500000e+02 9.70816683575798e-28
4.07169020100000e+02 9.73324084811065e-28
4.07229244400000e+02 9.77539132512357e-28
4.07289449300000e+02 9.76314136770297e-28
4.07349634700000e+02 9.68904962165340e-28
4.07409800800000e+02 9.62645267302775e-28
4.07469947400000e+02 9.67530921305750e-28
4.07530074600000e+02 9.84083569017279e-28
4.07590182400000e+02 1.00235538582859e-27
4.07650270800000e+02 1.01479540522317e-27
4.07710339700000e+02 1.01997765024181e-27
4.07770389200000e+02 1.01597105003578e-27
4.07830419200000e+02 1.00179990545524e-27
4.07890429800000e+02 9.75414464271551e-28
4.07950420900000e+02 9.40556761858966e-28
4.08010392500000e+02 9.05511605686426e-28
4.08070344700000e+02 8.77477724670970e-28
4.08130277400000e+02 8.58041739398605e-28
4.08190190600000e+02 8.46240543702173e-28
4.08250084400000e+02 8.39464558373919e-28
4.08309958600000e+02 8.35303887344633e-28
4.08369813400000e+02 8.30794796833523e-28
4.08429648600000e+02 8.22089524630157e-28
4.08489464400000e+02 8.06521274160807e-28
4.08549260600000e+02 7.84785902735414e-28
4.08609037300000e+02 7.58611725588432e-28
4.08668794500000e+02 7.30510359742697e-28
4.08728532200000e+02 7.04112724138185e-28
4.08788250300000e+02 6.82878402254086e-28
4.08847948900000e+02 6.68823396342703e-28
4.08907627900000e+02 6.62752336776431e-28
4.08967287400000e+02 6.62925477115201e-28
4.09026927400000e+02 6.66067905346420e-28
4.09086547800000e+02 6.70335564519440e-28
4.09146148600000e+02 6.76115507981497e-28
4.09205729800000e+02 6.84333187495785e-28
4.09265291500000e+02 6.95521232195180e-28
4.09324833600000e+02 7.08791256146030e-28
4.09384356100000e+02 7.20968923043000e-28
4.09443859000000e+02 7.31490299067804e-28
4.09503342300000e+02 7.42793808486290e-28
4.09562806000000e+02 7.57745068443930e-28
4.09622250100000e+02 7.76708062547694e-28
4.09681674600000e+02 8.00040065760952e-28
4.09741079500000e+02 8.28510740772687e-28
4.09800464700000e+02 8.63164814593432e-28
4.09859830300000e+02 9.02838057830436e-28
4.09919176300000e+02 9.41902298789647e-28
4.09978502700000e+02 9.72529199850550e-28
4.10037809400000e+02 9.92505089597548e-28
4.10097096400000e+02 1.00249158781209e-27
4.10156363800000e+02 1.00402396865368e-27
4.10215611500000e+02 9.96631507906342e-28
4.10274839600000e+02 9.76863785285248e-28
4.10334048000000e+02 9.44664328827458e-28
4.10393236700000e+02 9.05405293212834e-28
4.10452405700000e+02 8.66731802361804e-28
4.10511555000000e+02 8.33794478560225e-28
4.10570684700000e+02 8.08005552890256e-28
4.10629794600000e+02 7.88833140969631e-28
4.10688884900000e+02 7.76613336624889e-28
4.10747955400000e+02 7.69780326914874e-28
4.10807006200000e+02 7.66104377555274e-28
4.10866037300000e+02 7.62299996011032e-28
4.10925048700000e+02 7.57161852968164e-28
4.10984040300000e+02 7.50634923804224e-28
4.11043012200000e+02 7.43455755597692e-28
4.11101964400000e+02 7.34770658078734e-28
4.11160896800000e+02 7.24728089582800e-28
4.11219809400000e+02 7.13232056805142e-28
4.11278702300000e+02 7.01056055453174e-28
4.11337575500000e+02 6.89936377380851e-28
4.11396428800000e+02 6.81731276796982e-28
4.11455262400000e+02 6.78608890748753e-28
4.11514076300000e+02 6.83459541456284e-28
4.11572870300000e+02 6.96062271032230e-28
4.11631644500000e+02 7.11399606447753e-28
4.11690399000000e+02 7.25345728494650e-28
4.11749133600000e+02 7.38210145904428e-28
4.11807848500000e+02 7.51451916900888e-28
4.11866543500000e+02 7.66232407931746e-28
4.11925218700000e+02 7.80372078915070e-28
4.11983874100000e+02 7.88459722261819e-28
4.12042509700000e+02 7.87871902723218e-28
4.12101125400000e+02 7.80073679711623e-28
4.12159721300000e+02 7.69864613106677e-28
4.12218297400000e+02 7.61660839070580e-28
4.12276853600000e+02 7.56456914506206e-28
4.12335389900000e+02 7.53099742485903e-28
4.12393906400000e+02 7.51698189531308e-28
4.12452403000000e+02 7.53061555184555e-28
4.12510879800000e+02 7.56072156672490e-28
4.12569336700000e+02 7.58524363342802e-28
4.12627773700000e+02 7.60871084325741e-28
4.12686190800000e+02 7.64619166191222e-28
4.12744588000000e+02 7.70813367661458e-28
4.12802965300000e+02 7.82264983212000e-28
4.12861322800000e+02 8.00996502021680e-28
4.12919660300000e+02 8.25992381073345e-28
4.12977977900000e+02 8.51684878700732e-28
4.13036275600000e+02 8.73540262221203e-28
4.13094553300000e+02 8.91978700915652e-28
4.13152811200000e+02 9.07694064599137e-28
4.13211049100000e+02 9.18948482648180e-28
4.13269267000000e+02 9.22990483045938e-28
4.13327465100000e+02 9.15627041980286e-28
4.13385643100000e+02 8.94811377369206e-28
4.13443801200000e+02 8.63544692990923e-28
4.13501939400000e+02 8.28765655749067e-28
4.13560057600000e+02 7.93796106566698e-28
4.13618155800000e+02 7.59177701657588e-28
4.13676234000000e+02 7.26244305308222e-28
4.13734292300000e+02 7.00293360097861e-28
4.13792330500000e+02 6.84041381989510e-28
4.13850348800000e+02 6.77480718746025e-28
4.13908347100000e+02 6.81453193443328e-28
4.13966325400000e+02 6.98892702258073e-28
4.14024283600000e+02 7.31215412447361e-28
4.14082221900000e+02 7.74013579831972e-28
4.14140140100000e+02 8.15425998280580e-28
4.14198038300000e+02 8.45485882160116e-28
4.14255916500000e+02 8.64641404084310e-28
4.14313774600000e+02 8.75421337845235e-28
4.14371612700000e+02 8.80287014092999e-28
4.14429430800000e+02 8.80359578298781e-28
4.14487228800000e+02 8.69903660981527e-28
4.14545006700000e+02 8.45410078239426e-28
4.14602764600000e+02 8.12676741492103e-28
4.14660502400000e+02 7.82821381585076e-28
4.14718220200000e+02 7.61515272194434e-28
4.14775917900000e+02 7.49168564134704e-28
4.14833595400000e+02 7.42173401232678e-28
4.14891252900000e+02 7.39322970823061e-28
4.14948890300000e+02 7.41640278656682e-28
4.15006507600000e+02 7.47904664050962e-28
4.15064104800000e+02 7.57718976778151e-28
4.15121681900000e+02 7.70357141364088e-28
4.15179238900000e+02 7.83416695606993e-28
4.15236775700000e+02 7.95740272988035e-28
4.15294292400000e+02 8.07635782557794e-28
4.15351789000000e+02 8.18730133318184e-28
4.15409265500000e+02 8.28006179817926e-28
4.15466721800000e+02 8.34419724748909e-28
4.15524158000000e+02 8.36507771151496e-28
4.15581574000000e+02 8.30967745579869e-28
4.15638969800000e+02 8.17480143055313e-28
4.15696345500000e+02 7.99673511373067e-28
4.15753701000000e+02 7.81778416632858e-28
4.15811036400000e+02 7.63900584017689e-28
4.15868351600000e+02 7.44668605180403e-28
4.15925646500000e+02 7.23846248689438e-28
4.15982921300000e+02 7.03819724525006e-28
4.16040175900000e+02 6.86074419003716e-28
4.16097410300000e+02 6.71001898487080e-28
4.16154624500000e+02 6.58623617337401e-28
4.16211818500000e+02 6.49642762833292e-28
4.16268992200000e+02 6.43724519974047e-28
4.16326145800000e+02 6.40903153431037e-28
4.16383279100000e+02 6.42509286461577e-28
4.16440392200000e+02 6.49335662593124e-28
4.16497485000000e+02 6.57937336198638e-28
4.16554557600000e+02 6.64929020977000e-28
4.16611610000000e+02 6.70037408718613e-28
4.16668642000000e+02 6.75022317973170e-28
4.16725653900000e+02 6.82687974451716e-28
4.16782645400000e+02 6.95319662168151e-28
4.16839616700000e+02 7.12496491401882e-28
4.16896567800000e+02 7.32125029353066e-28
4.16953498500000e+02 7.52971745427482e-28
4.17010409000000e+02 7.74482814365176e-28
4.17067299100000e+02 7.96013117166625e-28
4.17124169000000e+02 8.16975195516752e-28
4.17181018500000e+02 8.35653645256939e-28
4.17237847800000e+02 8.51260570170426e-28
4.17294656700000e+02 8.62781494798856e-28
4.17351445400000e+02 8.68572147744846e-28
4.17408213700000e+02 8.67988522385854e-28
4.17464961600000e+02 8.61295687950776e-28
4.17521689300000e+02 8.50004510808782e-28
4.17578396600000e+02 8.35723174594660e-28
4.17635083500000e+02 8.20562516052600e-28
4.17691750100000e+02 8.05265310847754e-28
4.17748396400000e+02 7.91396283530550e-28
4.17805022300000e+02 7.81674654723559e-28
4.17861627800000e+02 7.76256263243312e-28
4.17918212900000e+02 7.73046117146712e-28
4.17974777700000e+02 7.68934211873355e-28
4.18031322100000e+02 7.63577299836201e-28
4.18087846100000e+02 7.58362119400799e-28
4.18144349700000e+02 7.54803110465371e-28
4.18200832900000e+02 7.54017723682894e-28
4.18257295700000e+02 7.56302798721100e-28
4.18313738100000e+02 7.61226703817927e-28
4.18370160100000e+02 7.69409922141510e-28
4.18426561600000e+02 7.82028829002169e-28
4.18482942800000e+02 7.97330113046389e-28
4.18539303500000e+02 8.10792329465864e-28
4.18595643700000e+02 8.18430617661306e-28
4.18651963500000e+02 8.20026429548877e-28
4.18708262900000e+02 8.19005781881752e-28
4.18764541900000e+02 8.18623065139749e-28
4.18820800300000e+02 8.17254442451279e-28
4.18877038300000e+02 8.09326717036679e-28
4.18933255900000e+02 7.90335069593510e-28
4.18989452900000e+02 7.63040025163128e-28
4.19045629500000e+02 7.34795274764192e-28
4.19101785600000e+02 7.12011802432279e-28
4.19157921200000e+02 6.98369896971577e-28
4.19214036400000e+02 6.93824197653977e-28
4.19270131000000e+02 6.94572758944701e-28
4.19326205100000e+02 6.97552656453926e-28
4.19382258700000e+02 7.03498427193729e-28
4.19438291800000e+02 7.16565834329397e-28
4.19494304400000e+02 7.39698672993505e-28
4.19550296400000e+02 7.72306581390266e-28
4.19606267900000e+02 8.06686782397695e-28
4.19662218900000e+02 8.35783991661763e-28
4.19718149300000e+02 8.57542458504932e-28
4.19774059200000e+02 8.73913876699013e-28
4.19829948500000e+02 8.88927694071965e-28
4.19885817300000e+02 9.04885326538702e-28
4.19941665500000e+02 9.17312598449730e-28
4.19997493100000e+02 9.17589121502323e-28
4.20053300200000e+02 9.04619585760161e-28
4.20109086700000e+02 8.84692555517842e-28
4.20164852600000e+02 8.63664328446212e-28
4.20220597900000e+02 8.45274550652341e-28
4.20276322600000e+02 8.27967998434067e-28
4.20332026700000e+02 8.07101929735140e-28
4.20387710200000e+02 7.82821822324719e-28
4.20443373100000e+02 7.57406267612338e-28
4.20499015300000e+02 7.33750419183666e-28
4.20554637000000e+02 7.14139879803950e-28
4.20610238000000e+02 6.99277664372797e-28
4.20665818400000e+02 6.88514907503633e-28
4.20721378100000e+02 6.82908543477332e-28
4.20776917200000e+02 6.80528757666376e-28
4.20832435700000e+02 6.76664934464835e-28
4.20887933500000e+02 6.70438934122874e-28
4.20943410600000e+02 6.63237489157173e-28
4.20998867100000e+02 6.57428852987691e-28
4.21054302900000e+02 6.55881545260694e-28
4.21109718000000e+02 6.59537128151848e-28
4.21165112500000e+02 6.67541971572348e-28
4.21220486200000e+02 6.80594993593058e-28
4.21275839300000e+02 6.98729554630420e-28
4.21331171700000e+02 7.18342820189539e-28
4.21386483300000e+02 7.36185310017004e-28
4.21441774300000e+02 7.51069326638480e-28
4.21497044500000e+02 7.62069903908451e-28
4.21552294100000e+02 7.70302649338590e-28
4.21607522900000e+02 7.76998729947580e-28
4.21662730900000e+02 7.78470235539386e-28
4.21717918300000e+02 7.69855091389062e-28
4.21773084900000e+02 7.51731687685450e-28
4.21828230700000e+02 7.30080360887477e-28
4.21883355800000e+02 7.11484029608956e-28
4.21938460200000e+02 7.00270426475460e-28
4.21993543700000e+02 6.95523904324804e-28
4.22048606600000e+02 6.95809803508888e-28
4.22103648600000e+02 7.03082466760622e-28
4.22158669900000e+02 7.20435255852046e-28
4.22213670400000e+02 7.52838621892478e-28
4.22268650000000e+02 8.04768083937611e-28
4.22323608900000e+02 8.75155277716220e-28
4.22378547000000e+02 9.55989240273309e-28
4.22433464300000e+02 1.03196941646206e-27
4.22488360800000e+02 1.08879342762874e-27
4.22543236500000e+02 1.12205506968152e-27
4.22598091400000e+02 1.13387693451890e-27
4.22652925400000e+02 1.12881617412768e-27
4.22707738600000e+02 1.11218180598587e-27
4.22762530900000e+02 1.08010769526022e-27
4.22817302400000e+02 1.02618277283945e-27
4.22872053100000e+02 9.52868500430468e-28
4.22926782900000e+02 8.74356806786720e-28
4.22981491900000e+02 8.08568710063820e-28
4.23036180000000e+02 7.65080504002855e-28
4.23090847200000e+02 7.40709255593371e-28
4.23145493600000e+02 7.27761735515498e-28
4.23200119000000e+02 7.24686162444940e-28
4.23254723600000e+02 7.31784287551758e-28
4.23309307300000e+02 7.46709110868039e-28
4.23363870100000e+02 7.64085566429082e-28
4.23418412100000e+02 7.78416247191230e-28
4.23472933100000e+02 7.86185113402916e-28
4.23527433100000e+02 7.87637402613058e-28
4.23581912300000e+02 7.86247366856236e-28
4.23636370600000e+02 7.85527953837326e-28
4.23690807900000e+02 7.83031376086195e-28
4.23745224300000e+02 7.74620295517894e-28
4.23799619700000e+02 7.58447305717019e-28
4.23853994200000e+02 7.38349347814004e-28
4.23908347800000e+02 7.20091358921150e-28
4.23962680400000e+02 7.05845442617173e-28
4.24016992100000e+02 6.93972680013169e-28
4.24071282700000e+02 6.81985556100770e-28
4.24125552500000e+02 6.69270053985819e-28
4.24179801200000e+02 6.57415057816856e-28
4.24234029000000e+02 6.49685188005167e-28
4.24288235700000e+02 6.48566449156352e-28
4.24342421500000e+02 6.53954195274155e-28
4.24396586300000e+02 6.64364478059008e-28
4.24450730100000e+02 6.76348101020250e-28
4.24504852900000e+02 6.88311056861138e-28
4.24558954600000e+02 7.02246950757646e-28
4.24613035400000e+02 7.20478534932777e-28
4.24667095100000e+02 7.43360428759567e-28
4.24721133800000e+02 7.69946742041456e-28
4.24775151400000e+02 7.95560351939851e-28
4.24829148100000e+02 8.13396403810655e-28
4.24883123600000e+02 8.19921022127753e-28
4.24937078200000e+02 8.17814997494248e-28
4.24991011600000e+02 8.12813290039273e-28
4.25044924000000e+02 8.11036761064214e-28
4.25098815400000e+02 8.14404087561370e-28
4.25152685700000e+02 8.18393115953224e-28
4.25206534900000e+02 8.14298645496974e-28
