2.78428201100000e+02 6.83508140008095e-19
2.78513749000000e+02 6.77623439671209e-19
2.78599285100000e+02 6.84677816602480e-19
2.78684809300000e+02 7.01891085171056e-19
2.78770321800000e+02 7.23366378138190e-19
2.78855822300000e+02 7.42992798117202e-19
2.78941311100000e+02 7.56112923394870e-19
2.79026788000000e+02 7.58849616052902e-19
2.79112253000000e+02 7.50186228210668e-19
2.79197706200000e+02 7.33867687623580e-19
2.79283147600000e+02 7.19428119746858e-19
2.79368577100000e+02 7.17444733866614e-19
2.79453994700000e+02 7.31457848183963e-19
2.79539400500000e+02 7.56037489034939e-19
2.79624794400000e+02 7.84889033376921e-19
2.79710176400000e+02 8.13875350354968e-19
2.79795546600000e+02 8.37848268077005e-19
2.79880904900000e+02 8.51655131077003e-19
2.79966251300000e+02 8.51161299259364e-19
2.80051585900000e+02 8.37966622202588e-19
2.80136908600000e+02 8.18942460506169e-19
2.80222219300000e+02 7.99105142308643e-19
2.80307518200000e+02 7.81062919277102e-19
2.80392805200000e+02 7.64138404191442e-19
2.80478080400000e+02 7.46741590464000e-19
2.80563343600000e+02 7.30156005798848e-19
2.80648594900000e+02 7.16650535310624e-19
2.80733834300000e+02 7.08548171048436e-19
2.80819061800000e+02 7.06562720530932e-19
2.80904277400000e+02 7.09752599711121e-19
2.80989481100000e+02 7.18730143706016e-19
2.81074672900000e+02 7.35786550052198e-19
2.81159852800000e+02 7.60321462405951e-19
2.81245020700000e+02 7.87819487232187e-19
2.81330176700000e+02 8.13191316731296e-19
2.81415320800000e+02 8.35292151508458e-19
2.81500453000000e+02 8.55178772284920e-19
2.81585573200000e+02 8.69633021278519e-19
2.81670681500000e+02 8.75381022200536e-19
2.81755777900000e+02 8.72474024387316e-19
2.81840862300000e+02 8.62532903565082e-19
2.81925934800000e+02 8.46573741374389e-19
2.82010995400000e+02 8.24170695441505e-19
2.82096043900000e+02 7.97081907363400e-19
2.82181080600000e+02 7.69488341854623e-19
2.82266105300000e+02 7.43083272555730e-19
2.82351118000000e+02 7.18428169375545e-19
2.82436118700000e+02 6.96383745855969e-19
2.82521107500000e+02 6.78495206090884e-19
2.82606084400000e+02 6.67338034445500e-19
2.82691049200000e+02 6.65985084893466e-19
2.82776002100000e+02 6.78476906918618e-19
2.82860943000000e+02 7.04035283872824e-19
2.82945872000000e+02 7.37137755661265e-19
2.83030788900000e+02 7.72868372343336e-19
2.83115693900000e+02 8.07376089132862e-19
2.83200586900000e+02 8.37694636086306e-19
2.83285467900000e+02 8.57619656686031e-19
2.83370336900000e+02 8.62286019274327e-19
2.83455193900000e+02 8.53753508151730e-19
2.83540038900000e+02 8.37360528355396e-19
2.83624871900000e+02 8.17294763799183e-19
2.83709692900000e+02 7.95153954174438e-19
2.83794501900000e+02 7.72817996929438e-19
2.83879298900000e+02 7.52653217504724e-19
2.83964083800000e+02 7.36601916507105e-19
2.84048856800000e+02 7.25792392072607e-19
2.84133617700000e+02 7.19431687166740e-19
2.84218366600000e+02 7.17211449954872e-19
2.84303103500000e+02 7.19558256417628e-19
2.84387828300000e+02 7.27121866687408e-19
2.84472541200000e+02 7.39851162219705e-19
2.84557242000000e+02 7.55291892391458e-19
2.84641930700000e+02 7.71764268061281e-19
2.84726607400000e+02 7.91626314098891e-19
2.84811272100000e+02 8.18186235911525e-19
2.84895924700000e+02 8.50820510493280e-19
2.84980565300000e+02 8.83449530525871e-19
2.85065193800000e+02 9.10285227087421e-19
2.85149810300000e+02 9.28930544619810e-19
2.85234414700000e+02 9.38506805527937e-19
2.85319007000000e+02 9.37479244525154e-19
2.85403587300000e+02 9.24174850104074e-19
2.85488155500000e+02 9.00467732758896e-19
2.85572711700000e+02 8.70777448339716e-19
2.85657255700000e+02 8.38133725770017e-19
2.85741787700000e+02 8.05355014263805e-19
2.85826307700000e+02 7.75122673679942e-19
2.85910815500000e+02 7.47814646043436e-19
2.85995311200000e+02 7.23785825929145e-19
2.86079794900000e+02 7.04641445158199e-19
2.86164266500000e+02 6.94828208267644e-19
2.86248726000000e+02 6.99944753428355e-19
2.86333173400000e+02 7.20650171667534e-19
2.86417608600000e+02 7.53966448288866e-19
2.86502031800000e+02 7.95218217019509e-19
2.86586442900000e+02 8.39283324903475e-19
2.86670841900000e+02 8.80987240387628e-19
2.86755228700000e+02 9.14616906300609e-19
2.86839603500000e+02 9.35318758975625e-19
2.86923966100000e+02 9.40178192018400e-19
2.87008316600000e+02 9.32249376154736e-19
2.87092655000000e+02 9.17316842308738e-19
2.87176981300000e+02 8.98660458679196e-19
2.87261295400000e+02 8.77448603899872e-19
2.87345597400000e+02 8.54049697177583e-19
2.87429887300000e+02 8.30662498598366e-19
2.87514165000000e+02 8.09103551810958e-19
2.87598430600000e+02 7.88225165504409e-19
2.87682684100000e+02 7.66922512972177e-19
2.87766925400000e+02 7.46596143441273e-19
2.87851154500000e+02 7.28236128549357e-19
2.87935371500000e+02 7.12454419301006e-19
2.88019576400000e+02 7.00484098242991e-19
2.88103769000000e+02 6.95137643034950e-19
2.88187949600000e+02 6.98829743416163e-19
2.88272117900000e+02 7.12656025677694e-19
2.88356274100000e+02 7.38336803315894e-19
2.88440418200000e+02 7.74390934976721e-19
2.88524550000000e+02 8.15892909536830e-19
2.88608669700000e+02 8.55433320914845e-19
2.88692777200000e+02 8.86186408597138e-19
2.88776872500000e+02 9.05106898196818e-19
2.88860955600000e+02 9.08780960137360e-19
2.88945026600000e+02 8.94424043863927e-19
2.89029085300000e+02 8.64154198180210e-19
2.89113131900000e+02 8.24830201530746e-19
2.89197166300000e+02 7.84398152555523e-19
2.89281188400000e+02 7.47945716126310e-19
2.89365198400000e+02 7.19010913495752e-19
2.89449196100000e+02 6.99055714956975e-19
2.89533181700000e+02 6.89013283415974e-19
2.89617155000000e+02 6.89277452714588e-19
2.89701116200000e+02 6.98579900545039e-19
2.89785065100000e+02 7.15892985024427e-19
2.89869001800000e+02 7.35429806390785e-19
2.89952926200000e+02 7.52242431288914e-19
2.90036838500000e+02 7.67123838204738e-19
2.90120738500000e+02 7.81775149837363e-19
2.90204626300000e+02 7.97844867212511e-19
2.90288501800000e+02 8.14943174374441e-19
2.90372365100000e+02 8.33179416407295e-19
2.90456216200000e+02 8.51988502727026e-19
2.90540055000000e+02 8.66112635171735e-19
2.90623881600000e+02 8.72492252409135e-19
2.90707695900000e+02 8.69967057969380e-19
2.90791498000000e+02 8.57127220928751e-19
2.90875287800000e+02 8.32271774638268e-19
2.90959065400000e+02 7.95915749683909e-19
2.91042830700000e+02 7.54241762364014e-19
2.91126583700000e+02 7.14140873761261e-19
2.91210324500000e+02 6.79048559165219e-19
2.91294053000000e+02 6.51678665523176e-19
2.91377769200000e+02 6.34501077334677e-19
2.91461473200000e+02 6.29284703508574e-19
2.91545164800000e+02 6.35732466597796e-19
2.91628844200000e+02 6.51198647551806e-19
2.91712511300000e+02 6.74076203474502e-19
2.91796166200000e+02 7.04434001430581e-19
2.91879808700000e+02 7.40988465884322e-19
2.91963438900000e+02 7.78550619042990e-19
2.92047056900000e+02 8.11883089499125e-19
2.92130662500000e+02 8.39776166856427e-19
2.92214255800000e+02 8.62594313406309e-19
2.92297836900000e+02 8.77694720817625e-19
2.92381405600000e+02 8.81385876241055e-19
2.92464962000000e+02 8.72582154509639e-19
2.92548506100000e+02 8.52856483010463e-19
2.92632037900000e+02 8.24105823797028e-19
2.92715557400000e+02 7.88452582756876e-19
2.92799064500000e+02 7.48631798519298e-19
2.92882559300000e+02 7.07595158022887e-19
2.92966041800000e+02 6.67325237652358e-19
2.93049511900000e+02 6.30501627978804e-19
2.93132969800000e+02 6.00428999985055e-19
2.93216415200000e+02 5.79721790610933e-19
2.93299848400000e+02 5.70458160416313e-19
2.93383269200000e+02 5.75673372804171e-19
2.93466677600000e+02 5.98569508902863e-19
2.93550073700000e+02 6.37822464209553e-19
2.93633457500000e+02 6.84828361467896e-19
2.93716828900000e+02 7.33371151444145e-19
2.93800187900000e+02 7.78540704513631e-19
2.93883534600000e+02 8.16987976140081e-19
2.93966868900000e+02 8.47028308138734e-19
2.94050190800000e+02 8.66283876646604e-19
2.94133500400000e+02 8.76467246612258e-19
2.94216797600000e+02 8.80142038389943e-19
2.94300082400000e+02 8.77075031070224e-19
2.94383354900000e+02 8.67033826132093e-19
2.94466614900000e+02 8.48261080680252e-19
2.94549862600000e+02 8.19994848953908e-19
2.94633097900000e+02 7.82433913428424e-19
2.94716320800000e+02 7.36822107090094e-19
2.94799531300000e+02 6.86510889409106e-19
2.94882729400000e+02 6.35571475616110e-19
2.94965915100000e+02 5.89071179593897e-19
2.95049088400000e+02 5.49892331393774e-19
2.95132249300000e+02 5.19291010676068e-19
2.95215397800000e+02 4.98347458683334e-19
2.95298533900000e+02 4.88480651173641e-19
2.95381657600000e+02 4.92464570004241e-19
2.95464768800000e+02 5.12925096659384e-19
2.95547867700000e+02 5.49971282827511e-19
2.95630954100000e+02 6.01386937643165e-19
2.95714028100000e+02 6.61980756311244e-19
2.95797089600000e+02 7.26659119267257e-19
2.95880138800000e+02 7.89939176911789e-19
2.95963175400000e+02 8.43171938051245e-19
2.96046199700000e+02 8.78116359266745e-19
2.96129211500000e+02 8.90556576242759e-19
2.96212210900000e+02 8.80934784368376e-19
2.96295197800000e+02 8.53000472573740e-19
2.96378172300000e+02 8.10353295562240e-19
2.96461134300000e+02 7.58089905688919e-19
2.96544083800000e+02 7.02924517957085e-19
2.96627020900000e+02 6.50029676564719e-19
2.96709945600000e+02 6.01296212675194e-19
2.96792857800000e+02 5.56380492289389e-19
2.96875757500000e+02 5.15461906444568e-19
2.96958644700000e+02 4.78629866312823e-19
2.97041519500000e+02 4.45568264796284e-19
2.97124381800000e+02 4.17249768413395e-19
2.97207231600000e+02 3.96346025038347e-19
2.97290068900000e+02 3.87193764306002e-19
2.97372893800000e+02 3.93612561421703e-19
2.97455706100000e+02 4.18612153016251e-19
2.97538506000000e+02 4.64938043630007e-19
2.97621293400000e+02 5.29597643223760e-19
2.97704068200000e+02 6.04146297162010e-19
2.97786830600000e+02 6.78657525040524e-19
2.97869580500000e+02 7.45849546704016e-19
2.97952317900000e+02 8.00951917464751e-19
2.98035042700000e+02 8.38520758531255e-19
2.98117755100000e+02 8.53866588994788e-19
2.98200454900000e+02 8.46597574757133e-19
2.98283142200000e+02 8.20881592298244e-19
2.98365817000000e+02 7.83059889138343e-19
2.98448479300000e+02 7.37736896677732e-19
2.98531129000000e+02 6.87817161343025e-19
2.98613766300000e+02 6.34961401783966e-19
2.98696390900000e+02 5.81434712421170e-19
2.98779003100000e+02 5.29923416803980e-19
2.98861602700000e+02 4.82540748833817e-19
2.98944189800000e+02 4.40515235625338e-19
2.99026764300000e+02 4.04442615717537e-19
2.99109326300000e+02 3.75101051178379e-19
2.99191875700000e+02 3.52906400630923e-19
2.99274412600000e+02 3.38667527976457e-19
2.99356937000000e+02 3.34588922015537e-19
2.99439448700000e+02 3.43772555674319e-19
2.99521947900000e+02 3.72205103421079e-19
2.99604434600000e+02 4.25158821425893e-19
2.99686908600000e+02 5.02478388871877e-19
2.99769370100000e+02 5.94032281514705e-19
2.99851819100000e+02 6.82635754222529e-19
2.99934255400000e+02 7.58721781912702e-19
3.00016679200000e+02 8.17413318229185e-19
3.00099090400000e+02 8.50860080560659e-19
3.00181489000000e+02 8.52245236830114e-19
3.00263875000000e+02 8.20568571637924e-19
3.00346248500000e+02 7.66531359698645e-19
3.00428609300000e+02 7.04338088961817e-19
3.00510957500000e+02 6.41252835105758e-19
3.00593293200000e+02 5.81272284212433e-19
3.00675616200000e+02 5.26331126894331e-19
3.00757926700000e+02 4.76240035230251e-19
3.00840224500000e+02 4.31194699646465e-19
3.00922509700000e+02 3.91003463250247e-19
3.01004782300000e+02 3.56086587191182e-19
3.01087042300000e+02 3.26632156179973e-19
3.01169289600000e+02 3.02763849620099e-19
3.01251524400000e+02 2.86013507306728e-19
3.01333746500000e+02 2.78657988486329e-19
3.01415956000000e+02 2.83669406196920e-19
3.01498152800000e+02 3.03528200589347e-19
3.01580337000000e+02 3.40766781799128e-19
3.01662508600000e+02 3.95874145073717e-19
3.01744667500000e+02 4.64297227960214e-19
3.01826813800000e+02 5.38415767675824e-19
3.01908947500000e+02 6.09909164184852e-19
3.01991068500000e+02 6.71074641788619e-19
3.02073176800000e+02 7.15940972180884e-19
3.02155272500000e+02 7.38875208712519e-19
3.02237355500000e+02 7.37405857974924e-19
3.02319425900000e+02 7.14169557341499e-19
3.02401483600000e+02 6.74961967218434e-19
3.02483528600000e+02 6.26056704377941e-19
3.02565561000000e+02 5.72977457775338e-19
3.02647580700000e+02 5.19203286151209e-19
3.02729587700000e+02 4.67513039909472e-19
3.02811582000000e+02 4.20043350427616e-19
3.02893563700000e+02 3.77791328611070e-19
3.02975532700000e+02 3.41047465618214e-19
3.03057488900000e+02 3.09796962855305e-19
3.03139432500000e+02 2.84030616745482e-19
3.03221363400000e+02 2.64031825363199e-19
3.03303281600000e+02 2.50091393550641e-19
3.03385187100000e+02 2.42398134492725e-19
3.03467079900000e+02 2.41478091503855e-19
3.03548960000000e+02 2.48610667374549e-19
3.03630827400000e+02 2.66174169032682e-19
3.03712682100000e+02 2.97211661778119e-19
3.03794524000000e+02 3.42899696118381e-19
3.03876353300000e+02 4.03506956755202e-19
3.03958169800000e+02 4.69749583959874e-19
3.04039973600000e+02 5.29564982447549e-19
3.04121764700000e+02 5.78796555689500e-19
3.04203543000000e+02 6.13761140279686e-19
3.04285308600000e+02 6.30099593667238e-19
3.04367061500000e+02 6.23628682535512e-19
3.04448801600000e+02 5.93717023237091e-19
3.04530529000000e+02 5.50497400734824e-19
3.04612243600000e+02 5.03250776707876e-19
3.04693945500000e+02 4.55739894197648e-19
3.04775634700000e+02 4.10383562859730e-19
3.04857311100000e+02 3.68535929676671e-19
3.04938974700000e+02 3.30906428312800e-19
3.05020625600000e+02 2.97710625441904e-19
3.05102263800000e+02 2.69079651655229e-19
3.05183889100000e+02 2.44895022631469e-19
3.05265501700000e+02 2.25440204016877e-19
3.05347101500000e+02 2.10988772981862e-19
3.05428688600000e+02 2.01748858908284e-19
3.05510262800000e+02 1.98463430126354e-19
3.05591824300000e+02 2.02219440847183e-19
3.05673373000000e+02 2.14167598072411e-19
3.05754909000000e+02 2.34620993202630e-19
3.05836432100000e+02 2.62564998880048e-19
3.05917942500000e+02 2.97432703104569e-19
3.05999440000000e+02 3.38392124603614e-19
3.06080924800000e+02 3.83667623115176e-19
3.06162396700000e+02 4.29381041142986e-19
3.06243855900000e+02 4.69517916285030e-19
3.06325302200000e+02 4.98308824635030e-19
3.06406735800000e+02 5.12981415235366e-19
3.06488156500000e+02 5.13072307173367e-19
3.06569564400000e+02 4.99348026162532e-19
3.06650959500000e+02 4.73271585319525e-19
3.06732341800000e+02 4.37942360457705e-19
3.06813711200000e+02 3.98319048704651e-19
3.06895067800000e+02 3.59724837596955e-19
3.06976411600000e+02 3.24619668996111e-19
3.07057742600000e+02 2.93961979949727e-19
3.07139060700000e+02 2.68121567498304e-19
3.07220366000000e+02 2.46666162013596e-19
3.07301658400000e+02 2.29170437749705e-19
3.07382938000000e+02 2.15140538663251e-19
3.07464204800000e+02 2.04236381226044e-19
3.07545458700000e+02 1.96700316770283e-19
3.07626699800000e+02 1.92254478666879e-19
3.07707928000000e+02 1.90996710218164e-19
3.07789143300000e+02 1.93588847319006e-19
3.07870345800000e+02 2.00619116351724e-19
3.07951535400000e+02 2.11528465574833e-19
3.08032712100000e+02 2.26495101953192e-19
3.08113876000000e+02 2.48123276935111e-19
3.08195027000000e+02 2.77299957258269e-19
3.08276165100000e+02 3.11588825182696e-19
3.08357290400000e+02 3.45601317550138e-19
3.08438402700000e+02 3.73657920287195e-19
3.08519502200000e+02 3.93986776357030e-19
3.08600588800000e+02 4.05191169673568e-19
3.08681662500000e+02 4.04544282043729e-19
3.08762723300000e+02 3.91388958569361e-19
3.08843771200000e+02 3.67548386953668e-19
3.08924806200000e+02 3.37487776645427e-19
3.09005828300000e+02 3.05959082552023e-19
3.09086837500000e+02 2.75749034656530e-19
3.09167833800000e+02 2.48544579307623e-19
3.09248817200000e+02 2.25566756543233e-19
3.09329787600000e+02 2.07038167764638e-19
3.09410745200000e+02 1.92796892283624e-19
3.09491689800000e+02 1.82310610557835e-19
3.09572621500000e+02 1.75051142165600e-19
3.09653540300000e+02 1.70861298190796e-19
3.09734446100000e+02 1.69495414821894e-19
3.09815339000000e+02 1.70602588954832e-19
3.09896219000000e+02 1.73491293757085e-19
3.09977086000000e+02 1.77533902779046e-19
3.10057940100000e+02 1.83070339781907e-19
3.10138781300000e+02 1.91148729767172e-19
3.10219609500000e+02 2.03194749322821e-19
3.10300424800000e+02 2.19049049230608e-19
3.10381227100000e+02 2.37013374500427e-19
3.10462016400000e+02 2.54365162816480e-19
3.10542792800000e+02 2.68469952243627e-19
3.10623556200000e+02 2.78513995778972e-19
3.10704306700000e+02 2.84095352907167e-19
3.10785044200000e+02 2.83955061144648e-19
3.10865768700000e+02 2.77307961945526e-19
3.10946480200000e+02 2.64926283103942e-19
3.11027178800000e+02 2.49332782516730e-19
3.11107864400000e+02 2.32832645371748e-19
3.11188537000000e+02 2.16295633466868e-19
3.11269196600000e+02 1.99873443993707e-19
3.11349843300000e+02 1.83895115196524e-19
3.11430476900000e+02 1.69036859662842e-19
3.11511097600000e+02 1.55826564214224e-19
3.11591705200000e+02 1.45026406497893e-19
3.11672299900000e+02 1.37290164755145e-19
3.11752881500000e+02 1.32389004264355e-19
3.11833450200000e+02 1.29639887763607e-19
3.11914005800000e+02 1.28412455535579e-19
3.11994548400000e+02 1.28294153155463e-19
3.12075078000000e+02 1.29034292240793e-19
3.12155594600000e+02 1.30443808522731e-19
3.12236098200000e+02 1.32430423099664e-19
3.12316588800000e+02 1.35052729001811e-19
3.12397066300000e+02 1.38541084977331e-19
3.12477530800000e+02 1.43671086314660e-19
3.12557982200000e+02 1.51250348304680e-19
3.12638420600000e+02 1.61086567883566e-19
3.12718846000000e+02 1.72451596792575e-19
3.12799258400000e+02 1.83810201536929e-19
3.12879657700000e+02 1.93366346391084e-19
3.12960043900000e+02 2.00260301887583e-19
3.13040417100000e+02 2.03522036264591e-19
3.13120777300000e+02 2.02154615281910e-19
3.13201124400000e+02 1.96017123898812e-19
3.13281458400000e+02 1.85595882651686e-19
3.13361779400000e+02 1.72671176245084e-19
3.13442087300000e+02 1.59537673469581e-19
3.13522382100000e+02 1.47496176181567e-19
3.13602663900000e+02 1.36636140200035e-19
3.13682932600000e+02 1.27016049379963e-19
3.13763188200000e+02 1.18786637702234e-19
3.13843430700000e+02 1.11845433035337e-19
3.13923660200000e+02 1.05986995702242e-19
3.14003876500000e+02 1.01026363214824e-19
3.14084079800000e+02 9.70272609453899e-20
3.14164270000000e+02 9.46209986031497e-20
3.14244447100000e+02 9.40983523768549e-20
3.14324611100000e+02 9.50093996478765e-20
3.14404762000000e+02 9.70703627057519e-20
3.14484899800000e+02 9.99998467377646e-20
3.14565024500000e+02 1.02879699614224e-19
3.14645136100000e+02 1.05309631710154e-19
3.14725234500000e+02 1.07503477502510e-19
3.14805319900000e+02 1.09762988221033e-19
3.14885392100000e+02 1.12650102824300e-19
3.14965451200000e+02 1.15670788228859e-19
3.15045497200000e+02 1.18099084907030e-19
3.15125530100000e+02 1.20106036526025e-19
3.15205549800000e+02 1.22041077024862e-19
3.15285556400000e+02 1.23843683076772e-19
3.15365549900000e+02 1.25187512323071e-19
3.15445530200000e+02 1.25346381467136e-19
3.15525497400000e+02 1.23771045515489e-19
3.15605451400000e+02 1.20872859145569e-19
3.15685392300000e+02 1.17175191341502e-19
3.15765320100000e+02 1.12651479808308e-19
3.15845234700000e+02 1.07181479215141e-19
3.15925136100000e+02 1.00707689927692e-19
3.16005024400000e+02 9.37998151942354e-20
3.16084899500000e+02 8.76301084797824e-20
3.16164761400000e+02 8.28095064183593e-20
3.16244610200000e+02 7.96338764039219e-20
3.16324445800000e+02 7.82106586493919e-20
3.16404268200000e+02 7.80077545897314e-20
3.16484077500000e+02 7.85512942114258e-20
3.16563873600000e+02 7.95929013560673e-20
3.16643656500000e+02 8.09585618502254e-20
3.16723426200000e+02 8.24755375258377e-20
3.16803182700000e+02 8.39265743478092e-20
3.16882926000000e+02 8.51311559935284e-20
3.16962656200000e+02 8.59034383709308e-20
3.17042373100000e+02 8.60658032825758e-20
3.17122076800000e+02 8.56567369219335e-20
3.17201767400000e+02 8.47798638350913e-20
3.17281444700000e+02 8.35304405824748e-20
3.17361108800000e+02 8.19980456156394e-20
3.17440759700000e+02 8.02601577865106e-20
3.17520397400000e+02 7.87326909886472e-20
3.17600021900000e+02 7.79138812554246e-20
3.17679633100000e+02 7.80396929021642e-20
3.17759231200000e+02 7.90986492200280e-20
3.17838816000000e+02 8.03168875577236e-20
3.17918387500000e+02 8.08893736088522e-20
3.17997945900000e+02 8.07199693157337e-20
3.18077491000000e+02 7.98269350165330e-20
3.18157022800000e+02 7.79889583834677e-20
3.18236541500000e+02 7.49002135520896e-20
3.18316046900000e+02 7.05928229570830e-20
3.18395539000000e+02 6.57107259088082e-20
3.18475017900000e+02 6.08612723886295e-20
3.18554483500000e+02 5.63342900959512e-20
3.18633935900000e+02 5.23330156766142e-20
3.18713375000000e+02 4.90954742779227e-20
3.18792800800000e+02 4.66531100318836e-20
3.18872213400000e+02 4.49887112184906e-20
3.18951612700000e+02 4.41402528884421e-20
3.19030998800000e+02 4.41756872340088e-20
3.19110371500000e+02 4.50293902851236e-20
3.19189731000000e+02 4.64726844738340e-20
3.19269077200000e+02 4.82838858602459e-20
3.19348410200000e+02 5.01577795423133e-20
3.19427729800000e+02 5.18726001877174e-20
3.19507036200000e+02 5.34465389503824e-20
3.19586329200000e+02 5.45020866646865e-20
3.19665609000000e+02 5.46731362296998e-20
3.19744875500000e+02 5.39820070314707e-20
3.19824128700000e+02 5.24495734472003e-20
3.19903368500000e+02 5.03499608101054e-20
3.19982595100000e+02 4.79613847473281e-20
3.20061808300000e+02 4.53433661131122e-20
3.20141008300000e+02 4.28352568626198e-20
3.20220194900000e+02 4.06617588699322e-20
3.20299368200000e+02 3.88008762672807e-20
3.20378528200000e+02 3.74106558599888e-20
3.20457674900000e+02 3.65973424085214e-20
3.20536808200000e+02 3.62468805250699e-20
3.20615928200000e+02 3.63089739901335e-20
3.20695034900000e+02 3.67193798379702e-20
3.20774128200000e+02 3.71353694763735e-20
3.20853208200000e+02 3.72687274259713e-20
3.20932274900000e+02 3.70333242697008e-20
3.21011328200000e+02 3.63827871214638e-20
3.21090368200000e+02 3.53243025968775e-20
3.21169394800000e+02 3.37834416820620e-20
3.21248408000000e+02 3.17878286446427e-20
3.21327407900000e+02 2.97102526773310e-20
3.21406394500000e+02 2.78518467710008e-20
3.21485367700000e+02 2.63307760994317e-20
3.21564327500000e+02 2.52328879775726e-20
3.21643273900000e+02 2.45637445753569e-20
3.21722207000000e+02 2.42882373759718e-20
3.21801126700000e+02 2.43349927401303e-20
3.21880033000000e+02 2.46206032531270e-20
3.21958926000000e+02 2.50047442216531e-20
3.22037805600000e+02 2.53793204664964e-20
3.22116671700000e+02 2.57636693647658e-20
3.22195524500000e+02 2.61647839408385e-20
3.22274363900000e+02 2.66306823735366e-20
3.22353189900000e+02 2.70608406801596e-20
3.22432002500000e+02 2.71784043727260e-20
3.22510801700000e+02 2.69274685695859e-20
3.22589587500000e+02 2.63784002649139e-20
3.22668359900000e+02 2.55088777484206e-20
3.22747118900000e+02 2.42860066551748e-20
3.22825864500000e+02 2.26867163092619e-20
3.22904596600000e+02 2.08243272957861e-20
3.22983315400000e+02 1.89944449810220e-20
3.23062020700000e+02 1.73890572173443e-20
3.23140712600000e+02 1.60493502932581e-20
3.23219391100000e+02 1.50044686356156e-20
3.23298056100000e+02 1.42662045472543e-20
3.23376707700000e+02 1.37805188685529e-20
3.23455345900000e+02 1.35147753713067e-20
3.23533970600000e+02 1.34921124382435e-20
3.23612581900000e+02 1.36821342947533e-20
3.23691179700000e+02 1.40256787886310e-20
3.23769764100000e+02 1.44546311118924e-20
3.23848335100000e+02 1.48755499140551e-20
3.23926892600000e+02 1.52074264641237e-20
3.24005436600000e+02 1.53837429452584e-20
3.24083967200000e+02 1.53547883300878e-20
3.24162484300000e+02 1.51233255386611e-20
3.24240987900000e+02 1.47262487780574e-20
3.24319478100000e+02 1.42235002603272e-20
3.24397954800000e+02 1.36793922083579e-20
3.24476418100000e+02 1.31741532609730e-20
3.24554867800000e+02 1.27799722762432e-20
3.24633304100000e+02 1.25356155377286e-20
3.24711726900000e+02 1.24129412371793e-20
3.24790136200000e+02 1.23914730600966e-20
3.24868532000000e+02 1.24471006067854e-20
3.24946914300000e+02 1.24957108799450e-20
3.25025283200000e+02 1.24813016755693e-20
3.25103638500000e+02 1.23944800158000e-20
3.25181980300000e+02 1.22220629914045e-20
3.25260308700000e+02 1.19839179755560e-20
3.25338623500000e+02 1.16844086650668e-20
3.25416924800000e+02 1.13114046361039e-20
3.25495212600000e+02 1.09475565570197e-20
3.25573486900000e+02 1.06425377906008e-20
3.25651747700000e+02 1.03781420493472e-20
3.25729994900000e+02 1.01320159963954e-20
3.25808228600000e+02 9.87090699161760e-21
3.25886448800000e+02 9.57769026514862e-21
3.25964655500000e+02 9.26082153744600e-21
3.26042848600000e+02 8.90284322771313e-21
3.26121028200000e+02 8.49942934516792e-21
3.26199194300000e+02 8.07754039021679e-21
3.26277346800000e+02 7.66257771283046e-21
3.26355485700000e+02 7.28607840236043e-21
3.26433611200000e+02 6.97481435756410e-21
3.26511723000000e+02 6.72337137347119e-21
3.26589821400000e+02 6.53326929852462e-21
3.26667906100000e+02 6.42558231320241e-21
3.26745977300000e+02 6.39497382099445e-21
3.26824035000000e+02 6.44949242562098e-21
3.26902079000000e+02 6.57177777710195e-21
3.26980109500000e+02 6.73663282395627e-21
3.27058126500000e+02 6.92562089181679e-21
3.27136129800000e+02 7.07078810294404e-21
3.27214119600000e+02 7.14347084956106e-21
3.27292095800000e+02 7.16668435808591e-21
3.27370058400000e+02 7.13618346077505e-21
3.27448007500000e+02 7.04526862154976e-21
3.27525942900000e+02 6.91390156727987e-21
3.27603864700000e+02 6.74878341124111e-21
3.27681773000000e+02 6.59127761435488e-21
3.27759667700000e+02 6.46940877719622e-21
3.27837548700000e+02 6.35429463858645e-21
3.27915416200000e+02 6.24605703820671e-21
3.27993270000000e+02 6.20180154696507e-21
3.28071110300000e+02 6.23967860261571e-21
3.28148936900000e+02 6.26271547135237e-21
3.28226749900000e+02 6.26643247980170e-21
3.28304549300000e+02 6.26185547762480e-21
3.28382335100000e+02 6.23050408743664e-21
3.28460107200000e+02 6.17997437682542e-21
3.28537865700000e+02 6.13449973911210e-21
3.28615610600000e+02 6.18500857683205e-21
3.28693341900000e+02 6.36477476983960e-21
3.28771059500000e+02 6.49992539501594e-21
3.28848763500000e+02 6.50072091980555e-21
3.28926453800000e+02 6.44529951535440e-21
3.29004130500000e+02 6.37818662578253e-21
3.29081793500000e+02 6.27760839719759e-21
3.29159442900000e+02 6.10371326389497e-21
3.29237078700000e+02 5.96000635738240e-21
3.29314700700000e+02 5.90397166478006e-21
3.29392309200000e+02 5.79500427212209e-21
3.29469903900000e+02 5.50280356833863e-21
3.29547485000000e+02 4.21046334753184e-21
3.29625052400000e+02 0.00000000000000e+00
3.29702606200000e+02 0.00000000000000e+00
3.29780146300000e+02 0.00000000000000e+00
3.29857672700000e+02 0.00000000000000e+00
3.29935185400000e+02 0.00000000000000e+00
3.30012684400000e+02 0.00000000000000e+00
3.30090169800000e+02 0.00000000000000e+00
3.30167641500000e+02 0.00000000000000e+00
3.30245099400000e+02 0.00000000000000e+00
3.30322543700000e+02 0.00000000000000e+00
3.30399974300000e+02 0.00000000000000e+00
3.30477391200000e+02 0.00000000000000e+00
3.30554794300000e+02 0.00000000000000e+00
3.30632183800000e+02 0.00000000000000e+00
3.30709559600000e+02 0.00000000000000e+00
3.30786921600000e+02 0.00000000000000e+00
3.30864269900000e+02 0.00000000000000e+00
3.30941604600000e+02 0.00000000000000e+00
3.31018925400000e+02 0.00000000000000e+00
3.31096232600000e+02 0.00000000000000e+00
3.31173526000000e+02 0.00000000000000e+00
3.31250805700000e+02 0.00000000000000e+00
3.31328071700000e+02 0.00000000000000e+00
3.31405324000000e+02 0.00000000000000e+00
3.31482562500000e+02 0.00000000000000e+00
3.31559787200000e+02 0.00000000000000e+00
3.31636998200000e+02 0.00000000000000e+00
3.31714195500000e+02 0.00000000000000e+00
3.31791379000000e+02 0.00000000000000e+00
3.31868548800000e+02 0.00000000000000e+00
3.31945704800000e+02 0.00000000000000e+00
3.32022847000000e+02 0.00000000000000e+00
3.32099975500000e+02 0.00000000000000e+00
3.32177090200000e+02 0.00000000000000e+00
3.32254191100000e+02 0.00000000000000e+00
3.32331278300000e+02 0.00000000000000e+00
3.32408351700000e+02 0.00000000000000e+00
3.32485411300000e+02 0.00000000000000e+00
3.32562457200000e+02 0.00000000000000e+00
3.32639489200000e+02 0.00000000000000e+00
3.32716507500000e+02 0.00000000000000e+00
3.32793512000000e+02 0.00000000000000e+00
3.32870502700000e+02 0.00000000000000e+00
3.32947479600000e+02 0.00000000000000e+00
3.33024442700000e+02 0.00000000000000e+00
3.33101391900000e+02 0.00000000000000e+00
3.33178327400000e+02 0.00000000000000e+00
3.33255249100000e+02 0.00000000000000e+00
3.33332157000000e+02 0.00000000000000e+00
3.33409051100000e+02 0.00000000000000e+00
3.33485931300000e+02 0.00000000000000e+00
3.33562797700000e+02 0.00000000000000e+00
3.33639650300000e+02 0.00000000000000e+00
3.33716489100000e+02 0.00000000000000e+00
3.33793314100000e+02 0.00000000000000e+00
3.33870125200000e+02 0.00000000000000e+00
3.33946922500000e+02 0.00000000000000e+00
3.34023705900000e+02 0.00000000000000e+00
3.34100475500000e+02 0.00000000000000e+00
3.34177231300000e+02 0.00000000000000e+00
3.34253973200000e+02 0.00000000000000e+00
3.34330701300000e+02 0.00000000000000e+00
3.34407415500000e+02 0.00000000000000e+00
3.34484115900000e+02 0.00000000000000e+00
3.34560802400000e+02 0.00000000000000e+00
3.34637475100000e+02 0.00000000000000e+00
3.34714133900000e+02 0.00000000000000e+00
3.34790778800000e+02 0.00000000000000e+00
3.34867409900000e+02 0.00000000000000e+00
3.34944027100000e+02 0.00000000000000e+00
3.35020630400000e+02 0.00000000000000e+00
3.35097219800000e+02 0.00000000000000e+00
3.35173795300000e+02 0.00000000000000e+00
3.35250357000000e+02 0.00000000000000e+00
3.35326904800000e+02 0.00000000000000e+00
3.35403438700000e+02 0.00000000000000e+00
3.35479958700000e+02 0.00000000000000e+00
3.35556464800000e+02 0.00000000000000e+00
3.35632957000000e+02 0.00000000000000e+00
3.35709435300000e+02 0.00000000000000e+00
3.35785899700000e+02 0.00000000000000e+00
3.35862350200000e+02 0.00000000000000e+00
3.35938786800000e+02 0.00000000000000e+00
3.36015209500000e+02 0.00000000000000e+00
3.36091618200000e+02 0.00000000000000e+00
3.36168013100000e+02 0.00000000000000e+00
3.36244394000000e+02 0.00000000000000e+00
3.36320761000000e+02 0.00000000000000e+00
3.36397114100000e+02 0.00000000000000e+00
3.36473453200000e+02 0.00000000000000e+00
3.36549778400000e+02 0.00000000000000e+00
3.36626089600000e+02 0.00000000000000e+00
3.36702387000000e+02 0.00000000000000e+00
3.36778670400000e+02 0.00000000000000e+00
3.36854939800000e+02 0.00000000000000e+00
3.36931195300000e+02 0.00000000000000e+00
3.37007436800000e+02 0.00000000000000e+00
3.37083664400000e+02 0.00000000000000e+00
3.37159878000000e+02 0.00000000000000e+00
3.37236077700000e+02 0.00000000000000e+00
3.37312263400000e+02 0.00000000000000e+00
3.37388435100000e+02 0.00000000000000e+00
3.37464592900000e+02 0.00000000000000e+00
3.37540736700000e+02 0.00000000000000e+00
3.37616866500000e+02 0.00000000000000e+00
3.37692982400000e+02 0.00000000000000e+00
3.37769084200000e+02 0.00000000000000e+00
3.37845172100000e+02 0.00000000000000e+00
3.37921246000000e+02 0.00000000000000e+00
3.37997305900000e+02 0.00000000000000e+00
3.38073351800000e+02 0.00000000000000e+00
3.38149383700000e+02 0.00000000000000e+00
3.38225401600000e+02 0.00000000000000e+00
3.38301405600000e+02 0.00000000000000e+00
3.38377395500000e+02 0.00000000000000e+00
3.38453371400000e+02 0.00000000000000e+00
3.38529333300000e+02 0.00000000000000e+00
3.38605281200000e+02 0.00000000000000e+00
3.38681215000000e+02 0.00000000000000e+00
3.38757134900000e+02 0.00000000000000e+00
3.38833040700000e+02 0.00000000000000e+00
3.38908932500000e+02 0.00000000000000e+00
3.38984810300000e+02 0.00000000000000e+00
3.39060674000000e+02 0.00000000000000e+00
3.39136523700000e+02 0.00000000000000e+00
3.39212359400000e+02 0.00000000000000e+00
3.39288181000000e+02 0.00000000000000e+00
3.39363988600000e+02 0.00000000000000e+00
3.39439782200000e+02 0.00000000000000e+00
3.39515561700000e+02 0.00000000000000e+00
3.39591327100000e+02 0.00000000000000e+00
3.39667078500000e+02 0.00000000000000e+00
3.39742815800000e+02 0.00000000000000e+00
3.39818539100000e+02 0.00000000000000e+00
3.39894248300000e+02 0.00000000000000e+00
3.39969943400000e+02 0.00000000000000e+00
3.40045624500000e+02 0.00000000000000e+00
3.40121291500000e+02 0.00000000000000e+00
3.40196944400000e+02 0.00000000000000e+00
3.40272583300000e+02 0.00000000000000e+00
3.40348208100000e+02 0.00000000000000e+00
3.40423818800000e+02 0.00000000000000e+00
3.40499415400000e+02 0.00000000000000e+00
3.40574997900000e+02 0.00000000000000e+00
3.40650566300000e+02 0.00000000000000e+00
3.40726120600000e+02 0.00000000000000e+00
3.40801660800000e+02 0.00000000000000e+00
3.40877186900000e+02 0.00000000000000e+00
3.40952699000000e+02 0.00000000000000e+00
3.41028196900000e+02 0.00000000000000e+00
3.41103680700000e+02 0.00000000000000e+00
3.41179150400000e+02 0.00000000000000e+00
3.41254605900000e+02 0.00000000000000e+00
3.41330047400000e+02 0.00000000000000e+00
3.41405474700000e+02 0.00000000000000e+00
3.41480887900000e+02 0.00000000000000e+00
3.41556287000000e+02 0.00000000000000e+00
3.41631671900000e+02 0.00000000000000e+00
3.41707042700000e+02 0.00000000000000e+00
3.41782399400000e+02 0.00000000000000e+00
3.41857742000000e+02 0.00000000000000e+00
3.41933070400000e+02 0.00000000000000e+00
3.42008384600000e+02 0.00000000000000e+00
3.42083684700000e+02 0.00000000000000e+00
3.42158970600000e+02 0.00000000000000e+00
3.42234242400000e+02 0.00000000000000e+00
3.42309500100000e+02 0.00000000000000e+00
3.42384743500000e+02 0.00000000000000e+00
3.42459972900000e+02 0.00000000000000e+00
3.42535188000000e+02 0.00000000000000e+00
3.42610389000000e+02 0.00000000000000e+00
3.42685575800000e+02 0.00000000000000e+00
3.42760748400000e+02 0.00000000000000e+00
3.42835906900000e+02 0.00000000000000e+00
3.42911051100000e+02 0.00000000000000e+00
3.42986181200000e+02 0.00000000000000e+00
3.43061297100000e+02 0.00000000000000e+00
3.43136398800000e+02 0.00000000000000e+00
3.43211486400000e+02 0.00000000000000e+00
3.43286559700000e+02 0.00000000000000e+00
3.43361618800000e+02 0.00000000000000e+00
3.43436663700000e+02 0.00000000000000e+00
3.43511694400000e+02 0.00000000000000e+00
3.43586711000000e+02 0.00000000000000e+00
3.43661713300000e+02 0.00000000000000e+00
3.43736701300000e+02 0.00000000000000e+00
3.43811675200000e+02 0.00000000000000e+00
3.43886634900000e+02 0.00000000000000e+00
3.43961580300000e+02 0.00000000000000e+00
3.44036511500000e+02 0.00000000000000e+00
3.44111428500000e+02 0.00000000000000e+00
3.44186331200000e+02 0.00000000000000e+00
3.44261219700000e+02 0.00000000000000e+00
3.44336094000000e+02 0.00000000000000e+00
3.44410954000000e+02 0.00000000000000e+00
3.44485799800000e+02 0.00000000000000e+00
3.44560631400000e+02 0.00000000000000e+00
3.44635448700000e+02 0.00000000000000e+00
3.44710251700000e+02 0.00000000000000e+00
3.44785040500000e+02 0.00000000000000e+00
3.44859815100000e+02 0.00000000000000e+00
3.44934575300000e+02 0.00000000000000e+00
3.45009321300000e+02 0.00000000000000e+00
3.45084053100000e+02 0.00000000000000e+00
3.45158770600000e+02 0.00000000000000e+00
3.45233473800000e+02 0.00000000000000e+00
3.45308162700000e+02 0.00000000000000e+00
3.45382837300000e+02 0.00000000000000e+00
3.45457497700000e+02 0.00000000000000e+00
3.45532143800000e+02 0.00000000000000e+00
3.45606775600000e+02 0.00000000000000e+00
3.45681393100000e+02 0.00000000000000e+00
3.45755996300000e+02 0.00000000000000e+00
3.45830585200000e+02 0.00000000000000e+00
3.45905159900000e+02 0.00000000000000e+00
3.45979720200000e+02 0.00000000000000e+00
3.46054266200000e+02 0.00000000000000e+00
3.46128797900000e+02 0.00000000000000e+00
3.46203315300000e+02 0.00000000000000e+00
3.46277818400000e+02 0.00000000000000e+00
3.46352307200000e+02 0.00000000000000e+00
3.46426781600000e+02 0.00000000000000e+00
3.46501241700000e+02 0.00000000000000e+00
3.46575687500000e+02 0.00000000000000e+00
3.46650119000000e+02 0.00000000000000e+00
3.46724536200000e+02 0.00000000000000e+00
3.46798939000000e+02 0.00000000000000e+00
3.46873327400000e+02 0.00000000000000e+00
3.46947701600000e+02 0.00000000000000e+00
3.47022061300000e+02 0.00000000000000e+00
3.47096406800000e+02 0.00000000000000e+00
3.47170737900000e+02 0.00000000000000e+00
3.47245054600000e+02 0.00000000000000e+00
3.47319357000000e+02 0.00000000000000e+00
3.47393645000000e+02 0.00000000000000e+00
3.47467918700000e+02 0.00000000000000e+00
3.47542178000000e+02 0.00000000000000e+00
3.47616423000000e+02 0.00000000000000e+00
3.47690653500000e+02 0.00000000000000e+00
3.47764869700000e+02 0.00000000000000e+00
3.47839071600000e+02 0.00000000000000e+00
3.47913259000000e+02 0.00000000000000e+00
3.47987432100000e+02 0.00000000000000e+00
3.48061590700000e+02 0.00000000000000e+00
3.48135735000000e+02 0.00000000000000e+00
3.48209864900000e+02 0.00000000000000e+00
3.48283980400000e+02 0.00000000000000e+00
3.48358081600000e+02 0.00000000000000e+00
3.48432168300000e+02 0.00000000000000e+00
3.48506240600000e+02 0.00000000000000e+00
3.48580298500000e+02 0.00000000000000e+00
3.48654342000000e+02 0.00000000000000e+00
3.48728371100000e+02 0.00000000000000e+00
3.48802385800000e+02 0.00000000000000e+00
3.48876386000000e+02 0.00000000000000e+00
3.48950371900000e+02 0.00000000000000e+00
3.49024343300000e+02 0.00000000000000e+00
3.49098300300000e+02 0.00000000000000e+00
3.49172242800000e+02 0.00000000000000e+00
3.49246171000000e+02 0.00000000000000e+00
3.49320084700000e+02 0.00000000000000e+00
3.49393983900000e+02 0.00000000000000e+00
3.49467868800000e+02 0.00000000000000e+00
3.49541739100000e+02 0.00000000000000e+00
3.49615595100000e+02 0.00000000000000e+00
3.49689436600000e+02 0.00000000000000e+00
3.49763263600000e+02 0.00000000000000e+00
3.49837076200000e+02 0.00000000000000e+00
3.49910874300000e+02 0.00000000000000e+00
3.49984658000000e+02 0.00000000000000e+00
3.50058427200000e+02 0.00000000000000e+00
3.50132181900000e+02 0.00000000000000e+00
3.50205922200000e+02 0.00000000000000e+00
3.50279647900000e+02 0.00000000000000e+00
3.50353359300000e+02 0.00000000000000e+00
3.50427056100000e+02 0.00000000000000e+00
3.50500738400000e+02 0.00000000000000e+00
3.50574406300000e+02 0.00000000000000e+00
3.50648059700000e+02 0.00000000000000e+00
3.50721698600000e+02 0.00000000000000e+00
3.50795323000000e+02 0.00000000000000e+00
3.50868932900000e+02 0.00000000000000e+00
3.50942528300000e+02 0.00000000000000e+00
3.51016109200000e+02 0.00000000000000e+00
3.51089675600000e+02 0.00000000000000e+00
3.51163227500000e+02 0.00000000000000e+00
3.51236764900000e+02 0.00000000000000e+00
3.51310287700000e+02 0.00000000000000e+00
3.51383796100000e+02 0.00000000000000e+00
3.51457289900000e+02 0.00000000000000e+00
3.51530769200000e+02 0.00000000000000e+00
3.51604234000000e+02 0.00000000000000e+00
3.51677684300000e+02 0.00000000000000e+00
3.51751120000000e+02 0.00000000000000e+00
3.51824541200000e+02 0.00000000000000e+00
3.51897947800000e+02 0.00000000000000e+00
3.51971339900000e+02 0.00000000000000e+00
3.52044717500000e+02 0.00000000000000e+00
3.52118080500000e+02 0.00000000000000e+00
3.52191429000000e+02 0.00000000000000e+00
3.52264762900000e+02 0.00000000000000e+00
3.52338082300000e+02 0.00000000000000e+00
3.52411387100000e+02 0.00000000000000e+00
3.52484677300000e+02 0.00000000000000e+00
3.52557953000000e+02 0.00000000000000e+00
3.52631214100000e+02 0.00000000000000e+00
3.52704460700000e+02 0.00000000000000e+00
3.52777692700000e+02 0.00000000000000e+00
3.52850910100000e+02 0.00000000000000e+00
3.52924112900000e+02 0.00000000000000e+00
3.52997301100000e+02 0.00000000000000e+00
3.53070474800000e+02 0.00000000000000e+00
3.53143633900000e+02 0.00000000000000e+00
3.53216778300000e+02 0.00000000000000e+00
3.53289908200000e+02 0.00000000000000e+00
3.53363023500000e+02 0.00000000000000e+00
3.53436124200000e+02 0.00000000000000e+00
3.53509210300000e+02 0.00000000000000e+00
3.53582281800000e+02 0.00000000000000e+00
3.53655338700000e+02 0.00000000000000e+00
3.53728380900000e+02 0.00000000000000e+00
3.53801408600000e+02 0.00000000000000e+00
3.53874421600000e+02 0.00000000000000e+00
3.53947420000000e+02 0.00000000000000e+00
3.54020403800000e+02 0.00000000000000e+00
3.54093373000000e+02 0.00000000000000e+00
3.54166327500000e+02 0.00000000000000e+00
3.54239267400000e+02 0.00000000000000e+00
3.54312192700000e+02 0.00000000000000e+00
3.54385103300000e+02 0.00000000000000e+00
3.54457999300000e+02 0.00000000000000e+00
3.54530880700000e+02 0.00000000000000e+00
3.54603747400000e+02 0.00000000000000e+00
3.54676599400000e+02 0.00000000000000e+00
3.54749436900000e+02 0.00000000000000e+00
3.54822259600000e+02 0.00000000000000e+00
3.54895067700000e+02 0.00000000000000e+00
3.54967861100000e+02 0.00000000000000e+00
3.55040639900000e+02 0.00000000000000e+00
3.55113404000000e+02 0.00000000000000e+00
3.55186153400000e+02 0.00000000000000e+00
3.55258888200000e+02 0.00000000000000e+00
3.55331608300000e+02 0.00000000000000e+00
3.55404313700000e+02 0.00000000000000e+00
3.55477004400000e+02 0.00000000000000e+00
3.55549680400000e+02 0.00000000000000e+00
3.55622341800000e+02 0.00000000000000e+00
3.55694988500000e+02 0.00000000000000e+00
3.55767620400000e+02 0.00000000000000e+00
3.55840237700000e+02 0.00000000000000e+00
3.55912840300000e+02 0.00000000000000e+00
3.55985428100000e+02 0.00000000000000e+00
3.56058001300000e+02 0.00000000000000e+00
3.56130559800000e+02 0.00000000000000e+00
3.56203103500000e+02 0.00000000000000e+00
3.56275632500000e+02 0.00000000000000e+00
3.56348146900000e+02 0.00000000000000e+00
3.56420646500000e+02 0.00000000000000e+00
3.56493131300000e+02 0.00000000000000e+00
3.56565601500000e+02 0.00000000000000e+00
3.56638056900000e+02 0.00000000000000e+00
3.56710497600000e+02 0.00000000000000e+00
3.56782923500000e+02 0.00000000000000e+00
3.56855334800000e+02 0.00000000000000e+00
3.56927731200000e+02 0.00000000000000e+00
3.57000113000000e+02 0.00000000000000e+00
3.57072480000000e+02 0.00000000000000e+00
3.57144832200000e+02 0.00000000000000e+00
3.57217169700000e+02 0.00000000000000e+00
3.57289492400000e+02 0.00000000000000e+00
3.57361800400000e+02 0.00000000000000e+00
3.57434093600000e+02 0.00000000000000e+00
3.57506372000000e+02 0.00000000000000e+00
3.57578635700000e+02 0.00000000000000e+00
3.57650884600000e+02 0.00000000000000e+00
3.57723118800000e+02 0.00000000000000e+00
3.57795338100000e+02 0.00000000000000e+00
3.57867542700000e+02 0.00000000000000e+00
3.57939732500000e+02 0.00000000000000e+00
3.58011907500000e+02 0.00000000000000e+00
3.58084067800000e+02 0.00000000000000e+00
3.58156213200000e+02 0.00000000000000e+00
3.58228343800000e+02 0.00000000000000e+00
3.58300459700000e+02 0.00000000000000e+00
3.58372560700000e+02 0.00000000000000e+00
3.58444647000000e+02 0.00000000000000e+00
3.58516718400000e+02 0.00000000000000e+00
3.58588775100000e+02 0.00000000000000e+00
3.58660816900000e+02 0.00000000000000e+00
3.58732843900000e+02 0.00000000000000e+00
3.58804856100000e+02 0.00000000000000e+00
3.58876853500000e+02 0.00000000000000e+00
3.58948836000000e+02 0.00000000000000e+00
3.59020803800000e+02 0.00000000000000e+00
3.59092756700000e+02 0.00000000000000e+00
3.59164694700000e+02 0.00000000000000e+00
3.59236618000000e+02 0.00000000000000e+00
3.59308526300000e+02 0.00000000000000e+00
3.59380419900000e+02 0.00000000000000e+00
3.59452298600000e+02 0.00000000000000e+00
3.59524162500000e+02 0.00000000000000e+00
3.59596011500000e+02 0.00000000000000e+00
3.59667845600000e+02 0.00000000000000e+00
3.59739665000000e+02 0.00000000000000e+00
3.59811469400000e+02 0.00000000000000e+00
3.59883259000000e+02 0.00000000000000e+00
3.59955033700000e+02 0.00000000000000e+00
3.60026793600000e+02 0.00000000000000e+00
3.60098538600000e+02 0.00000000000000e+00
3.60170268700000e+02 0.00000000000000e+00
3.60241983900000e+02 0.00000000000000e+00
3.60313684300000e+02 0.00000000000000e+00
3.60385369700000e+02 0.00000000000000e+00
3.60457040300000e+02 0.00000000000000e+00
3.60528696000000e+02 0.00000000000000e+00
3.60600336900000e+02 0.00000000000000e+00
3.60671962800000e+02 0.00000000000000e+00
3.60743573800000e+02 0.00000000000000e+00
3.60815169900000e+02 0.00000000000000e+00
3.60886751100000e+02 0.00000000000000e+00
3.60958317500000e+02 0.00000000000000e+00
3.61029868900000e+02 0.00000000000000e+00
3.61101405400000e+02 0.00000000000000e+00
3.61172927000000e+02 0.00000000000000e+00
3.61244433600000e+02 0.00000000000000e+00
3.61315925400000e+02 0.00000000000000e+00
3.61387402200000e+02 0.00000000000000e+00
3.61458864100000e+02 0.00000000000000e+00
3.61530311100000e+02 0.00000000000000e+00
3.61601743100000e+02 0.00000000000000e+00
3.61673160200000e+02 0.00000000000000e+00
3.61744562400000e+02 0.00000000000000e+00
3.61815949600000e+02 0.00000000000000e+00
3.61887321900000e+02 0.00000000000000e+00
3.61958679200000e+02 0.00000000000000e+00
3.62030021600000e+02 0.00000000000000e+00
3.62101349000000e+02 0.00000000000000e+00
3.62172661500000e+02 0.00000000000000e+00
3.62243959000000e+02 0.00000000000000e+00
3.62315241600000e+02 0.00000000000000e+00
3.62386509200000e+02 0.00000000000000e+00
3.62457761800000e+02 0.00000000000000e+00
3.62528999500000e+02 0.00000000000000e+00
3.62600222200000e+02 0.00000000000000e+00
3.62671429900000e+02 0.00000000000000e+00
3.62742622600000e+02 0.00000000000000e+00
3.62813800400000e+02 0.00000000000000e+00
3.62884963100000e+02 0.00000000000000e+00
3.62956110900000e+02 0.00000000000000e+00
3.63027243700000e+02 0.00000000000000e+00
3.63098361500000e+02 0.00000000000000e+00
3.63169464300000e+02 0.00000000000000e+00
3.63240552100000e+02 0.00000000000000e+00
3.63311624900000e+02 0.00000000000000e+00
3.63382682600000e+02 0.00000000000000e+00
3.63453725400000e+02 0.00000000000000e+00
3.63524753200000e+02 0.00000000000000e+00
3.63595765900000e+02 0.00000000000000e+00
3.63666763700000e+02 0.00000000000000e+00
3.63737746400000e+02 0.00000000000000e+00
3.63808714100000e+02 0.00000000000000e+00
3.63879666800000e+02 0.00000000000000e+00
3.63950604400000e+02 0.00000000000000e+00
3.64021527000000e+02 0.00000000000000e+00
3.64092434600000e+02 0.00000000000000e+00
3.64163327100000e+02 0.00000000000000e+00
3.64234204600000e+02 0.00000000000000e+00
3.64305067100000e+02 0.00000000000000e+00
3.64375914500000e+02 0.00000000000000e+00
3.64446746800000e+02 0.00000000000000e+00
3.64517564100000e+02 0.00000000000000e+00
3.64588366400000e+02 0.00000000000000e+00
3.64659153600000e+02 0.00000000000000e+00
3.64729925700000e+02 0.00000000000000e+00
3.64800682700000e+02 0.00000000000000e+00
3.64871424700000e+02 0.00000000000000e+00
3.64942151700000e+02 0.00000000000000e+00
3.65012863500000e+02 0.00000000000000e+00
3.65083560300000e+02 0.00000000000000e+00
3.65154242000000e+02 0.00000000000000e+00
3.65224908600000e+02 0.00000000000000e+00
3.65295560100000e+02 0.00000000000000e+00
3.65366196600000e+02 0.00000000000000e+00
3.65436817900000e+02 0.00000000000000e+00
3.65507424200000e+02 0.00000000000000e+00
3.65578015400000e+02 0.00000000000000e+00
3.65648591400000e+02 0.00000000000000e+00
3.65719152400000e+02 0.00000000000000e+00
3.65789698200000e+02 0.00000000000000e+00
3.65860229000000e+02 0.00000000000000e+00
3.65930744600000e+02 0.00000000000000e+00
3.66001245100000e+02 0.00000000000000e+00
3.66071730500000e+02 0.00000000000000e+00
3.66142200800000e+02 0.00000000000000e+00
3.66212656000000e+02 0.00000000000000e+00
3.66283096000000e+02 0.00000000000000e+00
3.66353520900000e+02 0.00000000000000e+00
3.66423930700000e+02 0.00000000000000e+00
3.66494325300000e+02 0.00000000000000e+00
3.66564704800000e+02 0.00000000000000e+00
3.66635069200000e+02 0.00000000000000e+00
3.66705418400000e+02 0.00000000000000e+00
3.66775752500000e+02 0.00000000000000e+00
3.66846071400000e+02 0.00000000000000e+00
3.66916375200000e+02 0.00000000000000e+00
3.66986663800000e+02 0.00000000000000e+00
3.67056937200000e+02 0.00000000000000e+00
3.67127195500000e+02 0.00000000000000e+00
3.67197438700000e+02 0.00000000000000e+00
3.67267666600000e+02 0.00000000000000e+00
3.67337879400000e+02 0.00000000000000e+00
3.67408077000000e+02 0.00000000000000e+00
3.67478259500000e+02 0.00000000000000e+00
3.67548426700000e+02 0.00000000000000e+00
3.67618578800000e+02 0.00000000000000e+00
3.67688715700000e+02 0.00000000000000e+00
3.67758837400000e+02 0.00000000000000e+00
3.67828943900000e+02 0.00000000000000e+00
3.67899035200000e+02 0.00000000000000e+00
3.67969111400000e+02 0.00000000000000e+00
3.68039172300000e+02 0.00000000000000e+00
3.68109218000000e+02 0.00000000000000e+00
3.68179248500000e+02 0.00000000000000e+00
3.68249263800000e+02 0.00000000000000e+00
3.68319263900000e+02 0.00000000000000e+00
3.68389248800000e+02 0.00000000000000e+00
3.68459218500000e+02 0.00000000000000e+00
3.68529172900000e+02 0.00000000000000e+00
3.68599112100000e+02 0.00000000000000e+00
3.68669036100000e+02 0.00000000000000e+00
3.68738944900000e+02 0.00000000000000e+00
3.68808838400000e+02 0.00000000000000e+00
3.68878716700000e+02 0.00000000000000e+00
3.68948579800000e+02 0.00000000000000e+00
3.69018427600000e+02 0.00000000000000e+00
3.69088260200000e+02 0.00000000000000e+00
3.69158077500000e+02 0.00000000000000e+00
3.69227879600000e+02 0.00000000000000e+00
3.69297666400000e+02 0.00000000000000e+00
3.69367438000000e+02 0.00000000000000e+00
3.69437194300000e+02 0.00000000000000e+00
3.69506935400000e+02 0.00000000000000e+00
3.69576661200000e+02 0.00000000000000e+00
3.69646371700000e+02 0.00000000000000e+00
3.69716066900000e+02 0.00000000000000e+00
3.69785746900000e+02 0.00000000000000e+00
3.69855411600000e+02 0.00000000000000e+00
3.69925061000000e+02 0.00000000000000e+00
3.69994695200000e+02 0.00000000000000e+00
3.70064314000000e+02 0.00000000000000e+00
3.70133917600000e+02 0.00000000000000e+00
3.70203505900000e+02 0.00000000000000e+00
3.70273078800000e+02 0.00000000000000e+00
3.70342636500000e+02 0.00000000000000e+00
3.70412178900000e+02 0.00000000000000e+00
3.70481706000000e+02 0.00000000000000e+00
3.70551217800000e+02 0.00000000000000e+00
3.70620714200000e+02 0.00000000000000e+00
3.70690195400000e+02 0.00000000000000e+00
3.70759661200000e+02 0.00000000000000e+00
3.70829111800000e+02 0.00000000000000e+00
3.70898547000000e+02 0.00000000000000e+00
3.70967966800000e+02 0.00000000000000e+00
3.71037371400000e+02 0.00000000000000e+00
3.71106760600000e+02 0.00000000000000e+00
3.71176134500000e+02 0.00000000000000e+00
3.71245493100000e+02 0.00000000000000e+00
3.71314836300000e+02 0.00000000000000e+00
3.71384164200000e+02 0.00000000000000e+00
3.71453476700000e+02 0.00000000000000e+00
3.71522773900000e+02 0.00000000000000e+00
3.71592055700000e+02 0.00000000000000e+00
3.71661322200000e+02 0.00000000000000e+00
3.71730573300000e+02 0.00000000000000e+00
3.71799809100000e+02 0.00000000000000e+00
3.71869029500000e+02 0.00000000000000e+00
3.71938234600000e+02 0.00000000000000e+00
3.72007424200000e+02 0.00000000000000e+00
3.72076598500000e+02 0.00000000000000e+00
3.72145757500000e+02 0.00000000000000e+00
3.72214901000000e+02 0.00000000000000e+00
3.72284029200000e+02 0.00000000000000e+00
3.72353142000000e+02 0.00000000000000e+00
3.72422239400000e+02 0.00000000000000e+00
3.72491321400000e+02 0.00000000000000e+00
3.72560388100000e+02 0.00000000000000e+00
3.72629439300000e+02 0.00000000000000e+00
3.72698475100000e+02 0.00000000000000e+00
3.72767495600000e+02 0.00000000000000e+00
3.72836500600000e+02 0.00000000000000e+00
3.72905490200000e+02 0.00000000000000e+00
3.72974464500000e+02 0.00000000000000e+00
3.73043423300000e+02 0.00000000000000e+00
3.73112366700000e+02 0.00000000000000e+00
3.73181294700000e+02 0.00000000000000e+00
3.73250207200000e+02 0.00000000000000e+00
3.73319104300000e+02 0.00000000000000e+00
3.73387986100000e+02 0.00000000000000e+00
3.73456852300000e+02 0.00000000000000e+00
3.73525703200000e+02 0.00000000000000e+00
3.73594538600000e+02 0.00000000000000e+00
3.73663358600000e+02 0.00000000000000e+00
3.73732163100000e+02 0.00000000000000e+00
3.73800952200000e+02 0.00000000000000e+00
3.73869725800000e+02 0.00000000000000e+00
3.73938484000000e+02 0.00000000000000e+00
3.74007226700000e+02 0.00000000000000e+00
3.74075954000000e+02 0.00000000000000e+00
3.74144665900000e+02 0.00000000000000e+00
3.74213362200000e+02 0.00000000000000e+00
3.74282043100000e+02 0.00000000000000e+00
3.74350708500000e+02 0.00000000000000e+00
3.74419358500000e+02 0.00000000000000e+00
3.74487993000000e+02 0.00000000000000e+00
3.74556612000000e+02 0.00000000000000e+00
3.74625215500000e+02 0.00000000000000e+00
3.74693803600000e+02 0.00000000000000e+00
3.74762376100000e+02 0.00000000000000e+00
3.74830933200000e+02 0.00000000000000e+00
3.74899474800000e+02 0.00000000000000e+00
3.74968000900000e+02 0.00000000000000e+00
3.75036511500000e+02 0.00000000000000e+00
3.75105006600000e+02 0.00000000000000e+00
3.75173486100000e+02 0.00000000000000e+00
3.75241950200000e+02 0.00000000000000e+00
3.75310398800000e+02 0.00000000000000e+00
3.75378831900000e+02 0.00000000000000e+00
3.75447249400000e+02 0.00000000000000e+00
3.75515651400000e+02 0.00000000000000e+00
3.75584037900000e+02 0.00000000000000e+00
3.75652408900000e+02 0.00000000000000e+00
3.75720764400000e+02 0.00000000000000e+00
3.75789104300000e+02 0.00000000000000e+00
3.75857428700000e+02 0.00000000000000e+00
3.75925737600000e+02 0.00000000000000e+00
3.75994030900000e+02 0.00000000000000e+00
3.76062308700000e+02 0.00000000000000e+00
3.76130570900000e+02 0.00000000000000e+00
3.76198817600000e+02 0.00000000000000e+00
3.76267048700000e+02 0.00000000000000e+00
3.76335264300000e+02 0.00000000000000e+00
3.76403464400000e+02 0.00000000000000e+00
3.76471648800000e+02 0.00000000000000e+00
3.76539817700000e+02 0.00000000000000e+00
3.76607971100000e+02 0.00000000000000e+00
3.76676108900000e+02 0.00000000000000e+00
3.76744231100000e+02 0.00000000000000e+00
3.76812337700000e+02 0.00000000000000e+00
3.76880428800000e+02 0.00000000000000e+00
3.76948504200000e+02 0.00000000000000e+00
3.77016564100000e+02 0.00000000000000e+00
3.77084608400000e+02 0.00000000000000e+00
3.77152637200000e+02 0.00000000000000e+00
3.77220650300000e+02 0.00000000000000e+00
3.77288647800000e+02 0.00000000000000e+00
3.77356629800000e+02 0.00000000000000e+00
3.77424596100000e+02 0.00000000000000e+00
3.77492546800000e+02 0.00000000000000e+00
3.77560482000000e+02 0.00000000000000e+00
3.77628401500000e+02 0.00000000000000e+00
3.77696305400000e+02 0.00000000000000e+00
3.77764193700000e+02 0.00000000000000e+00
3.77832066400000e+02 0.00000000000000e+00
3.77899923400000e+02 0.00000000000000e+00
3.77967764800000e+02 0.00000000000000e+00
3.78035590600000e+02 0.00000000000000e+00
3.78103400800000e+02 0.00000000000000e+00
3.78171195400000e+02 0.00000000000000e+00
3.78238974300000e+02 0.00000000000000e+00
3.78306737500000e+02 0.00000000000000e+00
3.78374485200000e+02 0.00000000000000e+00
3.78442217100000e+02 0.00000000000000e+00
3.78509933500000e+02 0.00000000000000e+00
3.78577634200000e+02 0.00000000000000e+00
3.78645319200000e+02 0.00000000000000e+00
3.78712988600000e+02 0.00000000000000e+00
3.78780642300000e+02 0.00000000000000e+00
3.78848280300000e+02 0.00000000000000e+00
3.78915902700000e+02 0.00000000000000e+00
3.78983509500000e+02 0.00000000000000e+00
3.79051100500000e+02 0.00000000000000e+00
3.79118675900000e+02 0.00000000000000e+00
3.79186235600000e+02 0.00000000000000e+00
3.79253779600000e+02 0.00000000000000e+00
3.79321307900000e+02 0.00000000000000e+00
3.79388820600000e+02 0.00000000000000e+00
3.79456317600000e+02 0.00000000000000e+00
3.79523798800000e+02 0.00000000000000e+00
3.79591264400000e+02 0.00000000000000e+00
3.79658714300000e+02 0.00000000000000e+00
3.79726148500000e+02 0.00000000000000e+00
3.79793567000000e+02 0.00000000000000e+00
3.79860969700000e+02 0.00000000000000e+00
3.79928356800000e+02 0.00000000000000e+00
3.79995728100000e+02 0.00000000000000e+00
3.80063083800000e+02 0.00000000000000e+00
3.80130423700000e+02 0.00000000000000e+00
3.80197747900000e+02 0.00000000000000e+00
3.80265056400000e+02 0.00000000000000e+00
3.80332349100000e+02 0.00000000000000e+00
3.80399626100000e+02 0.00000000000000e+00
3.80466887400000e+02 0.00000000000000e+00
3.80534133000000e+02 0.00000000000000e+00
3.80601362800000e+02 0.00000000000000e+00
3.80668576800000e+02 0.00000000000000e+00
3.80735775200000e+02 0.00000000000000e+00
3.80802957700000e+02 0.00000000000000e+00
3.80870124600000e+02 0.00000000000000e+00
3.80937275600000e+02 0.00000000000000e+00
3.81004411000000e+02 0.00000000000000e+00
3.81071530500000e+02 0.00000000000000e+00
3.81138634300000e+02 0.00000000000000e+00
3.81205722400000e+02 0.00000000000000e+00
3.81272794600000e+02 0.00000000000000e+00
3.81339851100000e+02 0.00000000000000e+00
3.81406891800000e+02 0.00000000000000e+00
3.81473916800000e+02 0.00000000000000e+00
3.81540925900000e+02 0.00000000000000e+00
3.81607919300000e+02 0.00000000000000e+00
3.81674896900000e+02 0.00000000000000e+00
3.81741858700000e+02 0.00000000000000e+00
3.81808804700000e+02 0.00000000000000e+00
3.81875734900000e+02 0.00000000000000e+00
3.81942649400000e+02 0.00000000000000e+00
3.82009548000000e+02 0.00000000000000e+00
3.82076430800000e+02 0.00000000000000e+00
3.82143297800000e+02 0.00000000000000e+00
3.82210149000000e+02 0.00000000000000e+00
3.82276984400000e+02 0.00000000000000e+00
3.82343804000000e+02 0.00000000000000e+00
3.82410607700000e+02 0.00000000000000e+00
3.82477395700000e+02 0.00000000000000e+00
3.82544167800000e+02 0.00000000000000e+00
3.82610924100000e+02 0.00000000000000e+00
3.82677664500000e+02 0.00000000000000e+00
3.82744389100000e+02 0.00000000000000e+00
3.82811097900000e+02 0.00000000000000e+00
3.82877790900000e+02 0.00000000000000e+00
3.82944468000000e+02 0.00000000000000e+00
3.83011129300000e+02 0.00000000000000e+00
3.83077774700000e+02 0.00000000000000e+00
3.83144404200000e+02 0.00000000000000e+00
3.83211017900000e+02 0.00000000000000e+00
3.83277615800000e+02 0.00000000000000e+00
3.83344197800000e+02 0.00000000000000e+00
3.83410763900000e+02 0.00000000000000e+00
3.83477314200000e+02 0.00000000000000e+00
3.83543848600000e+02 0.00000000000000e+00
3.83610367100000e+02 0.00000000000000e+00
3.83676869800000e+02 0.00000000000000e+00
3.83743356600000e+02 0.00000000000000e+00
3.83809827500000e+02 0.00000000000000e+00
3.83876282500000e+02 0.00000000000000e+00
3.83942721600000e+02 0.00000000000000e+00
3.84009144800000e+02 0.00000000000000e+00
3.84075552200000e+02 0.00000000000000e+00
3.84141943600000e+02 0.00000000000000e+00
3.84208319200000e+02 0.00000000000000e+00
3.84274678900000e+02 0.00000000000000e+00
3.84341022600000e+02 0.00000000000000e+00
3.84407350500000e+02 0.00000000000000e+00
3.84473662400000e+02 0.00000000000000e+00
3.84539958400000e+02 0.00000000000000e+00
3.84606238500000e+02 0.00000000000000e+00
3.84672502700000e+02 0.00000000000000e+00
3.84738751000000e+02 0.00000000000000e+00
3.84804983300000e+02 0.00000000000000e+00
3.84871199800000e+02 0.00000000000000e+00
3.84937400300000e+02 0.00000000000000e+00
3.85003584800000e+02 0.00000000000000e+00
3.85069753400000e+02 0.00000000000000e+00
3.85135906100000e+02 0.00000000000000e+00
3.85202042900000e+02 0.00000000000000e+00
3.85268163700000e+02 0.00000000000000e+00
3.85334268500000e+02 0.00000000000000e+00
3.85400357400000e+02 0.00000000000000e+00
3.85466430300000e+02 0.00000000000000e+00
3.85532487300000e+02 0.00000000000000e+00
3.85598528400000e+02 0.00000000000000e+00
3.85664553400000e+02 0.00000000000000e+00
3.85730562500000e+02 0.00000000000000e+00
3.85796555700000e+02 0.00000000000000e+00
3.85862532800000e+02 0.00000000000000e+00
3.85928494000000e+02 0.00000000000000e+00
3.85994439200000e+02 0.00000000000000e+00
3.86060368500000e+02 0.00000000000000e+00
3.86126281700000e+02 0.00000000000000e+00
3.86192179000000e+02 0.00000000000000e+00
3.86258060200000e+02 0.00000000000000e+00
3.86323925500000e+02 0.00000000000000e+00
3.86389774800000e+02 0.00000000000000e+00
3.86455608100000e+02 0.00000000000000e+00
3.86521425400000e+02 0.00000000000000e+00
3.86587226700000e+02 0.00000000000000e+00
3.86653012000000e+02 0.00000000000000e+00
3.86718781200000e+02 0.00000000000000e+00
3.86784534500000e+02 0.00000000000000e+00
3.86850271700000e+02 0.00000000000000e+00
3.86915992900000e+02 0.00000000000000e+00
3.86981698100000e+02 0.00000000000000e+00
3.87047387300000e+02 0.00000000000000e+00
3.87113060500000e+02 0.00000000000000e+00
3.87178717600000e+02 0.00000000000000e+00
3.87244358700000e+02 0.00000000000000e+00
3.87309983700000e+02 0.00000000000000e+00
3.87375592700000e+02 0.00000000000000e+00
3.87441185700000e+02 0.00000000000000e+00
3.87506762600000e+02 0.00000000000000e+00
3.87572323500000e+02 0.00000000000000e+00
3.87637868400000e+02 0.00000000000000e+00
3.87703397100000e+02 0.00000000000000e+00
3.87768909800000e+02 0.00000000000000e+00
3.87834406500000e+02 0.00000000000000e+00
3.87899887100000e+02 0.00000000000000e+00
3.87965351600000e+02 0.00000000000000e+00
3.88030800100000e+02 0.00000000000000e+00
3.88096232500000e+02 0.00000000000000e+00
3.88161648800000e+02 0.00000000000000e+00
3.88227049000000e+02 0.00000000000000e+00
3.88292433200000e+02 0.00000000000000e+00
3.88357801300000e+02 0.00000000000000e+00
3.88423153300000e+02 0.00000000000000e+00
3.88488489200000e+02 0.00000000000000e+00
3.88553809000000e+02 0.00000000000000e+00
3.88619112700000e+02 0.00000000000000e+00
3.88684400300000e+02 0.00000000000000e+00
3.88749671800000e+02 0.00000000000000e+00
3.88814927200000e+02 0.00000000000000e+00
3.88880166600000e+02 0.00000000000000e+00
3.88945389800000e+02 0.00000000000000e+00
3.89010596800000e+02 0.00000000000000e+00
3.89075787800000e+02 0.00000000000000e+00
3.89140962700000e+02 0.00000000000000e+00
3.89206121400000e+02 0.00000000000000e+00
3.89271264000000e+02 0.00000000000000e+00
3.89336390500000e+02 0.00000000000000e+00
3.89401500800000e+02 0.00000000000000e+00
3.89466595000000e+02 0.00000000000000e+00
3.89531673100000e+02 0.00000000000000e+00
3.89596735100000e+02 0.00000000000000e+00
3.89661780800000e+02 0.00000000000000e+00
3.89726810500000e+02 0.00000000000000e+00
3.89791824000000e+02 0.00000000000000e+00
3.89856821400000e+02 0.00000000000000e+00
3.89921802600000e+02 0.00000000000000e+00
3.89986767600000e+02 0.00000000000000e+00
3.90051716500000e+02 0.00000000000000e+00
3.90116649200000e+02 0.00000000000000e+00
3.90181565800000e+02 0.00000000000000e+00
3.90246466200000e+02 0.00000000000000e+00
3.90311350400000e+02 0.00000000000000e+00
3.90376218400000e+02 0.00000000000000e+00
3.90441070300000e+02 0.00000000000000e+00
3.90505906000000e+02 0.00000000000000e+00
3.90570725500000e+02 0.00000000000000e+00
3.90635528800000e+02 0.00000000000000e+00
3.90700315900000e+02 0.00000000000000e+00
3.90765086800000e+02 0.00000000000000e+00
3.90829841600000e+02 0.00000000000000e+00
3.90894580100000e+02 0.00000000000000e+00
3.90959302500000e+02 0.00000000000000e+00
3.91024008600000e+02 0.00000000000000e+00
3.91088698500000e+02 0.00000000000000e+00
3.91153372300000e+02 0.00000000000000e+00
3.91218029800000e+02 0.00000000000000e+00
3.91282671100000e+02 0.00000000000000e+00
3.91347296100000e+02 0.00000000000000e+00
3.91411905000000e+02 0.00000000000000e+00
3.91476497600000e+02 0.00000000000000e+00
3.91541074000000e+02 0.00000000000000e+00
3.91605634200000e+02 0.00000000000000e+00
3.91670178100000e+02 0.00000000000000e+00
3.91734705800000e+02 0.00000000000000e+00
3.91799217300000e+02 0.00000000000000e+00
3.91863712500000e+02 0.00000000000000e+00
3.91928191500000e+02 0.00000000000000e+00
3.91992654200000e+02 0.00000000000000e+00
3.92057100700000e+02 0.00000000000000e+00
3.92121530900000e+02 0.00000000000000e+00
3.92185944900000e+02 0.00000000000000e+00
3.92250342600000e+02 0.00000000000000e+00
3.92314724000000e+02 0.00000000000000e+00
3.92379089200000e+02 0.00000000000000e+00
3.92443438100000e+02 0.00000000000000e+00
3.92507770800000e+02 0.00000000000000e+00
3.92572087100000e+02 0.00000000000000e+00
3.92636387200000e+02 0.00000000000000e+00
3.92700671000000e+02 0.00000000000000e+00
3.92764938500000e+02 0.00000000000000e+00
3.92829189800000e+02 0.00000000000000e+00
3.92893424700000e+02 0.00000000000000e+00
3.92957643400000e+02 0.00000000000000e+00
3.93021845700000e+02 0.00000000000000e+00
3.93086031800000e+02 0.00000000000000e+00
3.93150201600000e+02 0.00000000000000e+00
3.93214355000000e+02 0.00000000000000e+00
3.93278492200000e+02 0.00000000000000e+00
3.93342613000000e+02 0.00000000000000e+00
3.93406717500000e+02 0.00000000000000e+00
3.93470805700000e+02 0.00000000000000e+00
3.93534877600000e+02 0.00000000000000e+00
3.93598933200000e+02 0.00000000000000e+00
3.93662972500000e+02 0.00000000000000e+00
3.93726995400000e+02 0.00000000000000e+00
3.93791002000000e+02 0.00000000000000e+00
3.93854992200000e+02 0.00000000000000e+00
3.93918966200000e+02 0.00000000000000e+00
3.93982923700000e+02 0.00000000000000e+00
3.94046865000000e+02 0.00000000000000e+00
3.94110789900000e+02 0.00000000000000e+00
3.94174698400000e+02 0.00000000000000e+00
3.94238590600000e+02 0.00000000000000e+00
3.94302466500000e+02 0.00000000000000e+00
3.94366325900000e+02 0.00000000000000e+00
3.94430169100000e+02 0.00000000000000e+00
3.94493995800000e+02 0.00000000000000e+00
3.94557806200000e+02 0.00000000000000e+00
3.94621600200000e+02 0.00000000000000e+00
3.94685377900000e+02 0.00000000000000e+00
3.94749139200000e+02 0.00000000000000e+00
3.94812884100000e+02 0.00000000000000e+00
3.94876612600000e+02 0.00000000000000e+00
3.94940324800000e+02 0.00000000000000e+00
3.95004020500000e+02 0.00000000000000e+00
3.95067699900000e+02 0.00000000000000e+00
3.95131362800000e+02 0.00000000000000e+00
3.95195009400000e+02 0.00000000000000e+00
3.95258639600000e+02 0.00000000000000e+00
3.95322253400000e+02 0.00000000000000e+00
3.95385850700000e+02 0.00000000000000e+00
3.95449431700000e+02 0.00000000000000e+00
3.95512996300000e+02 0.00000000000000e+00
3.95576544400000e+02 0.00000000000000e+00
3.95640076100000e+02 0.00000000000000e+00
3.95703591500000e+02 0.00000000000000e+00
3.95767090300000e+02 0.00000000000000e+00
3.95830572800000e+02 0.00000000000000e+00
3.95894038800000e+02 0.00000000000000e+00
3.95957488400000e+02 0.00000000000000e+00
3.96020921600000e+02 0.00000000000000e+00
3.96084338400000e+02 0.00000000000000e+00
3.96147738700000e+02 0.00000000000000e+00
3.96211122500000e+02 0.00000000000000e+00
3.96274489900000e+02 0.00000000000000e+00
3.96337840900000e+02 0.00000000000000e+00
3.96401175400000e+02 0.00000000000000e+00
3.96464493400000e+02 0.00000000000000e+00
3.96527795000000e+02 0.00000000000000e+00
3.96591080200000e+02 0.00000000000000e+00
3.96654348900000e+02 0.00000000000000e+00
3.96717601100000e+02 0.00000000000000e+00
3.96780836800000e+02 0.00000000000000e+00
3.96844056100000e+02 0.00000000000000e+00
3.96907258900000e+02 0.00000000000000e+00
3.96970445200000e+02 0.00000000000000e+00
3.97033615000000e+02 0.00000000000000e+00
3.97096768400000e+02 0.00000000000000e+00
3.97159905200000e+02 0.00000000000000e+00
3.97223025600000e+02 0.00000000000000e+00
3.97286129500000e+02 0.00000000000000e+00
3.97349216900000e+02 0.00000000000000e+00
3.97412287800000e+02 0.00000000000000e+00
3.97475342200000e+02 0.00000000000000e+00
3.97538380100000e+02 0.00000000000000e+00
3.97601401500000e+02 0.00000000000000e+00
3.97664406300000e+02 0.00000000000000e+00
3.97727394700000e+02 0.00000000000000e+00
3.97790366500000e+02 0.00000000000000e+00
3.97853321800000e+02 0.00000000000000e+00
3.97916260600000e+02 0.00000000000000e+00
3.97979182900000e+02 0.00000000000000e+00
3.98042088700000e+02 0.00000000000000e+00
3.98104977900000e+02 0.00000000000000e+00
3.98167850600000e+02 0.00000000000000e+00
3.98230706700000e+02 0.00000000000000e+00
3.98293546300000e+02 0.00000000000000e+00
3.98356369400000e+02 0.00000000000000e+00
3.98419175900000e+02 0.00000000000000e+00
3.98481965900000e+02 0.00000000000000e+00
3.98544739300000e+02 0.00000000000000e+00
3.98607496200000e+02 0.00000000000000e+00
3.98670236500000e+02 0.00000000000000e+00
3.98732960200000e+02 0.00000000000000e+00
3.98795667400000e+02 0.00000000000000e+00
3.98858358000000e+02 0.00000000000000e+00
3.98921032100000e+02 0.00000000000000e+00
3.98983689600000e+02 0.00000000000000e+00
3.99046330500000e+02 0.00000000000000e+00
3.99108954800000e+02 0.00000000000000e+00
3.99171562500000e+02 0.00000000000000e+00
3.99234153700000e+02 0.00000000000000e+00
3.99296728300000e+02 0.00000000000000e+00
3.99359286300000e+02 0.00000000000000e+00
3.99421827700000e+02 0.00000000000000e+00
3.99484352500000e+02 0.00000000000000e+00
3.99546860700000e+02 0.00000000000000e+00
3.99609352300000e+02 0.00000000000000e+00
3.99671827300000e+02 0.00000000000000e+00
3.99734285600000e+02 0.00000000000000e+00
3.99796727400000e+02 0.00000000000000e+00
3.99859152600000e+02 0.00000000000000e+00
3.99921561100000e+02 0.00000000000000e+00
3.99983953100000e+02 0.00000000000000e+00
4.00046328400000e+02 0.00000000000000e+00
4.00108687100000e+02 0.00000000000000e+00
4.00171029100000e+02 0.00000000000000e+00
4.00233354500000e+02 0.00000000000000e+00
4.00295663300000e+02 0.00000000000000e+00
4.00357955500000e+02 0.00000000000000e+00
4.00420231000000e+02 0.00000000000000e+00
4.00482489900000e+02 0.00000000000000e+00
4.00544732100000e+02 0.00000000000000e+00
4.00606957700000e+02 0.00000000000000e+00
4.00669166600000e+02 0.00000000000000e+00
4.00731358900000e+02 0.00000000000000e+00
4.00793534500000e+02 0.00000000000000e+00
4.00855693400000e+02 0.00000000000000e+00
4.00917835700000e+02 0.00000000000000e+00
4.00979961400000e+02 0.00000000000000e+00
4.01042070300000e+02 0.00000000000000e+00
4.01104162600000e+02 0.00000000000000e+00
4.01166238200000e+02 0.00000000000000e+00
4.01228297200000e+02 0.00000000000000e+00
4.01290339400000e+02 0.00000000000000e+00
4.01352365000000e+02 0.00000000000000e+00
4.01414373900000e+02 0.00000000000000e+00
4.01476366000000e+02 0.00000000000000e+00
4.01538341500000e+02 0.00000000000000e+00
4.01600300400000e+02 0.00000000000000e+00
4.01662242500000e+02 0.00000000000000e+00
4.01724167900000e+02 0.00000000000000e+00
4.01786076600000e+02 0.00000000000000e+00
4.01847968600000e+02 0.00000000000000e+00
4.01909843800000e+02 0.00000000000000e+00
4.01971702400000e+02 0.00000000000000e+00
4.02033544300000e+02 0.00000000000000e+00
4.02095369400000e+02 0.00000000000000e+00
4.02157177800000e+02 0.00000000000000e+00
4.02218969500000e+02 0.00000000000000e+00
4.02280744500000e+02 0.00000000000000e+00
4.02342502700000e+02 0.00000000000000e+00
4.02404244200000e+02 0.00000000000000e+00
4.02465968900000e+02 0.00000000000000e+00
4.02527677000000e+02 0.00000000000000e+00
4.02589368200000e+02 0.00000000000000e+00
4.02651042800000e+02 0.00000000000000e+00
4.02712700500000e+02 0.00000000000000e+00
4.02774341600000e+02 0.00000000000000e+00
4.02835965800000e+02 0.00000000000000e+00
4.02897573400000e+02 0.00000000000000e+00
4.02959164100000e+02 0.00000000000000e+00
4.03020738100000e+02 0.00000000000000e+00
4.03082295400000e+02 0.00000000000000e+00
4.03143835800000e+02 0.00000000000000e+00
4.03205359500000e+02 0.00000000000000e+00
4.03266866400000e+02 0.00000000000000e+00
4.03328356500000e+02 0.00000000000000e+00
4.03389829900000e+02 0.00000000000000e+00
4.03451286500000e+02 0.00000000000000e+00
4.03512726300000e+02 0.00000000000000e+00
4.03574149200000e+02 0.00000000000000e+00
4.03635555400000e+02 0.00000000000000e+00
4.03696944900000e+02 0.00000000000000e+00
4.03758317500000e+02 0.00000000000000e+00
4.03819673300000e+02 0.00000000000000e+00
4.03881012300000e+02 0.00000000000000e+00
4.03942334500000e+02 0.00000000000000e+00
4.04003639800000e+02 0.00000000000000e+00
4.04064928400000e+02 0.00000000000000e+00
4.04126200200000e+02 0.00000000000000e+00
4.04187455100000e+02 0.00000000000000e+00
4.04248693200000e+02 0.00000000000000e+00
4.04309914500000e+02 0.00000000000000e+00
4.04371119000000e+02 0.00000000000000e+00
4.04432306600000e+02 0.00000000000000e+00
4.04493477400000e+02 0.00000000000000e+00
4.04554631300000e+02 0.00000000000000e+00
4.04615768500000e+02 0.00000000000000e+00
4.04676888700000e+02 0.00000000000000e+00
4.04737992200000e+02 0.00000000000000e+00
4.04799078700000e+02 0.00000000000000e+00
4.04860148500000e+02 0.00000000000000e+00
4.04921201400000e+02 0.00000000000000e+00
4.04982237400000e+02 0.00000000000000e+00
4.05043256500000e+02 0.00000000000000e+00
4.05104258800000e+02 0.00000000000000e+00
4.05165244300000e+02 0.00000000000000e+00
4.05226212800000e+02 0.00000000000000e+00
4.05287164500000e+02 0.00000000000000e+00
4.05348099300000e+02 0.00000000000000e+00
4.05409017200000e+02 0.00000000000000e+00
4.05469918300000e+02 0.00000000000000e+00
4.05530802500000e+02 0.00000000000000e+00
4.05591669700000e+02 0.00000000000000e+00
4.05652520100000e+02 0.00000000000000e+00
4.05713353600000e+02 0.00000000000000e+00
4.05774170200000e+02 0.00000000000000e+00
4.05834969900000e+02 0.00000000000000e+00
4.05895752700000e+02 0.00000000000000e+00
4.05956518600000e+02 0.00000000000000e+00
4.06017267600000e+02 0.00000000000000e+00
4.06077999700000e+02 0.00000000000000e+00
4.06138714900000e+02 0.00000000000000e+00
4.06199413100000e+02 0.00000000000000e+00
4.06260094500000e+02 0.00000000000000e+00
4.06320758900000e+02 0.00000000000000e+00
4.06381406400000e+02 0.00000000000000e+00
4.06442036900000e+02 0.00000000000000e+00
4.06502650500000e+02 0.00000000000000e+00
4.06563247200000e+02 0.00000000000000e+00
4.06623827000000e+02 0.00000000000000e+00
4.06684389800000e+02 0.00000000000000e+00
4.06744935700000e+02 0.00000000000000e+00
4.06805464600000e+02 0.00000000000000e+00
4.06865976600000e+02 0.00000000000000e+00
4.06926471600000e+02 0.00000000000000e+00
4.06986949700000e+02 0.00000000000000e+00
4.07047410800000e+02 0.00000000000000e+00
4.07107854900000e+02 0.00000000000000e+00
4.07168282100000e+02 0.00000000000000e+00
4.07228692300000e+02 0.00000000000000e+00
4.07289085600000e+02 0.00000000000000e+00
4.07349461900000e+02 0.00000000000000e+00
4.07409821200000e+02 0.00000000000000e+00
4.07470163500000e+02 0.00000000000000e+00
4.07530488900000e+02 0.00000000000000e+00
4.07590797200000e+02 0.00000000000000e+00
4.07651088600000e+02 0.00000000000000e+00
4.07711363000000e+02 0.00000000000000e+00
4.07771620400000e+02 0.00000000000000e+00
4.07831860800000e+02 0.00000000000000e+00
4.07892084200000e+02 0.00000000000000e+00
4.07952290600000e+02 0.00000000000000e+00
4.08012479900000e+02 0.00000000000000e+00
4.08072652300000e+02 0.00000000000000e+00
4.08132807700000e+02 0.00000000000000e+00
4.08192946100000e+02 0.00000000000000e+00
4.08253067400000e+02 0.00000000000000e+00
4.08313171700000e+02 0.00000000000000e+00
4.08373259000000e+02 0.00000000000000e+00
4.08433329300000e+02 0.00000000000000e+00
4.08493382600000e+02 0.00000000000000e+00
4.08553418800000e+02 0.00000000000000e+00
4.08613438000000e+02 0.00000000000000e+00
4.08673440100000e+02 0.00000000000000e+00
4.08733425200000e+02 0.00000000000000e+00
4.08793393300000e+02 0.00000000000000e+00
4.08853344300000e+02 0.00000000000000e+00
4.08913278300000e+02 0.00000000000000e+00
4.08973195200000e+02 0.00000000000000e+00
4.09033095000000e+02 0.00000000000000e+00
4.09092977800000e+02 0.00000000000000e+00
4.09152843600000e+02 0.00000000000000e+00
4.09212692300000e+02 0.00000000000000e+00
4.09272523900000e+02 0.00000000000000e+00
4.09332338400000e+02 0.00000000000000e+00
4.09392135900000e+02 0.00000000000000e+00
4.09451916300000e+02 0.00000000000000e+00
4.09511679600000e+02 0.00000000000000e+00
4.09571425800000e+02 0.00000000000000e+00
4.09631155000000e+02 0.00000000000000e+00
4.09690867100000e+02 0.00000000000000e+00
4.09750562000000e+02 0.00000000000000e+00
4.09810239900000e+02 0.00000000000000e+00
4.09869900700000e+02 0.00000000000000e+00
4.09929544400000e+02 0.00000000000000e+00
4.09989171000000e+02 0.00000000000000e+00
4.10048780500000e+02 0.00000000000000e+00
4.10108372800000e+02 0.00000000000000e+00
4.10167948100000e+02 0.00000000000000e+00
4.10227506200000e+02 0.00000000000000e+00
4.10287047300000e+02 0.00000000000000e+00
4.10346571200000e+02 0.00000000000000e+00
4.10406078000000e+02 0.00000000000000e+00
4.10465567600000e+02 0.00000000000000e+00
4.10525040200000e+02 0.00000000000000e+00
4.10584495600000e+02 0.00000000000000e+00
4.10643933900000e+02 0.00000000000000e+00
4.10703355000000e+02 0.00000000000000e+00
4.10762759000000e+02 0.00000000000000e+00
4.10822145800000e+02 0.00000000000000e+00
4.10881515500000e+02 0.00000000000000e+00
4.10940868100000e+02 0.00000000000000e+00
4.11000203500000e+02 0.00000000000000e+00
4.11059521800000e+02 0.00000000000000e+00
4.11118822800000e+02 0.00000000000000e+00
4.11178106800000e+02 0.00000000000000e+00
4.11237373500000e+02 0.00000000000000e+00
4.11296623100000e+02 0.00000000000000e+00
4.11355855600000e+02 0.00000000000000e+00
4.11415070800000e+02 0.00000000000000e+00
4.11474268900000e+02 0.00000000000000e+00
4.11533449800000e+02 0.00000000000000e+00
4.11592613500000e+02 0.00000000000000e+00
4.11651760100000e+02 0.00000000000000e+00
4.11710889400000e+02 0.00000000000000e+00
4.11770001600000e+02 0.00000000000000e+00
4.11829096600000e+02 0.00000000000000e+00
4.11888174300000e+02 0.00000000000000e+00
4.11947234900000e+02 0.00000000000000e+00
4.12006278300000e+02 0.00000000000000e+00
4.12065304400000e+02 0.00000000000000e+00
4.12124313400000e+02 0.00000000000000e+00
4.12183305100000e+02 0.00000000000000e+00
4.12242279700000e+02 0.00000000000000e+00
4.12301237000000e+02 0.00000000000000e+00
4.12360177100000e+02 0.00000000000000e+00
4.12419100000000e+02 0.00000000000000e+00
4.12478005600000e+02 0.00000000000000e+00
4.12536894000000e+02 0.00000000000000e+00
4.12595765200000e+02 0.00000000000000e+00
4.12654619200000e+02 0.00000000000000e+00
4.12713455900000e+02 0.00000000000000e+00
4.12772275400000e+02 0.00000000000000e+00
4.12831077600000e+02 0.00000000000000e+00
4.12889862600000e+02 0.00000000000000e+00
4.12948630400000e+02 0.00000000000000e+00
4.13007380800000e+02 0.00000000000000e+00
4.13066114100000e+02 0.00000000000000e+00
4.13124830000000e+02 0.00000000000000e+00
4.13183528800000e+02 0.00000000000000e+00
4.13242210200000e+02 0.00000000000000e+00
4.13300874400000e+02 0.00000000000000e+00
4.13359521300000e+02 0.00000000000000e+00
4.13418150900000e+02 0.00000000000000e+00
4.13476763300000e+02 0.00000000000000e+00
4.13535358400000e+02 0.00000000000000e+00
4.13593936200000e+02 0.00000000000000e+00
4.13652496700000e+02 0.00000000000000e+00
4.13711040000000e+02 0.00000000000000e+00
4.13769565900000e+02 0.00000000000000e+00
4.13828074600000e+02 0.00000000000000e+00
4.13886565900000e+02 0.00000000000000e+00
4.13945040000000e+02 0.00000000000000e+00
4.14003496700000e+02 0.00000000000000e+00
4.14061936200000e+02 0.00000000000000e+00
4.14120358300000e+02 0.00000000000000e+00
4.14178763100000e+02 0.00000000000000e+00
4.14237150700000e+02 0.00000000000000e+00
4.14295520900000e+02 0.00000000000000e+00
4.14353873700000e+02 0.00000000000000e+00
4.14412209300000e+02 0.00000000000000e+00
4.14470527500000e+02 0.00000000000000e+00
4.14528828400000e+02 0.00000000000000e+00
4.14587112000000e+02 0.00000000000000e+00
4.14645378200000e+02 0.00000000000000e+00
4.14703627100000e+02 0.00000000000000e+00
4.14761858700000e+02 0.00000000000000e+00
4.14820072900000e+02 0.00000000000000e+00
4.14878269800000e+02 0.00000000000000e+00
4.14936449300000e+02 0.00000000000000e+00
4.14994611500000e+02 0.00000000000000e+00
4.15052756300000e+02 0.00000000000000e+00
4.15110883700000e+02 0.00000000000000e+00
4.15168993800000e+02 0.00000000000000e+00
4.15227086500000e+02 0.00000000000000e+00
4.15285161900000e+02 0.00000000000000e+00
4.15343219900000e+02 0.00000000000000e+00
4.15401260500000e+02 0.00000000000000e+00
4.15459283800000e+02 0.00000000000000e+00
4.15517289600000e+02 0.00000000000000e+00
4.15575278100000e+02 0.00000000000000e+00
4.15633249200000e+02 0.00000000000000e+00
4.15691202900000e+02 0.00000000000000e+00
4.15749139300000e+02 0.00000000000000e+00
4.15807058200000e+02 0.00000000000000e+00
4.15864959700000e+02 0.00000000000000e+00
4.15922843800000e+02 0.00000000000000e+00
4.15980710600000e+02 0.00000000000000e+00
4.16038559900000e+02 0.00000000000000e+00
4.16096391800000e+02 0.00000000000000e+00
4.16154206300000e+02 0.00000000000000e+00
4.16212003400000e+02 0.00000000000000e+00
4.16269783100000e+02 0.00000000000000e+00
4.16327545400000e+02 0.00000000000000e+00
4.16385290200000e+02 0.00000000000000e+00
4.16443017600000e+02 0.00000000000000e+00
4.16500727600000e+02 0.00000000000000e+00
4.16558420100000e+02 0.00000000000000e+00
4.16616095200000e+02 0.00000000000000e+00
4.16673752900000e+02 0.00000000000000e+00
4.16731393100000e+02 0.00000000000000e+00
4.16789015900000e+02 0.00000000000000e+00
4.16846621300000e+02 0.00000000000000e+00
4.16904209200000e+02 0.00000000000000e+00
4.16961779600000e+02 0.00000000000000e+00
4.17019332600000e+02 0.00000000000000e+00
4.17076868100000e+02 0.00000000000000e+00
4.17134386200000e+02 0.00000000000000e+00
4.17191886800000e+02 0.00000000000000e+00
4.17249370000000e+02 0.00000000000000e+00
4.17306835600000e+02 0.00000000000000e+00
4.17364283800000e+02 0.00000000000000e+00
4.17421714500000e+02 0.00000000000000e+00
4.17479127800000e+02 0.00000000000000e+00
4.17536523500000e+02 0.00000000000000e+00
4.17593901800000e+02 0.00000000000000e+00
4.17651262600000e+02 0.00000000000000e+00
4.17708605900000e+02 0.00000000000000e+00
4.17765931700000e+02 0.00000000000000e+00
4.17823240000000e+02 0.00000000000000e+00
4.17880530800000e+02 0.00000000000000e+00
4.17937804100000e+02 0.00000000000000e+00
4.17995059900000e+02 0.00000000000000e+00
4.18052298200000e+02 0.00000000000000e+00
4.18109519000000e+02 0.00000000000000e+00
4.18166722300000e+02 0.00000000000000e+00
4.18223908000000e+02 0.00000000000000e+00
4.18281076200000e+02 0.00000000000000e+00
4.18338226900000e+02 0.00000000000000e+00
4.18395360100000e+02 0.00000000000000e+00
4.18452475800000e+02 0.00000000000000e+00
4.18509573900000e+02 0.00000000000000e+00
4.18566654500000e+02 0.00000000000000e+00
4.18623717500000e+02 0.00000000000000e+00
4.18680763000000e+02 0.00000000000000e+00
4.18737791000000e+02 0.00000000000000e+00
4.18794801400000e+02 0.00000000000000e+00
4.18851794300000e+02 0.00000000000000e+00
4.18908769600000e+02 0.00000000000000e+00
4.18965727400000e+02 0.00000000000000e+00
4.19022667600000e+02 0.00000000000000e+00
4.19079590200000e+02 0.00000000000000e+00
4.19136495300000e+02 0.00000000000000e+00
4.19193382800000e+02 0.00000000000000e+00
4.19250252700000e+02 0.00000000000000e+00
4.19307105100000e+02 0.00000000000000e+00
4.19363939900000e+02 0.00000000000000e+00
4.19420757100000e+02 0.00000000000000e+00
4.19477556700000e+02 0.00000000000000e+00
4.19534338800000e+02 0.00000000000000e+00
4.19591103200000e+02 0.00000000000000e+00
4.19647850100000e+02 0.00000000000000e+00
4.19704579400000e+02 0.00000000000000e+00
4.19761291100000e+02 0.00000000000000e+00
4.19817985100000e+02 0.00000000000000e+00
4.19874661600000e+02 0.00000000000000e+00
4.19931320500000e+02 0.00000000000000e+00
4.19987961700000e+02 0.00000000000000e+00
4.20044585400000e+02 0.00000000000000e+00
4.20101191400000e+02 0.00000000000000e+00
4.20157779900000e+02 0.00000000000000e+00
4.20214350700000e+02 0.00000000000000e+00
4.20270903800000e+02 0.00000000000000e+00
4.20327439400000e+02 0.00000000000000e+00
4.20383957300000e+02 0.00000000000000e+00
4.20440457600000e+02 0.00000000000000e+00
4.20496940200000e+02 0.00000000000000e+00
4.20553405300000e+02 0.00000000000000e+00
4.20609852600000e+02 0.00000000000000e+00
4.20666282400000e+02 0.00000000000000e+00
4.20722694500000e+02 0.00000000000000e+00
4.20779088900000e+02 0.00000000000000e+00
4.20835465700000e+02 0.00000000000000e+00
4.20891824800000e+02 0.00000000000000e+00
4.20948166300000e+02 0.00000000000000e+00
4.21004490100000e+02 0.00000000000000e+00
4.21060796200000e+02 0.00000000000000e+00
4.21117084700000e+02 0.00000000000000e+00
4.21173355500000e+02 0.00000000000000e+00
4.21229608700000e+02 0.00000000000000e+00
4.21285844100000e+02 0.00000000000000e+00
4.21342061900000e+02 0.00000000000000e+00
4.21398262000000e+02 0.00000000000000e+00
4.21454444400000e+02 0.00000000000000e+00
4.21510609100000e+02 0.00000000000000e+00
4.21566756200000e+02 0.00000000000000e+00
4.21622885500000e+02 0.00000000000000e+00
4.21678997100000e+02 0.00000000000000e+00
4.21735091100000e+02 0.00000000000000e+00
4.21791167300000e+02 0.00000000000000e+00
4.21847225900000e+02 0.00000000000000e+00
4.21903266700000e+02 0.00000000000000e+00
4.21959289800000e+02 0.00000000000000e+00
4.22015295200000e+02 0.00000000000000e+00
4.22071282900000e+02 0.00000000000000e+00
4.22127252900000e+02 0.00000000000000e+00
4.22183205100000e+02 0.00000000000000e+00
4.22239139600000e+02 0.00000000000000e+00
4.22295056400000e+02 0.00000000000000e+00
4.22350955500000e+02 0.00000000000000e+00
4.22406836800000e+02 0.00000000000000e+00
4.22462700400000e+02 0.00000000000000e+00
4.22518546200000e+02 0.00000000000000e+00
4.22574374300000e+02 0.00000000000000e+00
4.22630184700000e+02 0.00000000000000e+00
4.22685977300000e+02 0.00000000000000e+00
4.22741752100000e+02 0.00000000000000e+00
4.22797509200000e+02 0.00000000000000e+00
4.22853248500000e+02 0.00000000000000e+00
4.22908970100000e+02 0.00000000000000e+00
4.22964673900000e+02 0.00000000000000e+00
4.23020360000000e+02 0.00000000000000e+00
4.23076028200000e+02 0.00000000000000e+00
4.23131678700000e+02 0.00000000000000e+00
4.23187311400000e+02 0.00000000000000e+00
4.23242926400000e+02 0.00000000000000e+00
4.23298523600000e+02 0.00000000000000e+00
4.23354102900000e+02 0.00000000000000e+00
4.23409664500000e+02 0.00000000000000e+00
4.23465208300000e+02 0.00000000000000e+00
4.23520734300000e+02 0.00000000000000e+00
4.23576242500000e+02 0.00000000000000e+00
4.23631732900000e+02 0.00000000000000e+00
4.23687205500000e+02 0.00000000000000e+00
4.23742660300000e+02 0.00000000000000e+00
4.23798097300000e+02 0.00000000000000e+00
4.23853516500000e+02 0.00000000000000e+00
4.23908917900000e+02 0.00000000000000e+00
4.23964301400000e+02 0.00000000000000e+00
4.24019667100000e+02 0.00000000000000e+00
4.24075015000000e+02 0.00000000000000e+00
4.24130345100000e+02 0.00000000000000e+00
4.24185657400000e+02 0.00000000000000e+00
4.24240951800000e+02 0.00000000000000e+00
4.24296228400000e+02 0.00000000000000e+00
4.24351487100000e+02 0.00000000000000e+00
4.24406728000000e+02 0.00000000000000e+00
4.24461951100000e+02 0.00000000000000e+00
4.24517156300000e+02 0.00000000000000e+00
4.24572343600000e+02 0.00000000000000e+00
