2.78192030800000e+02 4.53173868983243e-18
2.78278108200000e+02 4.50276752477965e-18
2.78364175100000e+02 4.47541547724762e-18
2.78450231700000e+02 4.44856254499542e-18
2.78536277800000e+02 4.42105598503112e-18
2.78622313500000e+02 4.39217935287738e-18
2.78708338700000e+02 4.36148503533959e-18
2.78794353500000e+02 4.32909153225450e-18
2.78880357800000e+02 4.29548874371298e-18
2.78966351700000e+02 4.26161469033004e-18
2.79052335200000e+02 4.22846764985195e-18
2.79138308100000e+02 4.19734430656194e-18
2.79224270600000e+02 4.16916636909719e-18
2.79310222700000e+02 4.14443908586243e-18
2.79396164200000e+02 4.12298327846086e-18
2.79482095300000e+02 4.10384080899824e-18
2.79568015800000e+02 4.08575128960229e-18
2.79653925900000e+02 4.06685000718118e-18
2.79739825500000e+02 4.04528383843409e-18
2.79825714600000e+02 4.01964058540652e-18
2.79911593200000e+02 3.98895523711412e-18
2.79997461200000e+02 3.95339082850466e-18
2.80083318800000e+02 3.91383389749970e-18
2.80169165800000e+02 3.87199353314219e-18
2.80255002300000e+02 3.82982190594765e-18
2.80340828200000e+02 3.78913821958397e-18
2.80426643700000e+02 3.75159346023541e-18
2.80512448500000e+02 3.71843955027676e-18
2.80598242900000e+02 3.69009168320610e-18
2.80684026700000e+02 3.66588307800021e-18
2.80769799900000e+02 3.64440532242692e-18
2.80855562500000e+02 3.62378188428848e-18
2.80941314600000e+02 3.60210042329467e-18
2.81027056200000e+02 3.57758062988246e-18
2.81112787100000e+02 3.54878529136650e-18
2.81198507500000e+02 3.51509811059678e-18
2.81284217200000e+02 3.47696328710249e-18
2.81369916400000e+02 3.43573121030140e-18
2.81455605000000e+02 3.39334675313930e-18
2.81541283000000e+02 3.35176471109393e-18
2.81626950400000e+02 3.31271682320958e-18
2.81712607200000e+02 3.27781033910330e-18
2.81798253300000e+02 3.24770470731926e-18
2.81883888900000e+02 3.22224126686372e-18
2.81969513800000e+02 3.20078383538980e-18
2.82055128100000e+02 3.18204437236246e-18
2.82140731700000e+02 3.16446807130098e-18
2.82226324700000e+02 3.14651028740242e-18
2.82311907100000e+02 3.12705003667971e-18
2.82397478800000e+02 3.10577830876234e-18
2.82483039800000e+02 3.08276755937338e-18
2.82568590200000e+02 3.05882475090701e-18
2.82654129900000e+02 3.03517750008478e-18
2.82739659000000e+02 3.01321290858319e-18
2.82825177400000e+02 2.99435626822755e-18
2.82910685100000e+02 2.97922998319112e-18
2.82996182100000e+02 2.96768959691110e-18
2.83081668400000e+02 2.95875822373906e-18
2.83167144100000e+02 2.95060730352785e-18
2.83252609000000e+02 2.94094645207746e-18
2.83338063200000e+02 2.92762509782195e-18
2.83423506700000e+02 2.90914152382322e-18
2.83508939600000e+02 2.88470887159337e-18
2.83594361600000e+02 2.85425379263088e-18
2.83679773000000e+02 2.81863104420701e-18
2.83765173600000e+02 2.77966104040258e-18
2.83850563500000e+02 2.73964919527104e-18
2.83935942700000e+02 2.70077603040041e-18
2.84021311100000e+02 2.66468749715948e-18
2.84106668800000e+02 2.63240902915388e-18
2.84192015700000e+02 2.60412689882638e-18
2.84277351900000e+02 2.57955567716627e-18
2.84362677300000e+02 2.55795508844484e-18
2.84447991900000e+02 2.53827584473740e-18
2.84533295700000e+02 2.51964470845287e-18
2.84618588800000e+02 2.50093370302838e-18
2.84703871100000e+02 2.48126143073428e-18
2.84789142600000e+02 2.46006593303119e-18
2.84874403300000e+02 2.43709297129165e-18
2.84959653200000e+02 2.41247190334668e-18
2.85044892400000e+02 2.38643177385263e-18
2.85130120700000e+02 2.35974254529774e-18
2.85215338200000e+02 2.33332292028007e-18
2.85300544800000e+02 2.30825228112477e-18
2.85385740700000e+02 2.28553240273425e-18
2.85470925700000e+02 2.26573965287754e-18
2.85556099900000e+02 2.24886823628774e-18
2.85641263300000e+02 2.23434787724539e-18
2.85726415800000e+02 2.22130619817260e-18
2.85811557500000e+02 2.20880152974952e-18
2.85896688300000e+02 2.19575793446875e-18
2.85981808200000e+02 2.18144862405080e-18
2.86066917300000e+02 2.16559269434143e-18
2.86152015600000e+02 2.14808829207703e-18
2.86237102900000e+02 2.12915357159144e-18
2.86322179400000e+02 2.10920900201055e-18
2.86407245000000e+02 2.08875063866845e-18
2.86492299700000e+02 2.06827645956120e-18
2.86577343600000e+02 2.04829989877361e-18
2.86662376500000e+02 2.02915951315621e-18
2.86747398500000e+02 2.01116651364525e-18
2.86832409700000e+02 1.99442682302565e-18
2.86917409900000e+02 1.97867666537983e-18
2.87002399200000e+02 1.96342303561348e-18
2.87087377600000e+02 1.94792893503416e-18
2.87172345000000e+02 1.93138838355241e-18
2.87257301500000e+02 1.91319518649673e-18
2.87342247100000e+02 1.89283660072294e-18
2.87427181800000e+02 1.87022923192796e-18
2.87512105500000e+02 1.84580587860957e-18
2.87597018200000e+02 1.82015111567329e-18
2.87681920000000e+02 1.79405653658878e-18
2.87766810900000e+02 1.76841694876434e-18
2.87851690700000e+02 1.74391664566163e-18
2.87936559700000e+02 1.72108156193399e-18
2.88021417600000e+02 1.70004192953704e-18
2.88106264500000e+02 1.68088455347790e-18
2.88191100500000e+02 1.66353005073911e-18
2.88275925500000e+02 1.64767957824966e-18
2.88360739500000e+02 1.63293117830323e-18
2.88445542500000e+02 1.61892568864878e-18
2.88530334400000e+02 1.60536442342838e-18
2.88615115400000e+02 1.59187278814244e-18
2.88699885400000e+02 1.57816459486928e-18
2.88784644300000e+02 1.56418604160761e-18
2.88869392200000e+02 1.54991340753809e-18
2.88954129100000e+02 1.53535101978834e-18
2.89038855000000e+02 1.52056075827712e-18
2.89123569800000e+02 1.50557661871392e-18
2.89208273600000e+02 1.49043371178874e-18
2.89292966300000e+02 1.47514717215795e-18
2.89377648000000e+02 1.45978339380557e-18
2.89462318600000e+02 1.44449461975689e-18
2.89546978200000e+02 1.42946794132072e-18
2.89631626600000e+02 1.41491904867846e-18
2.89716264100000e+02 1.40098974498703e-18
2.89800890400000e+02 1.38775286620349e-18
2.89885505600000e+02 1.37514194369142e-18
2.89970109800000e+02 1.36305715414889e-18
2.90054702900000e+02 1.35135737590243e-18
2.90139284900000e+02 1.33997597841006e-18
2.90223855700000e+02 1.32885874015199e-18
2.90308415500000e+02 1.31789714550016e-18
2.90392964200000e+02 1.30697715075357e-18
2.90477501700000e+02 1.29596983967863e-18
2.90562028100000e+02 1.28491239723705e-18
2.90646543400000e+02 1.27358582870934e-18
2.90731047600000e+02 1.26175550585129e-18
2.90815540600000e+02 1.24930911842403e-18
2.90900022500000e+02 1.23623430844502e-18
2.90984493200000e+02 1.22263439296663e-18
2.91068952800000e+02 1.20849904468950e-18
2.91153401200000e+02 1.19385949462233e-18
2.91237838500000e+02 1.17874546844989e-18
2.91322264600000e+02 1.16319314053777e-18
2.91406679500000e+02 1.14733125575196e-18
2.91491083300000e+02 1.13142659891742e-18
2.91575475900000e+02 1.11578831536142e-18
2.91659857300000e+02 1.10070267065210e-18
2.91744227500000e+02 1.08645692549270e-18
2.91828586500000e+02 1.07315637210653e-18
2.91912934300000e+02 1.06082970005276e-18
2.91997270900000e+02 1.04943964780963e-18
2.92081596300000e+02 1.03893960668518e-18
2.92165910400000e+02 1.02936104296343e-18
2.92250213400000e+02 1.02062749524735e-18
2.92334505100000e+02 1.01252462500841e-18
2.92418785600000e+02 1.00489228591405e-18
2.92503054900000e+02 9.97542275783397e-19
2.92587312900000e+02 9.90172753908720e-19
2.92671559700000e+02 9.82496722062467e-19
2.92755795200000e+02 9.74131045749129e-19
2.92840019500000e+02 9.64854530467890e-19
2.92924232500000e+02 9.54668165621714e-19
2.93008434300000e+02 9.43631680477037e-19
2.93092624800000e+02 9.31935638995678e-19
2.93176804000000e+02 9.19834024961323e-19
2.93260971900000e+02 9.07445133501194e-19
2.93345128600000e+02 8.94980279075542e-19
2.93429273900000e+02 8.82647104347539e-19
2.93513408000000e+02 8.70583219643342e-19
2.93597530800000e+02 8.59058608265620e-19
2.93681642200000e+02 8.48263842703459e-19
2.93765742400000e+02 8.38350623826459e-19
2.93849831200000e+02 8.29448899973582e-19
2.93933908800000e+02 8.21456957971570e-19
2.94017975000000e+02 8.14193670637582e-19
2.94102029800000e+02 8.07426133296277e-19
2.94186073400000e+02 8.00909366231515e-19
2.94270105600000e+02 7.94489283673196e-19
2.94354126500000e+02 7.87942978041484e-19
2.94438136000000e+02 7.81102411636686e-19
2.94522134100000e+02 7.73930707145714e-19
2.94606120900000e+02 7.66444258600696e-19
2.94690096400000e+02 7.58696333952387e-19
2.94774060500000e+02 7.50628455676096e-19
2.94858013200000e+02 7.42144215774840e-19
2.94941954500000e+02 7.33193985873080e-19
2.95025884400000e+02 7.23838861778092e-19
2.95109803000000e+02 7.14169599442268e-19
2.95193710200000e+02 7.04264789358184e-19
2.95277605900000e+02 6.94316453878103e-19
2.95361490300000e+02 6.84579588194161e-19
2.95445363300000e+02 6.75270430144197e-19
2.95529224800000e+02 6.66549623379008e-19
2.95613075000000e+02 6.58348162810997e-19
2.95696913700000e+02 6.50568617281981e-19
2.95780741000000e+02 6.43082823834358e-19
2.95864556800000e+02 6.35657881109769e-19
2.95948361200000e+02 6.28131070872590e-19
2.96032154200000e+02 6.20497366998882e-19
2.96115935800000e+02 6.12901914550843e-19
2.96199705800000e+02 6.05533037729334e-19
2.96283464500000e+02 5.98625508329530e-19
2.96367211600000e+02 5.92355646068482e-19
2.96450947300000e+02 5.86801579839408e-19
2.96534671600000e+02 5.81836772079604e-19
2.96618384300000e+02 5.77131105591196e-19
2.96702085600000e+02 5.72394352346403e-19
2.96785775400000e+02 5.67348079681490e-19
2.96869453700000e+02 5.61776270893461e-19
2.96953120500000e+02 5.55638504539375e-19
2.97036775800000e+02 5.49025953115080e-19
2.97120419600000e+02 5.42027406528542e-19
2.97204051900000e+02 5.34808830868832e-19
2.97287672700000e+02 5.27556247321690e-19
2.97371282000000e+02 5.20401397515462e-19
2.97454879700000e+02 5.13392282013005e-19
2.97538465900000e+02 5.06504369404189e-19
2.97622040600000e+02 4.99773163559135e-19
2.97705603700000e+02 4.93249306327610e-19
2.97789155300000e+02 4.86999439289412e-19
2.97872695300000e+02 4.81012391053270e-19
2.97956223800000e+02 4.75370247024487e-19
2.98039740800000e+02 4.70063763536417e-19
2.98123246100000e+02 4.65040761745743e-19
2.98206739900000e+02 4.60333397251629e-19
2.98290222200000e+02 4.55841376825333e-19
2.98373692800000e+02 4.51589626088538e-19
2.98457151900000e+02 4.47559635878014e-19
2.98540599300000e+02 4.43663342976028e-19
2.98624035200000e+02 4.39845635347415e-19
2.98707459500000e+02 4.35949818080801e-19
2.98790872200000e+02 4.31881106812648e-19
2.98874273300000e+02 4.27529337453433e-19
2.98957662700000e+02 4.22785852065631e-19
2.99041040600000e+02 4.17584367333101e-19
2.99124406800000e+02 4.11962501946570e-19
2.99207761400000e+02 4.06045643594689e-19
2.99291104300000e+02 3.99994678447599e-19
2.99374435700000e+02 3.94003908881226e-19
2.99457755300000e+02 3.88206741364519e-19
2.99541063400000e+02 3.82764819180131e-19
2.99624359800000e+02 3.77790568520987e-19
2.99707644500000e+02 3.73300650148962e-19
2.99790917600000e+02 3.69270316786528e-19
2.99874179000000e+02 3.65562376254018e-19
2.99957428700000e+02 3.62107696152976e-19
3.00040666700000e+02 3.58803820218316e-19
3.00123893100000e+02 3.55574568018264e-19
3.00207107800000e+02 3.52349292608333e-19
3.00290310800000e+02 3.49081739771924e-19
3.00373502100000e+02 3.45706739123933e-19
3.00456681700000e+02 3.42216281916602e-19
3.00539849500000e+02 3.38623605634556e-19
3.00623005700000e+02 3.34793730548301e-19
3.00706150200000e+02 3.30684751107790e-19
3.00789282900000e+02 3.26265970681206e-19
3.00872403900000e+02 3.21652932894684e-19
3.00955513200000e+02 3.16949047460052e-19
3.01038610800000e+02 3.12165569421740e-19
3.01121696600000e+02 3.07461066942512e-19
3.01204770700000e+02 3.03016270625923e-19
3.01287833000000e+02 2.98928358963189e-19
3.01370883500000e+02 2.95227631434547e-19
3.01453922300000e+02 2.91906150677891e-19
3.01536949400000e+02 2.88986692925569e-19
3.01619964600000e+02 2.86438879695890e-19
3.01702968100000e+02 2.84118108171734e-19
3.01785959800000e+02 2.81962834415507e-19
3.01868939800000e+02 2.79877328246343e-19
3.01951907900000e+02 2.77751748740265e-19
3.02034864200000e+02 2.75492174997777e-19
3.02117808800000e+02 2.73019098207862e-19
3.02200741500000e+02 2.70297500745854e-19
3.02283662400000e+02 2.67345355624761e-19
3.02366571600000e+02 2.64137051964009e-19
3.02449468900000e+02 2.60669565962950e-19
3.02532354300000e+02 2.57019399051611e-19
3.02615228000000e+02 2.53237349982100e-19
3.02698089800000e+02 2.49366147666970e-19
3.02780939800000e+02 2.45471966955627e-19
3.02863777900000e+02 2.41678804594987e-19
3.02946604200000e+02 2.38051467072094e-19
3.03029418600000e+02 2.34597994566897e-19
3.03112221200000e+02 2.31428567350023e-19
3.03195011900000e+02 2.28559430519046e-19
3.03277790700000e+02 2.25994160939024e-19
3.03360557700000e+02 2.23704863667740e-19
3.03443312800000e+02 2.21614334856986e-19
3.03526056000000e+02 2.19855470463808e-19
3.03608787300000e+02 2.18357257765616e-19
3.03691506700000e+02 2.17008410898868e-19
3.03774214300000e+02 2.15821970648187e-19
3.03856909900000e+02 2.14696276589291e-19
3.03939593600000e+02 2.13498382041671e-19
3.04022265400000e+02 2.12145103643363e-19
3.04104925300000e+02 2.10603738962610e-19
3.04187573300000e+02 2.08844489915345e-19
3.04270209300000e+02 2.06807306153170e-19
3.04352833400000e+02 2.04495808633719e-19
3.04435445600000e+02 2.01956440538411e-19
3.04518045800000e+02 1.99263536192162e-19
3.04600634100000e+02 1.96416321794799e-19
3.04683210400000e+02 1.93412602325510e-19
3.04765774800000e+02 1.90329346249158e-19
3.04848327200000e+02 1.87189709483644e-19
3.04930867700000e+02 1.84024145329930e-19
3.05013396200000e+02 1.80901770918199e-19
3.05095912700000e+02 1.77899844521340e-19
3.05178417200000e+02 1.75132202922704e-19
3.05260909700000e+02 1.72660482671322e-19
3.05343390300000e+02 1.70514197383636e-19
3.05425858800000e+02 1.68694130913038e-19
3.05508315400000e+02 1.67159060912811e-19
3.05590759900000e+02 1.65879333701924e-19
3.05673192400000e+02 1.64803708596579e-19
3.05755613000000e+02 1.63841299773073e-19
3.05838021500000e+02 1.62921888135769e-19
3.05920417900000e+02 1.62035312026241e-19
3.06002802400000e+02 1.61200457811525e-19
3.06085174800000e+02 1.60372924651665e-19
3.06167535200000e+02 1.59446329473132e-19
3.06249883500000e+02 1.58370987301200e-19
3.06332219800000e+02 1.57131012833398e-19
3.06414544000000e+02 1.55696491939518e-19
3.06496856100000e+02 1.54052281685168e-19
3.06579156200000e+02 1.52179195204758e-19
3.06661444300000e+02 1.50089742076752e-19
3.06743720200000e+02 1.47822493799039e-19
3.06825984100000e+02 1.45425078989249e-19
3.06908235900000e+02 1.42955336694918e-19
3.06990475600000e+02 1.40437903227118e-19
3.07072703200000e+02 1.37888586089654e-19
3.07154918700000e+02 1.35351434463768e-19
3.07237122100000e+02 1.32888550183598e-19
3.07319313400000e+02 1.30577497119074e-19
3.07401492600000e+02 1.28473806130108e-19
3.07483659600000e+02 1.26631294801519e-19
3.07565814600000e+02 1.25102226682284e-19
3.07647957400000e+02 1.23871670576820e-19
3.07730088100000e+02 1.22913314558956e-19
3.07812206600000e+02 1.22178120214890e-19
3.07894313000000e+02 1.21579500071338e-19
3.07976407300000e+02 1.21055622484307e-19
3.08058489400000e+02 1.20480806846537e-19
3.08140559300000e+02 1.19762832507122e-19
3.08222617100000e+02 1.18903542553805e-19
3.08304662700000e+02 1.17950600435984e-19
3.08386696100000e+02 1.16972258229226e-19
3.08468717400000e+02 1.15991197706921e-19
3.08550726500000e+02 1.15037181701868e-19
3.08632723400000e+02 1.14167584779817e-19
3.08714708100000e+02 1.13370133037317e-19
3.08796680600000e+02 1.12588061031044e-19
3.08878640900000e+02 1.11748380553988e-19
3.08960589000000e+02 1.10735756485786e-19
3.09042524900000e+02 1.09483828763583e-19
3.09124448500000e+02 1.07972041609565e-19
3.09206360000000e+02 1.06174898384052e-19
3.09288259200000e+02 1.04128849808309e-19
3.09370146200000e+02 1.01909217405677e-19
3.09452020900000e+02 9.96159546021976e-20
3.09533883500000e+02 9.73959045046196e-20
3.09615733700000e+02 9.53442445480344e-20
3.09697571700000e+02 9.35437642475288e-20
3.09779397500000e+02 9.20836013270004e-20
3.09861211000000e+02 9.09760000793323e-20
3.09943012200000e+02 9.01899056419702e-20
3.10024801200000e+02 8.96424893890780e-20
3.10106577900000e+02 8.92115400824789e-20
3.10188342300000e+02 8.87761938750850e-20
3.10270094400000e+02 8.82489547637328e-20
3.10351834200000e+02 8.76159484012428e-20
3.10433561800000e+02 8.68895572034235e-20
3.10515277000000e+02 8.60796358413835e-20
3.10596979900000e+02 8.51980032712238e-20
3.10678670600000e+02 8.42793177172999e-20
3.10760348900000e+02 8.34093889403623e-20
3.10842014900000e+02 8.26518606240612e-20
3.10923668500000e+02 8.20262588674677e-20
3.11005309900000e+02 8.15213912407128e-20
3.11086938800000e+02 8.11126876466673e-20
3.11168555500000e+02 8.07702065323686e-20
3.11250159800000e+02 8.04302066690142e-20
3.11331751800000e+02 8.00090355155347e-20
3.11413331400000e+02 7.94438630158056e-20
3.11494898700000e+02 7.86900938591035e-20
3.11576453500000e+02 7.77150496922117e-20
3.11657996100000e+02 7.65177491467427e-20
3.11739526200000e+02 7.51479709355882e-20
3.11821044000000e+02 7.36921790396526e-20
3.11902549400000e+02 7.22319437518115e-20
3.11984042400000e+02 7.08274906317648e-20
3.12065523000000e+02 6.94996822791631e-20
3.12146991200000e+02 6.82549520358098e-20
3.12228447000000e+02 6.70882782236700e-20
3.12309890400000e+02 6.59785065259564e-20
3.12391321300000e+02 6.49258478842973e-20
3.12472739900000e+02 6.39359054761665e-20
3.12554146100000e+02 6.30029930200193e-20
3.12635539800000e+02 6.21401273273079e-20
3.12716921000000e+02 6.13684300507382e-20
3.12798289900000e+02 6.06974239540390e-20
3.12879646300000e+02 6.01454618233594e-20
3.12960990200000e+02 5.97330325967824e-20
3.13042321700000e+02 5.94903743060792e-20
3.13123640800000e+02 5.94463959379652e-20
3.13204947400000e+02 5.95694036806646e-20
3.13286241500000e+02 5.97949758876247e-20
3.13367523100000e+02 6.00542269781770e-20
3.13448792300000e+02 6.02615696525365e-20
3.13530049000000e+02 6.03330653032551e-20
3.13611293200000e+02 6.01813100891330e-20
3.13692524900000e+02 5.97477916792439e-20
3.13773744100000e+02 5.90281192042339e-20
3.13854950800000e+02 5.80426508966757e-20
3.13936145000000e+02 5.68484288150988e-20
3.14017326700000e+02 5.55071593060965e-20
3.14098495900000e+02 5.40688805201622e-20
3.14179652500000e+02 5.25849012142136e-20
3.14260796700000e+02 5.10924531171318e-20
3.14341928300000e+02 4.96477504479752e-20
3.14423047300000e+02 4.83205032307971e-20
3.14504153900000e+02 4.71566497920363e-20
3.14585247800000e+02 4.61846777077609e-20
3.14666329300000e+02 4.54121998253578e-20
3.14747398100000e+02 4.48209910447281e-20
3.14828454400000e+02 4.43890600382898e-20
3.14909498200000e+02 4.41002393817317e-20
3.14990529400000e+02 4.39530889156006e-20
3.15071548000000e+02 4.39624916505404e-20
3.15152554000000e+02 4.41437380226599e-20
3.15233547400000e+02 4.44935346888323e-20
3.15314528300000e+02 4.49648822259588e-20
3.15395496500000e+02 4.54583396069552e-20
3.15476452200000e+02 4.58606730509367e-20
3.15557395200000e+02 4.60679643952708e-20
3.15638325700000e+02 4.59977935938153e-20
3.15719243500000e+02 4.55942537302608e-20
3.15800148700000e+02 4.48519891087449e-20
3.15881041300000e+02 4.38454101018136e-20
3.15961921200000e+02 4.26973498864029e-20
3.16042788600000e+02 4.15223755954957e-20
3.16123643200000e+02 4.03848988209718e-20
3.16204485300000e+02 3.93175333091770e-20
3.16285314700000e+02 3.83278117478947e-20
3.16366131400000e+02 3.74075884649061e-20
3.16446935500000e+02 3.65566976556994e-20
3.16527726900000e+02 3.57810956151702e-20
3.16608505600000e+02 3.51144233187849e-20
3.16689271700000e+02 3.46138547368820e-20
3.16770025100000e+02 3.43020687766355e-20
3.16850765800000e+02 3.41706649697572e-20
3.16931493800000e+02 3.41752437278923e-20
3.17012209200000e+02 3.42640097628816e-20
3.17092911800000e+02 3.44082666914880e-20
3.17173601700000e+02 3.45921457697453e-20
3.17254278900000e+02 3.48028175288015e-20
3.17334943500000e+02 3.50379560756360e-20
3.17415595200000e+02 3.52695489018840e-20
3.17496234300000e+02 3.54415260074174e-20
3.17576860700000e+02 3.55064105905178e-20
3.17657474300000e+02 3.54390419106718e-20
3.17738075100000e+02 3.52221350642804e-20
3.17818663300000e+02 3.48313658546465e-20
3.17899238700000e+02 3.42239206300257e-20
3.17979801300000e+02 3.34017019906688e-20
3.18060351200000e+02 3.24253333673557e-20
3.18140888300000e+02 3.13708988449783e-20
3.18221412600000e+02 3.03025476220104e-20
3.18301924200000e+02 2.92551532948072e-20
3.18382423000000e+02 2.82336998649318e-20
3.18462909000000e+02 2.72481598276940e-20
3.18543382300000e+02 2.63218371042662e-20
3.18623842700000e+02 2.54672091076254e-20
3.18704290400000e+02 2.47036030863777e-20
3.18784725200000e+02 2.40500071817343e-20
3.18865147300000e+02 2.35206740684048e-20
3.18945556500000e+02 2.31460484601006e-20
3.19025952900000e+02 2.29667968190761e-20
3.19106336500000e+02 2.30297226535793e-20
3.19186707300000e+02 2.33441625879091e-20
3.19267065200000e+02 2.38533903503479e-20
3.19347410300000e+02 2.44650157449135e-20
3.19427742600000e+02 2.50932218436488e-20
3.19508062000000e+02 2.56824732313405e-20
3.19588368600000e+02 2.61967828425696e-20
3.19668662300000e+02 2.66210148430820e-20
3.19748943100000e+02 2.69555182983352e-20
3.19829211100000e+02 2.71816551125344e-20
3.19909466300000e+02 2.72660376936581e-20
3.19989708500000e+02 2.71940826316719e-20
3.20069937900000e+02 2.69629757916234e-20
3.20150154400000e+02 2.65608461845089e-20
3.20230357900000e+02 2.59553334517801e-20
3.20310548600000e+02 2.51333635899540e-20
3.20390726400000e+02 2.41521618344357e-20
3.20470891300000e+02 2.30918288745036e-20
3.20551043300000e+02 2.20137512471085e-20
3.20631182400000e+02 2.09619636589364e-20
3.20711308600000e+02 1.99660822564640e-20
3.20791421800000e+02 1.90350623889188e-20
3.20871522100000e+02 1.81722271236766e-20
3.20951609500000e+02 1.73923371468067e-20
3.21031683900000e+02 1.67257199203559e-20
3.21111745400000e+02 1.61952257257991e-20
3.21191793900000e+02 1.58024184642995e-20
3.21271829500000e+02 1.55343939538962e-20
3.21351852200000e+02 1.53692617744409e-20
3.21431861800000e+02 1.52893000950532e-20
3.21511858500000e+02 1.52956959116883e-20
3.21591842200000e+02 1.54092509593256e-20
3.21671813000000e+02 1.56530158177147e-20
3.21751770800000e+02 1.60402384105565e-20
3.21831715500000e+02 1.65433029528338e-20
3.21911647300000e+02 1.70804210834376e-20
3.21991566100000e+02 1.75778338572306e-20
3.22071471900000e+02 1.79819605578736e-20
3.22151364700000e+02 1.82593178860763e-20
3.22231244500000e+02 1.84112629410567e-20
3.22311111200000e+02 1.84485847169900e-20
3.22390965000000e+02 1.84272498153562e-20
3.22470805700000e+02 1.83806144646782e-20
3.22550633300000e+02 1.82869494199130e-20
3.22630448000000e+02 1.81353445846267e-20
3.22710249600000e+02 1.79032054552157e-20
3.22790038100000e+02 1.75563314768055e-20
3.22869813600000e+02 1.70410238688053e-20
3.22949576000000e+02 1.63152111978995e-20
3.23029325400000e+02 1.54212834902975e-20
3.23109061700000e+02 1.44417805845177e-20
3.23188785000000e+02 1.34459231174963e-20
3.23268495200000e+02 1.24879068803833e-20
3.23348192200000e+02 1.15984134369638e-20
3.23427876200000e+02 1.07907537447881e-20
3.23507547200000e+02 1.00705481646611e-20
3.23587205000000e+02 9.44635177709751e-21
3.23666849700000e+02 8.92989715686328e-21
3.23746481300000e+02 8.53540228883204e-21
3.23826099800000e+02 8.27455698248738e-21
3.23905705200000e+02 8.14964210052965e-21
3.23985297500000e+02 8.14513066735704e-21
3.24064876600000e+02 8.23078763928782e-21
3.24144442600000e+02 8.37798933731839e-21
3.24223995500000e+02 8.57440864956283e-21
3.24303535200000e+02 8.82413862112461e-21
3.24383061800000e+02 9.14022040694393e-21
3.24462575300000e+02 9.55040056304789e-21
3.24542075600000e+02 1.00842739248022e-20
3.24621562700000e+02 1.07246964113171e-20
3.24701036600000e+02 1.13950963740786e-20
3.24780497400000e+02 1.20131016633290e-20
3.24859945100000e+02 1.25200877450643e-20
3.24939379500000e+02 1.28729390691922e-20
3.25018800800000e+02 1.30316244462428e-20
3.25098208800000e+02 1.29709730558492e-20
3.25177603700000e+02 1.27340172503318e-20
3.25256985400000e+02 1.24155291848305e-20
3.25336353900000e+02 1.20784416959486e-20
3.25415709100000e+02 1.17394383977936e-20
3.25495051200000e+02 1.14027637858042e-20
3.25574380000000e+02 1.10575899087070e-20
3.25653695700000e+02 1.06835399138190e-20
3.25732998000000e+02 1.02533569819495e-20
3.25812287200000e+02 9.74417981747080e-21
3.25891563100000e+02 9.17373685080733e-21
3.25970825800000e+02 8.58023015377276e-21
3.26050075200000e+02 7.99749796493675e-21
3.26129311400000e+02 7.45276729406635e-21
3.26208534300000e+02 6.96071532899729e-21
3.26287743900000e+02 6.52415409686102e-21
3.26366940300000e+02 6.14208507934731e-21
3.26446123400000e+02 5.81210022746567e-21
3.26525293300000e+02 5.53778350347006e-21
3.26604449800000e+02 5.32707650005908e-21
3.26683593100000e+02 5.19146894210516e-21
3.26762723100000e+02 5.14592584014797e-21
3.26841839800000e+02 5.20123922423970e-21
3.26920943100000e+02 5.35007217399876e-21
3.27000033200000e+02 5.56339339958193e-21
3.27079110000000e+02 5.80537042523045e-21
3.27158173400000e+02 6.04795737872548e-21
3.27237223500000e+02 6.27376400632827e-21
3.27316260300000e+02 6.47748611027734e-21
3.27395283800000e+02 6.66902837105506e-21
3.27474293900000e+02 6.88368080279576e-21
3.27553290700000e+02 7.16987353304350e-21
3.27632274200000e+02 7.54828126002264e-21
3.27711244300000e+02 7.99588990003488e-21
3.27790201000000e+02 8.46357566706940e-21
3.27869144400000e+02 8.89292104652107e-21
3.27948074400000e+02 9.22828830466988e-21
3.28026991000000e+02 9.41574869798772e-21
3.28105894300000e+02 9.40915290639508e-21
3.28184784200000e+02 9.19831253626028e-21
3.28263660700000e+02 8.81366903226534e-21
3.28342523800000e+02 8.30903390422682e-21
3.28421373500000e+02 7.74106970730818e-21
3.28500209800000e+02 7.15593158948819e-21
3.28579032700000e+02 6.58330544541565e-21
3.28657842200000e+02 6.04015095947697e-21
3.28736638300000e+02 5.53534897355146e-21
3.28815421000000e+02 5.07266856981296e-21
3.28894190200000e+02 4.65352702308000e-21
3.28972946000000e+02 4.28054520012434e-21
3.29051688400000e+02 3.95445999154839e-21
3.29130417400000e+02 3.67503937163078e-21
3.29209132900000e+02 3.44283175437162e-21
3.29287834900000e+02 3.25656665047926e-21
3.29366523500000e+02 3.11323431185368e-21
3.29445198600000e+02 3.00728402323995e-21
3.29523860300000e+02 2.93188292113078e-21
3.29602508500000e+02 2.88283561678908e-21
3.29681143200000e+02 2.86163846370912e-21
3.29759764500000e+02 2.87489431717803e-21
3.29838372300000e+02 2.93411300011565e-21
3.29916966600000e+02 3.05447071602553e-21
3.29995547300000e+02 3.24970990179100e-21
3.30074114600000e+02 3.51762557809737e-21
3.30152668400000e+02 3.83136028582193e-21
3.30231208700000e+02 4.15464880155841e-21
3.30309735500000e+02 4.45692220347067e-21
3.30388248700000e+02 4.71530259226514e-21
3.30466748400000e+02 4.91500172244611e-21
3.30545234600000e+02 5.04847362882779e-21
3.30623707300000e+02 5.12914659006586e-21
3.30702166400000e+02 5.19804433069953e-21
3.30780612000000e+02 5.29485764846331e-21
3.30859044100000e+02 5.42797654631350e-21
3.30937462500000e+02 5.57654264539893e-21
3.31015867500000e+02 5.71342242286319e-21
3.31094258800000e+02 5.81357389841110e-21
3.31172636600000e+02 5.85252761465154e-21
3.31251000900000e+02 5.80419862957205e-21
3.31329351500000e+02 5.64805110712014e-21
3.31407688600000e+02 5.39393061755924e-21
3.31486012100000e+02 5.07384006103037e-21
3.31564322000000e+02 4.71953281926709e-21
3.31642618300000e+02 4.35667048658377e-21
3.31720901000000e+02 4.00316060691017e-21
3.31799170100000e+02 3.66929731813665e-21
3.31877425600000e+02 3.35983474910472e-21
3.31955667400000e+02 3.07570222280434e-21
3.32033895700000e+02 2.81811845046628e-21
3.32112110300000e+02 2.58839828955324e-21
3.32190311300000e+02 2.38628041852630e-21
3.32268498600000e+02 2.21238992191813e-21
3.32346672400000e+02 2.06729552522890e-21
3.32424832400000e+02 1.95181102729953e-21
3.32502978800000e+02 1.86799595095092e-21
3.32581111600000e+02 1.81731877815625e-21
3.32659230700000e+02 1.79989347330984e-21
3.32737336100000e+02 1.81232484400255e-21
3.32815427900000e+02 1.84807598874868e-21
3.32893506000000e+02 1.90074793599260e-21
3.32971570400000e+02 1.96604083005020e-21
3.33049621100000e+02 2.04283364114934e-21
3.33127658200000e+02 2.13445252875821e-21
3.33205681500000e+02 2.24979031110973e-21
3.33283691200000e+02 2.40383069794830e-21
3.33361687100000e+02 2.60926910170882e-21
3.33439669400000e+02 2.86133788391373e-21
3.33517637900000e+02 3.13565663388863e-21
3.33595592700000e+02 3.40420907041667e-21
3.33673533700000e+02 3.64289537992421e-21
3.33751461100000e+02 3.82848620871391e-21
3.33829374700000e+02 3.93811075670250e-21
3.33907274600000e+02 3.95183411792348e-21
3.33985160700000e+02 3.86831215302416e-21
3.34063033100000e+02 3.70848483345134e-21
3.34140891700000e+02 3.49945129904258e-21
3.34218736600000e+02 3.26623221969739e-21
3.34296567700000e+02 3.02960700856565e-21
3.34374385100000e+02 2.80314392228887e-21
3.34452188600000e+02 2.59259720015929e-21
3.34529978400000e+02 2.39892962154713e-21
3.34607754400000e+02 2.22182989208423e-21
3.34685516600000e+02 2.05970529451183e-21
3.34763265100000e+02 1.91003167220475e-21
3.34840999700000e+02 1.77067423876251e-21
3.34918720500000e+02 1.63940269594935e-21
3.34996427600000e+02 1.51608661480321e-21
3.35074120800000e+02 1.40239511282795e-21
3.35151800200000e+02 1.30000247499629e-21
3.35229465700000e+02 1.21044938121213e-21
3.35307117500000e+02 1.13466434325870e-21
3.35384755400000e+02 1.07211066360929e-21
3.35462379400000e+02 1.02165883994159e-21
3.35539989700000e+02 9.81633122836554e-22
3.35617586100000e+02 9.50863301309920e-22
3.35695168600000e+02 9.28815497096903e-22
3.35772737300000e+02 9.16308087053864e-22
3.35850292100000e+02 9.16053221413145e-22
3.35927833000000e+02 9.31513537184800e-22
3.36005360100000e+02 9.66432570603808e-22
3.36082873300000e+02 1.02359149226202e-21
3.36160372600000e+02 1.10229967589527e-21
3.36237858100000e+02 1.19652666879846e-21
3.36315329600000e+02 1.29660234611057e-21
3.36392787300000e+02 1.39331427752541e-21
3.36470231000000e+02 1.48038213912594e-21
3.36547660900000e+02 1.55550975204905e-21
3.36625076800000e+02 1.62078667803865e-21
3.36702478800000e+02 1.68279284255009e-21
3.36779866900000e+02 1.75404234403811e-21
3.36857241100000e+02 1.84978811747274e-21
3.36934601300000e+02 1.97736482530296e-21
3.37011947700000e+02 2.12829445168564e-21
3.37089280000000e+02 2.28436024006041e-21
3.37166598400000e+02 2.42785337627720e-21
3.37243902900000e+02 2.54368788098946e-21
3.37321193400000e+02 2.61842820202409e-21
3.37398470000000e+02 2.63895763239252e-21
3.37475732600000e+02 2.59755676699570e-21
3.37552981200000e+02 2.50149475139307e-21
3.37630215900000e+02 2.36733623010448e-21
3.37707436500000e+02 2.21111701998248e-21
3.37784643200000e+02 2.04590262913962e-21
3.37861835900000e+02 1.88079755305401e-21
3.37939014600000e+02 1.72088048603515e-21
3.38016179400000e+02 1.56946798753668e-21
3.38093330100000e+02 1.42814263445692e-21
3.38170466800000e+02 1.29820739012996e-21
3.38247589400000e+02 1.18085147983344e-21
3.38324698100000e+02 1.07637259422729e-21
3.38401792700000e+02 9.84954778121543e-22
3.38478873300000e+02 9.06226296390566e-22
3.38555939900000e+02 8.39453398235667e-22
3.38632992500000e+02 7.83875347851564e-22
3.38710031000000e+02 7.38359285191955e-22
3.38787055400000e+02 7.01815535693837e-22
3.38864065800000e+02 6.73538554470826e-22
3.38941062200000e+02 6.53255870351962e-22
3.39018044400000e+02 6.40924680868685e-22
3.39095012600000e+02 6.36630149791278e-22
3.39171966800000e+02 6.39484064924973e-22
3.39248906800000e+02 6.47667575030269e-22
3.39325832800000e+02 6.59447083928422e-22
3.39402744700000e+02 6.74091010094080e-22
3.39479642500000e+02 6.92364698655922e-22
3.39556526200000e+02 7.16437470429935e-22
3.39633395800000e+02 7.49563434004580e-22
3.39710251300000e+02 7.96297334002754e-22
3.39787092700000e+02 8.60792079731481e-22
3.39863919900000e+02 9.42174300627530e-22
3.39940733100000e+02 1.03337936404923e-21
3.40017532100000e+02 1.12480333473145e-21
3.40094317000000e+02 1.20769856522967e-21
3.40171087700000e+02 1.27416940585697e-21
3.40247844400000e+02 1.31669094753265e-21
3.40324586800000e+02 1.32840754228309e-21
3.40401315100000e+02 1.30748945886286e-21
3.40478029300000e+02 1.25901759083944e-21
3.40554729300000e+02 1.19143019304400e-21
3.40631415100000e+02 1.11290941876707e-21
3.40708086800000e+02 1.03002356238669e-21
3.40784744200000e+02 9.47457230983609e-22
3.40861387500000e+02 8.67980077580954e-22
3.40938016700000e+02 7.93211686583202e-22
3.41014631600000e+02 7.24035384278266e-22
3.41091232300000e+02 6.60993195812237e-22
3.41167818900000e+02 6.04112601388182e-22
3.41244391200000e+02 5.53308595295270e-22
3.41320949300000e+02 5.08487920076170e-22
3.41397493200000e+02 4.69373845577552e-22
3.41474022900000e+02 4.35674496683906e-22
3.41550538300000e+02 4.07170062410803e-22
3.41627039600000e+02 3.83586072351328e-22
3.41703526600000e+02 3.64630231310443e-22
3.41779999300000e+02 3.49879321040446e-22
3.41856457800000e+02 3.38532164773075e-22
3.41932902100000e+02 3.29489227684952e-22
3.42009332100000e+02 3.21786834640448e-22
3.42085747800000e+02 3.14632943145196e-22
3.42162149300000e+02 3.07533754856518e-22
3.42238536500000e+02 3.00301826314735e-22
3.42314909500000e+02 2.93182488389140e-22
3.42391268200000e+02 2.86664058177834e-22
3.42467612500000e+02 2.82034268191394e-22
3.42543942600000e+02 2.80602279640257e-22
3.42620258400000e+02 2.83487957004677e-22
3.42696559900000e+02 2.91105560781102e-22
3.42772847100000e+02 3.03570394237064e-22
3.42849120000000e+02 3.20766218611141e-22
3.42925378600000e+02 3.42022058353948e-22
3.43001622800000e+02 3.65493383436222e-22
3.43077852800000e+02 3.88800154124968e-22
3.43154068400000e+02 4.10282446158262e-22
3.43230269700000e+02 4.29787009230462e-22
3.43306456600000e+02 4.48623133181904e-22
3.43382629200000e+02 4.68982331427770e-22
3.43458787400000e+02 4.93982178658091e-22
3.43534931300000e+02 5.28179793964508e-22
3.43611060900000e+02 5.76150225781674e-22
3.43687176000000e+02 6.38828347133836e-22
3.43763276900000e+02 7.11480972800696e-22
3.43839363300000e+02 7.86313301071001e-22
3.43915435400000e+02 8.56080959251712e-22
3.43991493000000e+02 9.14837179352702e-22
3.44067536300000e+02 9.56952273589083e-22
3.44143565200000e+02 9.76939570226391e-22
3.44219579700000e+02 9.71643031284773e-22
3.44295579800000e+02 9.43637642640439e-22
3.44371565500000e+02 8.99212867308786e-22
3.44447536800000e+02 8.44764322741800e-22
3.44523493700000e+02 7.85703520772185e-22
3.44599436100000e+02 7.25949908354999e-22
3.44675364200000e+02 6.67976152069487e-22
3.44751277700000e+02 6.13225564403511e-22
3.44827176900000e+02 5.62403437788528e-22
3.44903061600000e+02 5.15903670568615e-22
3.44978931900000e+02 4.74182644942285e-22
3.45054787700000e+02 4.37344336785165e-22
3.45130629100000e+02 4.05297063656036e-22
3.45206456000000e+02 3.77934162807815e-22
3.45282268400000e+02 3.55095298792874e-22
3.45358066400000e+02 3.36570931690449e-22
3.45433849900000e+02 3.21833505729769e-22
3.45509618900000e+02 3.09858001169791e-22
3.45585373400000e+02 2.99511404733629e-22
3.45661113500000e+02 2.89961088595181e-22
3.45736839000000e+02 2.80555486996198e-22
3.45812550000000e+02 2.70776410753062e-22
3.45888246600000e+02 2.60348188608835e-22
3.45963928600000e+02 2.49276344524636e-22
3.46039596100000e+02 2.37943869953104e-22
3.46115249100000e+02 2.26911167608777e-22
3.46190887600000e+02 2.16630924561109e-22
3.46266511500000e+02 2.07472673104053e-22
3.46342121000000e+02 1.99615252108654e-22
3.46417715800000e+02 1.93091485875943e-22
3.46493296200000e+02 1.88086132237402e-22
3.46568861900000e+02 1.85044048263013e-22
3.46644413200000e+02 1.84627712176582e-22
3.46719949800000e+02 1.87782299246971e-22
3.46795471900000e+02 1.95611376505990e-22
3.46870979500000e+02 2.08878308372811e-22
3.46946472400000e+02 2.27149275607311e-22
3.47021950800000e+02 2.48422262128843e-22
3.47097414600000e+02 2.70089518399390e-22
3.47172863800000e+02 2.89971274132712e-22
3.47248298400000e+02 3.06229860524262e-22
3.47323718500000e+02 3.17136347809056e-22
3.47399123900000e+02 3.21110235747717e-22
3.47474514700000e+02 3.17408444834762e-22
3.47549890900000e+02 3.07079460955244e-22
3.47625252500000e+02 2.92116866168084e-22
3.47700599400000e+02 2.74382406826979e-22
3.47775931800000e+02 2.55392082880231e-22
3.47851249500000e+02 2.36320124517343e-22
3.47926552500000e+02 2.17883748853977e-22
3.48001841000000e+02 2.00521764636590e-22
3.48077114700000e+02 1.84468228670907e-22
3.48152373900000e+02 1.69916670314401e-22
3.48227618300000e+02 1.57052681573955e-22
3.48302848100000e+02 1.45917409780614e-22
3.48378063300000e+02 1.36454621079490e-22
3.48453263700000e+02 1.28486005666060e-22
3.48528449500000e+02 1.21733257848147e-22
3.48603620600000e+02 1.15915585527336e-22
3.48678777100000e+02 1.10796819716120e-22
3.48753918800000e+02 1.06241318790089e-22
3.48829045800000e+02 1.02157623226914e-22
3.48904158200000e+02 9.85437488762215e-23
3.48979255800000e+02 9.56012305616256e-23
3.49054338700000e+02 9.36576878422432e-23
3.49129406900000e+02 9.30703026645362e-23
3.49204460400000e+02 9.39377777328537e-23
3.49279499200000e+02 9.59003675090210e-23
3.49354523200000e+02 9.84561106207611e-23
3.49429532500000e+02 1.01171751666385e-22
3.49504527100000e+02 1.03636905961618e-22
3.49579506900000e+02 1.05472472848985e-22
3.49654471900000e+02 1.06372620058966e-22
3.49729422200000e+02 1.06133210983209e-22
3.49804357800000e+02 1.04916900417247e-22
3.49879278500000e+02 1.03198389097976e-22
3.49954184500000e+02 1.01399302913137e-22
3.50029075800000e+02 9.97961211182261e-23
3.50103952200000e+02 9.84916495786986e-23
3.50178813900000e+02 9.75099908320052e-23
3.50253660800000e+02 9.68289823514624e-23
3.50328492900000e+02 9.64160941695446e-23
3.50403310200000e+02 9.61583612625228e-23
3.50478112700000e+02 9.59977415030682e-23
3.50552900300000e+02 9.60505913873011e-23
3.50627673200000e+02 9.65803873902821e-23
3.50702431200000e+02 9.81110226748591e-23
3.50777174500000e+02 1.01465947974899e-22
3.50851902800000e+02 1.07606479149551e-22
3.50926616400000e+02 1.17639710947021e-22
3.51001315100000e+02 1.32474095354529e-22
3.51075999000000e+02 1.52175609047382e-22
3.51150668000000e+02 1.75620900309272e-22
3.51225322200000e+02 2.00685741064814e-22
3.51299961500000e+02 2.25132938909789e-22
3.51374586000000e+02 2.47052259223170e-22
3.51449195600000e+02 2.64727892802168e-22
3.51523790300000e+02 2.76499720958804e-22
3.51598370100000e+02 2.81144689865705e-22
3.51672935100000e+02 2.78661188181116e-22
3.51747485100000e+02 2.70342051213841e-22
3.51822020300000e+02 2.57988698253712e-22
3.51896540600000e+02 2.43269221742112e-22
3.51971046000000e+02 2.27590056729768e-22
3.52045536400000e+02 2.12028761981019e-22
3.52120012000000e+02 1.97331628045305e-22
3.52194472600000e+02 1.84006530419773e-22
3.52268918300000e+02 1.72256959774197e-22
3.52343349100000e+02 1.62057144905372e-22
3.52417765000000e+02 1.53223646157127e-22
3.52492165900000e+02 1.45453975943208e-22
3.52566551900000e+02 1.38412889307077e-22
3.52640922900000e+02 1.31791236365231e-22
3.52715279000000e+02 1.25294346776456e-22
3.52789620100000e+02 1.18744029570432e-22
3.52863946300000e+02 1.12082494213527e-22
3.52938257500000e+02 1.05432135500266e-22
3.53012553700000e+02 9.89952423242772e-23
3.53086835000000e+02 9.29439508687542e-23
3.53161101300000e+02 8.73542218881923e-23
3.53235352500000e+02 8.22278202272884e-23
3.53309588800000e+02 7.75250391357947e-23
3.53383810100000e+02 7.32047409027777e-23
3.53458016400000e+02 6.91699096674069e-23
3.53532207700000e+02 6.53333493980113e-23
3.53606384000000e+02 6.16203484720261e-23
3.53680545300000e+02 5.80069954750602e-23
3.53754691500000e+02 5.45576911540733e-23
3.53828822800000e+02 5.13084010108579e-23
3.53902939000000e+02 4.83145506009007e-23
3.53977040100000e+02 4.56736432976214e-23
3.54051126200000e+02 4.34214815202163e-23
3.54125197300000e+02 4.15741450154640e-23
3.54199253300000e+02 4.01639656440559e-23
3.54273294300000e+02 3.91946237124000e-23
3.54347320200000e+02 3.87001834758802e-23
3.54421331100000e+02 3.87294367185229e-23
3.54495326900000e+02 3.93094923195799e-23
3.54569307600000e+02 4.04457810296597e-23
3.54643273200000e+02 4.20979505642471e-23
3.54717223700000e+02 4.41272912035759e-23
3.54791159200000e+02 4.63219304679563e-23
3.54865079600000e+02 4.84512412876413e-23
3.54938984800000e+02 5.03504353565231e-23
3.55012875000000e+02 5.18685966152162e-23
3.55086750000000e+02 5.28138548944537e-23
3.55160610000000e+02 5.30218005601270e-23
3.55234454800000e+02 5.24600917749964e-23
3.55308284500000e+02 5.12498904173528e-23
3.55382099100000e+02 4.95890803368573e-23
3.55455898500000e+02 4.76398525833429e-23
3.55529682800000e+02 4.55393441138089e-23
3.55603451900000e+02 4.33978074974505e-23
3.55677206000000e+02 4.13432472537172e-23
3.55750944800000e+02 3.94450605901513e-23
3.55824668500000e+02 3.76756181564539e-23
3.55898377000000e+02 3.60168515671051e-23
3.55972070400000e+02 3.45007338834637e-23
3.56045748600000e+02 3.31514409650514e-23
3.56119411600000e+02 3.20098010569602e-23
3.56193059500000e+02 3.11487600822558e-23
3.56266692100000e+02 3.06599340645454e-23
3.56340309600000e+02 3.06594743396443e-23
3.56413911800000e+02 3.12481790888234e-23
3.56487498900000e+02 3.24111088080702e-23
3.56561070700000e+02 3.39653042873100e-23
3.56634627400000e+02 3.56957682001298e-23
3.56708168800000e+02 3.73823943529970e-23
3.56781695000000e+02 3.88164244738208e-23
3.56855206000000e+02 3.98582941575682e-23
3.56928701700000e+02 4.03908244122593e-23
3.57002182300000e+02 4.03406147376084e-23
3.57075647500000e+02 3.98002694893286e-23
3.57149097500000e+02 3.89467040671361e-23
3.57222532300000e+02 3.79763224928677e-23
3.57295951800000e+02 3.69900387769765e-23
3.57369356100000e+02 3.60311106607076e-23
3.57442745100000e+02 3.50982108019917e-23
3.57516118800000e+02 3.41810316425014e-23
3.57589477300000e+02 3.32762232859631e-23
3.57662820400000e+02 3.23305665088743e-23
3.57736148300000e+02 3.12592595288291e-23
3.57809460900000e+02 3.00634449437725e-23
3.57882758200000e+02 2.87828912512983e-23
3.57956040200000e+02 2.74700871054575e-23
3.58029306900000e+02 2.61735397457441e-23
3.58102558300000e+02 2.49122276970668e-23
3.58175794300000e+02 2.37239799926290e-23
3.58249015100000e+02 2.26602528590092e-23
3.58322220500000e+02 2.17303681151883e-23
3.58395410600000e+02 2.09555402587313e-23
3.58468585400000e+02 2.03755668265796e-23
3.58541744800000e+02 2.00022095100988e-23
3.58614888800000e+02 1.98889963630111e-23
3.58688017600000e+02 2.00665997265297e-23
3.58761131000000e+02 2.05882824970650e-23
3.58834229000000e+02 2.15493315220166e-23
3.58907311600000e+02 2.30579109089229e-23
3.58980378900000e+02 2.52063034929176e-23
3.59053430800000e+02 2.80459967572685e-23
3.59126467300000e+02 3.15464899909939e-23
3.59199488500000e+02 3.55426371722206e-23
3.59272494200000e+02 3.97748870238406e-23
3.59345484600000e+02 4.39395353176321e-23
3.59418459600000e+02 4.77345818615431e-23
3.59491419100000e+02 5.09029086446081e-23
3.59564363300000e+02 5.32411973331381e-23
3.59637292100000e+02 5.46169768351148e-23
3.59710205400000e+02 5.50269544417406e-23
3.59783103300000e+02 5.45971168518210e-23
3.59855985800000e+02 5.35512697906015e-23
3.59928852800000e+02 5.21296669015714e-23
3.60001704400000e+02 5.05092227280823e-23
3.60074540600000e+02 4.87873862198362e-23
3.60147361300000e+02 4.70055265780285e-23
3.60220166600000e+02 4.51885256675786e-23
3.60292956400000e+02 4.33425907473280e-23
3.60365730700000e+02 4.14541795816276e-23
3.60438489600000e+02 3.94989274936843e-23
3.60511233000000e+02 3.74877974938285e-23
3.60583960900000e+02 3.54602663784593e-23
3.60656673400000e+02 3.34746068205056e-23
3.60729370400000e+02 3.15840123756251e-23
3.60802051800000e+02 2.98075443805147e-23
3.60874717800000e+02 2.81511781605078e-23
3.60947368300000e+02 2.66214312137530e-23
3.61020003300000e+02 2.52057632860453e-23
3.61092622700000e+02 2.38840663754357e-23
3.61165226700000e+02 2.26429450197409e-23
3.61237815100000e+02 2.14659703273594e-23
3.61310388000000e+02 2.03197557893058e-23
3.61382945300000e+02 1.92048111722565e-23
3.61455487200000e+02 1.81302764075644e-23
3.61528013500000e+02 1.70972563105208e-23
3.61600524200000e+02 1.61312713172769e-23
3.61673019400000e+02 1.52377159988686e-23
3.61745499000000e+02 1.44073921164673e-23
3.61817963100000e+02 1.36359626076028e-23
3.61890411600000e+02 1.29003013406078e-23
3.61962844600000e+02 1.22192876718698e-23
3.62035262000000e+02 1.16308188538938e-23
3.62107663700000e+02 1.11254188225626e-23
3.62180049900000e+02 1.06757583785856e-23
3.62252420600000e+02 1.02553332701021e-23
3.62324775600000e+02 9.86946562819945e-24
3.62397115000000e+02 9.55973054012951e-24
3.62469438800000e+02 9.31099318245547e-24
3.62541747000000e+02 9.08565575896142e-24
3.62614039600000e+02 8.87458353581244e-24
3.62686316600000e+02 8.67911383898460e-24
3.62758578000000e+02 8.52335110655339e-24
3.62830823700000e+02 8.41355681368754e-24
3.62903053800000e+02 8.32699287485401e-24
3.62975268200000e+02 8.27202996333151e-24
3.63047467000000e+02 8.25878973333032e-24
3.63119650200000e+02 8.27378112472375e-24
3.63191817700000e+02 8.32172614064847e-24
3.63263969500000e+02 8.39617859492303e-24
3.63336105700000e+02 8.47108137744383e-24
3.63408226200000e+02 8.52108032664744e-24
3.63480331100000e+02 8.55548670776493e-24
3.63552420300000e+02 8.58032837402161e-24
3.63624493700000e+02 8.59094202206224e-24
3.63696551500000e+02 8.58504061407432e-24
3.63768593600000e+02 8.54664682159355e-24
3.63840620000000e+02 8.49252791393770e-24
3.63912630700000e+02 8.44463063720208e-24
3.63984625700000e+02 8.39445474300673e-24
3.64056605000000e+02 8.35170180585314e-24
3.64128568600000e+02 8.36479513556432e-24
3.64200516400000e+02 8.45795553819216e-24
3.64272448500000e+02 8.65837230942473e-24
3.64344364900000e+02 8.99099791316616e-24
3.64416265600000e+02 9.47209678683286e-24
3.64488150500000e+02 1.01024857794004e-23
3.64560019600000e+02 1.08283974474492e-23
3.64631873000000e+02 1.15576145580530e-23
3.64703710700000e+02 1.22298522667838e-23
3.64775532600000e+02 1.28117995252456e-23
3.64847338700000e+02 1.32715675166743e-23
3.64919129100000e+02 1.35574333734169e-23
3.64990903600000e+02 1.36429125384203e-23
3.65062662400000e+02 1.35712646174681e-23
3.65134405500000e+02 1.34237021179869e-23
3.65206132700000e+02 1.32450891573746e-23
3.65277844100000e+02 1.30571247534149e-23
3.65349539700000e+02 1.28589255819742e-23
3.65421219500000e+02 1.26653610247990e-23
3.65492883500000e+02 1.24786990074249e-23
3.65564531700000e+02 1.22823543207680e-23
3.65636164100000e+02 1.20685630805986e-23
3.65707780700000e+02 1.18189734613411e-23
3.65779381400000e+02 1.15025580924869e-23
3.65850966200000e+02 1.11330866437062e-23
3.65922535300000e+02 1.07490241637611e-23
3.65994088500000e+02 1.03606972623738e-23
3.66065625800000e+02 9.97583681870609e-24
3.66137147300000e+02 9.59853138023308e-24
3.66208653000000e+02 9.22165805704854e-24
3.66280142700000e+02 8.84185625627652e-24
3.66351616600000e+02 8.47448550576019e-24
3.66423074600000e+02 8.11029300198762e-24
3.66494516800000e+02 7.75352622557808e-24
3.66565943100000e+02 7.42592597394458e-24
3.66637353400000e+02 7.12800024632407e-24
3.66708747900000e+02 6.83641032752465e-24
3.66780126500000e+02 6.54770425863788e-24
3.66851489200000e+02 6.28336269117219e-24
3.66922835900000e+02 6.05645525931912e-24
3.66994166800000e+02 5.85295938361603e-24
3.67065481700000e+02 5.66105920053499e-24
3.67136780700000e+02 5.46832024575519e-24
3.67208063800000e+02 5.28658160676759e-24
3.67279331000000e+02 5.14949317758485e-24
3.67350582200000e+02 5.05615375773557e-24
3.67421817400000e+02 4.98971864188774e-24
3.67493036800000e+02 4.95007068051893e-24
3.67564240100000e+02 4.94629489688052e-24
3.67635427500000e+02 4.97995990743713e-24
3.67706599000000e+02 5.05148599996053e-24
3.67777754500000e+02 5.15180633329924e-24
3.67848894000000e+02 5.29506623497090e-24
3.67920017500000e+02 5.48458928020030e-24
3.67991125100000e+02 5.72883116473474e-24
3.68062216600000e+02 6.02809889089843e-24
3.68133292200000e+02 6.38404938506005e-24
3.68204351800000e+02 6.78195825028274e-24
3.68275395300000e+02 7.19926494279858e-24
3.68346422900000e+02 7.62267298760997e-24
3.68417434400000e+02 8.03437025858322e-24
3.68488430000000e+02 8.39484056452840e-24
3.68559409500000e+02 8.68525910180137e-24
3.68630373000000e+02 8.87877678400464e-24
3.68701320400000e+02 8.95738747268220e-24
3.68772251900000e+02 8.93360827306949e-24
3.68843167200000e+02 8.84388966805026e-24
3.68914066600000e+02 8.69189142005936e-24
3.68984949800000e+02 8.47269490649668e-24
3.69055817100000e+02 8.22106716305607e-24
3.69126668200000e+02 7.96331301605478e-24
3.69197503300000e+02 7.70926868993841e-24
3.69268322400000e+02 7.47186039664052e-24
3.69339125300000e+02 7.23992401059466e-24
3.69409912200000e+02 6.99002711184733e-24
3.69480683000000e+02 6.73450758941931e-24
3.69551437700000e+02 6.49584975421985e-24
3.69622176300000e+02 6.26862825295085e-24
3.69692898800000e+02 6.04350882246626e-24
3.69763605200000e+02 5.82199470177551e-24
3.69834295400000e+02 5.60107314394225e-24
3.69904969600000e+02 5.39944660551282e-24
3.69975627700000e+02 5.24283618763696e-24
3.70046269600000e+02 5.11656646942518e-24
3.70116895400000e+02 4.99584093559067e-24
3.70187505100000e+02 4.88133888304080e-24
3.70258098600000e+02 4.77049306290236e-24
3.70328676000000e+02 4.65579099253486e-24
3.70399237200000e+02 4.54207377727685e-24
3.70469782300000e+02 4.42623306157983e-24
3.70540311200000e+02 4.31315656691798e-24
3.70610823900000e+02 4.20993142388430e-24
3.70681320500000e+02 4.10058453466802e-24
3.70751800900000e+02 3.97998591806736e-24
3.70822265200000e+02 3.85104166955738e-24
3.70892713200000e+02 3.72128883505925e-24
3.70963145100000e+02 3.61811729243692e-24
3.71033560700000e+02 3.53484605091064e-24
3.71103960200000e+02 3.42390956277146e-24
3.71174343500000e+02 3.30052600880956e-24
3.71244710500000e+02 3.19389152639484e-24
3.71315061400000e+02 3.09585774120177e-24
3.71385396000000e+02 3.00625182059927e-24
3.71455714400000e+02 2.93804556814574e-24
3.71526016600000e+02 2.88517715152614e-24
3.71596302500000e+02 2.84769912868906e-24
3.71666572200000e+02 2.83339278601607e-24
3.71736825700000e+02 2.81533887087496e-24
3.71807062900000e+02 2.78882532267298e-24
3.71877283800000e+02 2.78257256724026e-24
3.71947488500000e+02 2.78613061758434e-24
3.72017677000000e+02 2.77956149637082e-24
3.72087849200000e+02 2.76846772601563e-24
3.72158005100000e+02 2.75534566642541e-24
3.72228144700000e+02 2.74396188305962e-24
3.72298268000000e+02 2.73652788750042e-24
3.72368375100000e+02 2.72575233150313e-24
3.72438465900000e+02 2.72024560812156e-24
3.72508540300000e+02 2.72046073424673e-24
3.72578598500000e+02 2.71717144700636e-24
3.72648640400000e+02 2.70768094622742e-24
3.72718665900000e+02 2.69783984449971e-24
3.72788675200000e+02 2.71735495036598e-24
3.72858668100000e+02 2.78286448040853e-24
3.72928644700000e+02 2.87361278542766e-24
3.72998604900000e+02 2.98315389634201e-24
3.73068548800000e+02 3.12418131957696e-24
3.73138476400000e+02 3.28815848595943e-24
3.73208387600000e+02 3.46302632520930e-24
3.73278282500000e+02 3.63676374208965e-24
3.73348161100000e+02 3.79422078836823e-24
3.73418023200000e+02 3.92699783468282e-24
3.73487869000000e+02 4.04406350642770e-24
3.73557698500000e+02 4.14588248550759e-24
3.73627511500000e+02 4.22677682077312e-24
3.73697308200000e+02 4.30264459129136e-24
3.73767088500000e+02 4.38458885085486e-24
3.73836852400000e+02 4.46645555974794e-24
3.73906599900000e+02 4.53897395134385e-24
3.73976331000000e+02 4.60276584739595e-24
3.74046045700000e+02 4.66772256568835e-24
3.74115744000000e+02 4.72932989560820e-24
3.74185425900000e+02 4.76475097291387e-24
3.74255091400000e+02 4.76591974642123e-24
3.74324740400000e+02 4.73995903318743e-24
3.74394373000000e+02 4.69704082331693e-24
3.74463989200000e+02 4.64599460180567e-24
3.74533588900000e+02 4.56769033534884e-24
3.74603172200000e+02 4.46876490152271e-24
3.74672739100000e+02 4.37255328931262e-24
3.74742289400000e+02 4.27627590375731e-24
3.74811823400000e+02 4.17611027061101e-24
3.74881340800000e+02 4.08055198967057e-24
3.74950841800000e+02 3.98637712149166e-24
3.75020326400000e+02 3.89733238122308e-24
3.75089794400000e+02 3.83179459822167e-24
3.75159246000000e+02 3.77335502799869e-24
3.75228681100000e+02 3.69826171393547e-24
3.75298099600000e+02 3.61578213002201e-24
3.75367501700000e+02 3.54666206000822e-24
3.75436887300000e+02 3.47972863069108e-24
3.75506256400000e+02 3.41777798424379e-24
3.75575609000000e+02 3.35464371451259e-24
3.75644945000000e+02 3.27506695239981e-24
3.75714264500000e+02 3.18921861538326e-24
3.75783567500000e+02 3.12209298971435e-24
3.75852854000000e+02 3.08631551262755e-24
3.75922123900000e+02 3.07671848907350e-24
3.75991377300000e+02 3.07304472122391e-24
3.76060614100000e+02 3.06521070450483e-24
3.76129834400000e+02 3.05957764728456e-24
3.76199038100000e+02 3.04422993517073e-24
3.76268225300000e+02 3.01981305940348e-24
3.76337395900000e+02 2.99386183381657e-24
3.76406549900000e+02 2.94933833625673e-24
3.76475687400000e+02 2.88088897805560e-24
3.76544808300000e+02 2.81252915131056e-24
3.76613912600000e+02 2.74615736929455e-24
3.76683000300000e+02 2.69643247658043e-24
3.76752071400000e+02 2.67873500900959e-24
3.76821125800000e+02 2.67536100516342e-24
3.76890163700000e+02 2.67003286050625e-24
3.76959185000000e+02 2.67526335842425e-24
3.77028189700000e+02 2.68833132801911e-24
3.77097177700000e+02 2.71044511981715e-24
3.77166149200000e+02 2.73166327418623e-24
3.77235103900000e+02 2.74134595807638e-24
3.77304042100000e+02 2.74322241491777e-24
3.77372963600000e+02 2.74521713913262e-24
3.77441868500000e+02 2.75374790022999e-24
3.77510756700000e+02 2.76350781002431e-24
3.77579628300000e+02 2.76920920425897e-24
3.77648483200000e+02 2.77120312604797e-24
3.77717321400000e+02 2.76972205787089e-24
3.77786143000000e+02 2.76786430650488e-24
3.77854947900000e+02 2.76458183198567e-24
3.77923736100000e+02 2.75094958394297e-24
3.77992507600000e+02 2.73791852957548e-24
3.78061262500000e+02 2.73884975029450e-24
3.78130000600000e+02 2.75243266896208e-24
3.78198722100000e+02 2.76460902699720e-24
3.78267426800000e+02 2.77456020722898e-24
3.78336114800000e+02 2.78864883024716e-24
3.78404786200000e+02 2.81602439263448e-24
3.78473440800000e+02 2.85278946255156e-24
3.78542078600000e+02 2.88708939308396e-24
3.78610699800000e+02 2.90266207438470e-24
3.78679304200000e+02 2.90537423278876e-24
3.78747891900000e+02 2.92052461294347e-24
3.78816462800000e+02 2.93852736991376e-24
3.78885017000000e+02 2.94270614027407e-24
3.78953554400000e+02 2.94257741935268e-24
3.79022075100000e+02 2.94452030612002e-24
3.79090579000000e+02 2.94271971805018e-24
3.79159066200000e+02 2.93637785843199e-24
3.79227536600000e+02 2.92390932684277e-24
3.79295990200000e+02 2.90393065243247e-24
3.79364427000000e+02 2.87557905294926e-24
3.79432847000000e+02 2.85412015295660e-24
3.79501250200000e+02 2.83595736380769e-24
3.79569636700000e+02 2.81569815036485e-24
3.79638006300000e+02 2.80268669051738e-24
3.79706359100000e+02 2.80656390298368e-24
3.79774695100000e+02 2.81876189462627e-24
3.79843014300000e+02 2.82942847180461e-24
3.79911316700000e+02 2.84267649981183e-24
3.79979602300000e+02 2.85783200890872e-24
3.80047871000000e+02 2.86395278904342e-24
3.80116122900000e+02 2.86388052384572e-24
3.80184357900000e+02 2.85714579926189e-24
3.80252576100000e+02 2.84068157169238e-24
3.80320777400000e+02 2.82800353944604e-24
3.80388961900000e+02 2.82464541560056e-24
3.80457129500000e+02 2.82373994579116e-24
3.80525280300000e+02 2.83647222039544e-24
3.80593414200000e+02 2.85328989169202e-24
3.80661531200000e+02 2.86242980516769e-24
3.80729631300000e+02 2.86249951334317e-24
3.80797714600000e+02 2.85566451606807e-24
3.80865780900000e+02 2.84156002425090e-24
3.80933830400000e+02 2.83150166063942e-24
3.81001862900000e+02 2.82356242599562e-24
3.81069878600000e+02 2.81010360133397e-24
3.81137877300000e+02 2.79246650211708e-24
3.81205859200000e+02 2.78812846702265e-24
3.81273824100000e+02 2.80822496267109e-24
3.81341772100000e+02 2.84107800079920e-24
3.81409703100000e+02 2.87109249036386e-24
3.81477617200000e+02 2.90043013709054e-24
3.81545514400000e+02 2.92855072447566e-24
3.81613394600000e+02 2.95163173771278e-24
3.81681257900000e+02 2.96692673223878e-24
3.81749104300000e+02 2.96727188192253e-24
3.81816933600000e+02 2.95215464530476e-24
3.81884746000000e+02 2.93700585233454e-24
3.81952541500000e+02 2.93046894447267e-24
3.82020319900000e+02 2.93087811785131e-24
3.82088081400000e+02 2.93628123991736e-24
3.82155825900000e+02 2.95281218225129e-24
3.82223553400000e+02 2.97446725182550e-24
3.82291263900000e+02 2.99562519320730e-24
3.82358957500000e+02 3.01013393642073e-24
3.82426634000000e+02 3.01633991418672e-24
3.82494293500000e+02 3.01445969735328e-24
3.82561936000000e+02 3.00161489213242e-24
3.82629561500000e+02 2.97903115047096e-24
3.82697169900000e+02 2.95237099609363e-24
3.82764761300000e+02 2.91548768939080e-24
3.82832335700000e+02 2.86554310584946e-24
3.82899893100000e+02 2.80991379126708e-24
3.82967433400000e+02 2.76356657565994e-24
3.83034956600000e+02 2.73388507612817e-24
3.83102462900000e+02 2.70846483093444e-24
3.83169952000000e+02 2.67926577409096e-24
3.83237424100000e+02 2.64585414388844e-24
3.83304879100000e+02 2.61923256369264e-24
3.83372317100000e+02 2.60333051298850e-24
3.83439738000000e+02 2.58888412799689e-24
3.83507141700000e+02 2.57523643918059e-24
3.83574528400000e+02 2.56920745269459e-24
3.83641898100000e+02 2.58149111263398e-24
3.83709250600000e+02 2.61075842691674e-24
3.83776586000000e+02 2.63310817518774e-24
3.83843904300000e+02 2.63200232212976e-24
3.83911205500000e+02 2.62612094872675e-24
3.83978489600000e+02 2.62158043904492e-24
3.84045756500000e+02 2.61660321509322e-24
3.84113006400000e+02 2.60316651028346e-24
3.84180239100000e+02 2.57505238520560e-24
3.84247454600000e+02 2.52871516050332e-24
3.84314653100000e+02 2.48234170368109e-24
3.84381834300000e+02 2.45676386565914e-24
3.84448998500000e+02 2.44687390281735e-24
3.84516145400000e+02 2.43989177506481e-24
3.84583275200000e+02 2.44384975107879e-24
3.84650387900000e+02 2.46006305026414e-24
3.84717483400000e+02 2.46999631620007e-24
3.84784561700000e+02 2.46612702002572e-24
3.84851622800000e+02 2.44687529129474e-24
3.84918666700000e+02 2.42183652130357e-24
3.84985693500000e+02 2.40956250591359e-24
3.85052703000000e+02 2.42270568855640e-24
3.85119695400000e+02 2.43787148470526e-24
3.85186670500000e+02 2.43471761878843e-24
3.85253628400000e+02 2.43288172250376e-24
3.85320569200000e+02 2.45488528105155e-24
3.85387492700000e+02 2.48900442354706e-24
3.85454398900000e+02 2.52176474754572e-24
3.85521288000000e+02 2.54404189684164e-24
3.85588159800000e+02 2.54751371482138e-24
3.85655014400000e+02 2.53705442898203e-24
3.85721851700000e+02 2.51768926404184e-24
3.85788671800000e+02 2.49651228182142e-24
3.85855474600000e+02 2.47666028387094e-24
3.85922260200000e+02 2.46220050488286e-24
3.85989028500000e+02 2.46212394383055e-24
3.86055779500000e+02 2.47426888519216e-24
3.86122513300000e+02 2.49030725793006e-24
3.86189229800000e+02 2.50866127799844e-24
3.86255929000000e+02 2.53147670039255e-24
3.86322610900000e+02 2.56723510785397e-24
3.86389275500000e+02 2.61799449361348e-24
3.86455922800000e+02 2.67595576000537e-24
3.86522552800000e+02 2.73683602422648e-24
3.86589165500000e+02 2.81016654398033e-24
3.86655760900000e+02 2.90032566952216e-24
3.86722339000000e+02 2.99417983052054e-24
3.86788899800000e+02 3.08235715446086e-24
3.86855443200000e+02 3.15369252610225e-24
3.86921969300000e+02 3.19683831196372e-24
3.86988478100000e+02 3.21565935001035e-24
3.87054969500000e+02 3.22471371127829e-24
3.87121443500000e+02 3.22379356732104e-24
3.87187900300000e+02 3.20571107474831e-24
3.87254339600000e+02 3.16514727588502e-24
3.87320761600000e+02 3.11263095295987e-24
3.87387166200000e+02 3.06548658810517e-24
3.87453553500000e+02 3.02663064571733e-24
3.87519923400000e+02 2.99626927984740e-24
3.87586275900000e+02 2.98067290197046e-24
3.87652611000000e+02 2.96981626705084e-24
3.87718928700000e+02 2.95227669828752e-24
3.87785229100000e+02 2.95104439411731e-24
3.87851512000000e+02 2.97221773660446e-24
3.87917777500000e+02 2.98457127267599e-24
3.87984025600000e+02 2.98221202677884e-24
3.88050256300000e+02 2.98071671781567e-24
3.88116469600000e+02 2.97865264497279e-24
3.88182665400000e+02 2.97724695009064e-24
3.88248843800000e+02 2.99152731721816e-24
3.88315004800000e+02 3.01055265098813e-24
3.88381148400000e+02 3.01893132809470e-24
3.88447274500000e+02 3.02013041499755e-24
3.88513383100000e+02 3.02047222724724e-24
3.88579474300000e+02 3.03684672144637e-24
3.88645548000000e+02 3.07036821637377e-24
3.88711604300000e+02 3.10325973198496e-24
3.88777643100000e+02 3.12530256158922e-24
3.88843664400000e+02 3.14350095117376e-24
3.88909668200000e+02 3.16160137982002e-24
3.88975654600000e+02 3.18414321056964e-24
3.89041623500000e+02 3.21305382769343e-24
3.89107574800000e+02 3.24953305281481e-24
3.89173508700000e+02 3.28886545423725e-24
3.89239425100000e+02 3.32442537272382e-24
3.89305323900000e+02 3.36044928428842e-24
3.89371205300000e+02 3.39003822050860e-24
3.89437069100000e+02 3.41074204823167e-24
3.89502915400000e+02 3.43499314023510e-24
3.89568744200000e+02 3.46524423429716e-24
3.89634555400000e+02 3.47649378604798e-24
3.89700349100000e+02 3.45568331339079e-24
3.89766125300000e+02 3.41161503471919e-24
3.89831883900000e+02 3.36107816586664e-24
3.89897624900000e+02 3.30747091034278e-24
3.89963348400000e+02 3.25787784539258e-24
3.90029054300000e+02 3.21249865526108e-24
3.90094742700000e+02 3.16838273511690e-24
3.90160413500000e+02 3.13077282131706e-24
3.90226066700000e+02 3.10976717295051e-24
3.90291702300000e+02 3.10750124010057e-24
3.90357320400000e+02 3.13286136219010e-24
3.90422920800000e+02 3.18393473307532e-24
3.90488503700000e+02 3.23345822113837e-24
3.90554068900000e+02 3.27061556903484e-24
3.90619616600000e+02 3.30572186513313e-24
3.90685146600000e+02 3.33543579180125e-24
3.90750659000000e+02 3.36425745146828e-24
3.90816153800000e+02 3.40075522763317e-24
3.90881631000000e+02 3.43056175120755e-24
3.90947090500000e+02 3.44873782020518e-24
3.91012532400000e+02 3.46328226248148e-24
3.91077956700000e+02 3.47221521309951e-24
3.91143363300000e+02 3.46960153214792e-24
3.91208752200000e+02 3.46386839536440e-24
3.91274123500000e+02 3.46659758970389e-24
3.91339477200000e+02 3.48276989336106e-24
3.91404813100000e+02 3.50457398429801e-24
3.91470131400000e+02 3.53020978868893e-24
3.91535432100000e+02 3.56278891085358e-24
3.91600715000000e+02 3.60379445214027e-24
3.91665980200000e+02 3.66184167913394e-24
3.91731227800000e+02 3.74359567326198e-24
3.91796457700000e+02 3.82624378834337e-24
3.91861669900000e+02 3.89093559703051e-24
3.91926864300000e+02 3.94252552593617e-24
3.91992041100000e+02 3.98711779306785e-24
3.92057200100000e+02 4.02164902029602e-24
3.92122341400000e+02 4.04529532944543e-24
3.92187465000000e+02 4.06458911446327e-24
3.92252570900000e+02 4.06837796571056e-24
3.92317659000000e+02 4.04955349029506e-24
3.92382729400000e+02 4.01628326957823e-24
3.92447782000000e+02 3.98100164549950e-24
3.92512816900000e+02 3.94056464943200e-24
3.92577834100000e+02 3.90801380555765e-24
3.92642833400000e+02 3.90018234527234e-24
3.92707815100000e+02 3.90823845979914e-24
3.92772778900000e+02 3.92766624709947e-24
3.92837725000000e+02 3.96943382256888e-24
3.92902653300000e+02 4.04463897126250e-24
3.92967563800000e+02 4.14988895463336e-24
3.93032456500000e+02 4.26620007312061e-24
3.93097331400000e+02 4.37075608103536e-24
3.93162188500000e+02 4.46038979683818e-24
3.93227027800000e+02 4.54321012331456e-24
3.93291849400000e+02 4.61993693904890e-24
3.93356653100000e+02 4.69333517314648e-24
3.93421438900000e+02 4.76528954331923e-24
3.93486207000000e+02 4.82735816746755e-24
3.93550957200000e+02 4.87242959719748e-24
3.93615689600000e+02 4.92180142040989e-24
3.93680404200000e+02 4.98075258276561e-24
3.93745100900000e+02 5.03255624671849e-24
3.93809779700000e+02 5.07133036496962e-24
3.93874440800000e+02 5.10702554723443e-24
3.93939083900000e+02 5.13395463061189e-24
3.94003709200000e+02 5.15182026983344e-24
3.94068316600000e+02 5.17603304884427e-24
3.94132906200000e+02 5.20237784661765e-24
3.94197477900000e+02 5.21729810472366e-24
3.94262031600000e+02 5.23279054795890e-24
3.94326567600000e+02 5.26503999377456e-24
3.94391085600000e+02 5.30840238838146e-24
3.94455585700000e+02 5.35768386119353e-24
3.94520067900000e+02 5.41327636719300e-24
3.94584532200000e+02 5.46094399939572e-24
3.94648978600000e+02 5.49537539749613e-24
3.94713407100000e+02 5.51897731930440e-24
3.94777817600000e+02 5.53812729261581e-24
3.94842210300000e+02 5.56580978009327e-24
3.94906585000000e+02 5.60622164191566e-24
3.94970941700000e+02 5.64329195809405e-24
3.95035280500000e+02 5.66897093339023e-24
3.95099601400000e+02 5.68433624480313e-24
3.95163904300000e+02 5.69966298797355e-24
3.95228189300000e+02 5.72644203706595e-24
3.95292456300000e+02 5.75592053701252e-24
3.95356705400000e+02 5.77079925234442e-24
3.95420936400000e+02 5.76258461918478e-24
3.95485149500000e+02 5.73927238626862e-24
3.95549344600000e+02 5.70435276768408e-24
3.95613521800000e+02 5.66430937479740e-24
3.95677680900000e+02 5.62839087587382e-24
3.95741822000000e+02 5.59831550283657e-24
3.95805945200000e+02 5.56781747356269e-24
3.95870050300000e+02 5.53056688345973e-24
3.95934137400000e+02 5.49540782115613e-24
3.95998206600000e+02 5.46907023609826e-24
3.96062257700000e+02 5.45109221986999e-24
3.96126290700000e+02 5.43759587925008e-24
3.96190305800000e+02 5.41313418806902e-24
3.96254302800000e+02 5.36419915148579e-24
3.96318281700000e+02 5.30109724394873e-24
3.96382242600000e+02 5.24304829690737e-24
3.96446185500000e+02 5.18477215983559e-24
3.96510110300000e+02 5.11107134372809e-24
3.96574017100000e+02 5.01598919032504e-24
3.96637905800000e+02 4.89948961302470e-24
3.96701776400000e+02 4.77601917375792e-24
3.96765629000000e+02 4.66426005333782e-24
3.96829463400000e+02 4.57131193620780e-24
3.96893279800000e+02 4.48365429078417e-24
3.96957078100000e+02 4.40002656339001e-24
3.97020858300000e+02 4.33349871537302e-24
3.97084620400000e+02 4.28619851126112e-24
3.97148364400000e+02 4.25347148250772e-24
3.97212090300000e+02 4.22915671867483e-24
3.97275798100000e+02 4.20971538145366e-24
3.97339487800000e+02 4.19452364244616e-24
3.97403159300000e+02 4.18504398679144e-24
3.97466812700000e+02 4.17203936325929e-24
3.97530448000000e+02 4.13628433434653e-24
3.97594065200000e+02 4.07103842264618e-24
3.97657664200000e+02 3.98542897400351e-24
3.97721245000000e+02 3.89751703809392e-24
3.97784807700000e+02 3.82148619759579e-24
3.97848352300000e+02 3.76068790233416e-24
3.97911878600000e+02 3.69582733661234e-24
3.97975386900000e+02 3.62331573859968e-24
3.98038876900000e+02 3.55989739092825e-24
3.98102348800000e+02 3.51202256447725e-24
3.98165802500000e+02 3.48017460094792e-24
3.98229238000000e+02 3.47158209372910e-24
3.98292655300000e+02 3.47613442445113e-24
3.98356054400000e+02 3.47223104748479e-24
3.98419435300000e+02 3.45220662302027e-24
3.98482798000000e+02 3.41324762829343e-24
3.98546142500000e+02 3.36112266943752e-24
3.98609468700000e+02 3.30325604234959e-24
3.98672776800000e+02 3.24813123341161e-24
3.98736066600000e+02 3.20179570136676e-24
3.98799338200000e+02 3.16843241196592e-24
3.98862591600000e+02 3.14824836911301e-24
3.98925826700000e+02 3.14574750420858e-24
3.98989043600000e+02 3.16464320954927e-24
3.99052242200000e+02 3.19525525736993e-24
3.99115422600000e+02 3.23329950057082e-24
3.99178584700000e+02 3.28630767482281e-24
3.99241728500000e+02 3.35748046471662e-24
3.99304854100000e+02 3.43719801738364e-24
3.99367961400000e+02 3.50469618986223e-24
3.99431050400000e+02 3.55077830391543e-24
3.99494121100000e+02 3.57638518369645e-24
3.99557173600000e+02 3.59995491671828e-24
3.99620207700000e+02 3.63389046209977e-24
3.99683223600000e+02 3.67618384394526e-24
3.99746221100000e+02 3.71333713496088e-24
3.99809200300000e+02 3.73842791157466e-24
3.99872161200000e+02 3.74743340405677e-24
3.99935103800000e+02 3.75939444566410e-24
3.99998028100000e+02 3.79745478292111e-24
4.00060934100000e+02 3.85342891201314e-24
4.00123821700000e+02 3.92603847903282e-24
4.00186691000000e+02 4.01710680173631e-24
4.00249541900000e+02 4.11572197642834e-24
4.00312374500000e+02 4.20134178153488e-24
4.00375188700000e+02 4.27767967578514e-24
4.00437984600000e+02 4.36537342167315e-24
4.00500762100000e+02 4.44846663920605e-24
4.00563521200000e+02 4.49810270065408e-24
4.00626262000000e+02 4.52471191115465e-24
4.00688984300000e+02 4.54205292856969e-24
4.00751688300000e+02 4.55714887547928e-24
4.00814374000000e+02 4.58247637009211e-24
4.00877041200000e+02 4.63090859328089e-24
4.00939690000000e+02 4.68592185121091e-24
4.01002320400000e+02 4.74344705273126e-24
4.01064932400000e+02 4.82421402564321e-24
4.01127526000000e+02 4.94589439022562e-24
4.01190101200000e+02 5.09631934378265e-24
4.01252658000000e+02 5.24281892661553e-24
4.01315196300000e+02 5.35669386410543e-24
4.01377716200000e+02 5.44979197657817e-24
4.01440217700000e+02 5.54083152199982e-24
4.01502700700000e+02 5.62787112572442e-24
4.01565165300000e+02 5.70738650748590e-24
4.01627611400000e+02 5.78367805815996e-24
4.01690039000000e+02 5.84644105343166e-24
4.01752448200000e+02 5.90159765341440e-24
4.01814839000000e+02 5.97477829105638e-24
4.01877211200000e+02 6.07011822323992e-24
4.01939565000000e+02 6.17257031260608e-24
4.02001900300000e+02 6.28206708119214e-24
4.02064217200000e+02 6.40181547593768e-24
4.02126515500000e+02 6.52695350177848e-24
4.02188795300000e+02 6.64072174555757e-24
4.02251056700000e+02 6.72154027904027e-24
4.02313299500000e+02 6.75984281962874e-24
4.02375523800000e+02 6.77547923683539e-24
4.02437729600000e+02 6.79015261253068e-24
4.02499916900000e+02 6.80013191646553e-24
4.02562085600000e+02 6.78797843862212e-24
4.02624235900000e+02 6.76472437916565e-24
4.02686367600000e+02 6.74878282548465e-24
4.02748480700000e+02 6.73641847536004e-24
4.02810575300000e+02 6.72309775012734e-24
4.02872651400000e+02 6.70507323500657e-24
4.02934708900000e+02 6.67935564274630e-24
4.02996747800000e+02 6.64653546370328e-24
4.03058768200000e+02 6.61626806401287e-24
4.03120770000000e+02 6.56927695866924e-24
4.03182753200000e+02 6.49233813202292e-24
4.03244717800000e+02 6.40167459168763e-24
4.03306663900000e+02 6.32400560537911e-24
4.03368591400000e+02 6.28293593083162e-24
4.03430500300000e+02 6.29048310388401e-24
4.03492390600000e+02 6.31234767275060e-24
4.03554262200000e+02 6.32959351941448e-24
4.03616115300000e+02 6.35127335983939e-24
4.03677949800000e+02 6.38567356962395e-24
4.03739765600000e+02 6.42732251442932e-24
4.03801562800000e+02 6.46605488316185e-24
4.03863341400000e+02 6.48152771991943e-24
4.03925101300000e+02 6.46824328940041e-24
4.03986842600000e+02 6.45270486984427e-24
4.04048565300000e+02 6.43749700874227e-24
4.04110269300000e+02 6.41664316458313e-24
4.04171954700000e+02 6.38350886155066e-24
4.04233621400000e+02 6.32198945582111e-24
4.04295269500000e+02 6.22870315106935e-24
4.04356898800000e+02 6.13931770136300e-24
4.04418509500000e+02 6.06985261776159e-24
4.04480101600000e+02 6.00461305918426e-24
4.04541674900000e+02 5.92835975362437e-24
4.04603229600000e+02 5.84499674942194e-24
4.04664765500000e+02 5.77004637652402e-24
4.04726282800000e+02 5.72044062467495e-24
4.04787781400000e+02 5.70039228760718e-24
4.04849261200000e+02 5.71709539113057e-24
4.04910722400000e+02 5.75512029110988e-24
4.04972164800000e+02 5.80963698015917e-24
4.05033588500000e+02 5.88603404362053e-24
4.05094993500000e+02 5.98221957031282e-24
4.05156379700000e+02 6.06268012763089e-24
4.05217747300000e+02 6.11394243607371e-24
4.05279096000000e+02 6.16056400748063e-24
4.05340426000000e+02 6.20870760052738e-24
4.05401737300000e+02 6.24969123890892e-24
4.05463029800000e+02 6.29403118769671e-24
4.05524303600000e+02 6.34260849149507e-24
4.05585558600000e+02 6.36656627274751e-24
4.05646794800000e+02 6.35656480501346e-24
4.05708012200000e+02 6.34646740799552e-24
4.05769210900000e+02 6.36638161150417e-24
4.05830390800000e+02 6.42745475445682e-24
4.05891551900000e+02 6.54216642815929e-24
4.05952694100000e+02 6.72025576329419e-24
4.06013817600000e+02 6.93793572151713e-24
4.06074922300000e+02 7.17772911963164e-24
4.06136008200000e+02 7.43695813673614e-24
4.06197075300000e+02 7.71494177548159e-24
4.06258123500000e+02 7.99607835530738e-24
4.06319152900000e+02 8.25039162734161e-24
4.06380163500000e+02 8.44639393311889e-24
4.06441155200000e+02 8.57368656289075e-24
4.06502128100000e+02 8.65134038980613e-24
4.06563082200000e+02 8.69600405201919e-24
4.06624017400000e+02 8.72500665359243e-24
4.06684933800000e+02 8.75901001514532e-24
4.06745831300000e+02 8.80842615770840e-24
4.06806709900000e+02 8.88753136336948e-24
4.06867569700000e+02 9.02159528308047e-24
4.06928410600000e+02 9.21236053354938e-24
4.06989232600000e+02 9.42945520345766e-24
4.07050035700000e+02 9.64980034251805e-24
4.07110820000000e+02 9.87398824605594e-24
4.07171585300000e+02 1.00934242665439e-23
4.07232331800000e+02 1.03063909454292e-23
4.07293059300000e+02 1.05146745531202e-23
4.07353767900000e+02 1.06913122702643e-23
4.07414457700000e+02 1.08322704808178e-23
4.07475128500000e+02 1.09620591353071e-23
4.07535780300000e+02 1.11206263406769e-23
4.07596413300000e+02 1.13088742349799e-23
4.07657027300000e+02 1.15218683292912e-23
4.07717622400000e+02 1.17642497149110e-23
4.07778198500000e+02 1.20302735117407e-23
4.07838755700000e+02 1.23030025283231e-23
4.07899294000000e+02 1.25728508225144e-23
4.07959813200000e+02 1.28680334130442e-23
4.08020313600000e+02 1.31655287867630e-23
4.08080794900000e+02 1.34436268838166e-23
4.08141257300000e+02 1.37119217499330e-23
4.08201700700000e+02 1.39762386043363e-23
4.08262125100000e+02 1.42254496824148e-23
4.08322530600000e+02 1.44508596735433e-23
4.08382917000000e+02 1.46664538197165e-23
4.08443284400000e+02 1.48728117622545e-23
4.08503632900000e+02 1.50788971243986e-23
4.08563962300000e+02 1.52953505166907e-23
4.08624272700000e+02 1.55064689420148e-23
4.08684564100000e+02 1.57114678333731e-23
4.08744836500000e+02 1.59224199119166e-23
4.08805089900000e+02 1.61334775084455e-23
4.08865324200000e+02 1.63397115153890e-23
4.08925539500000e+02 1.65344579060537e-23
4.08985735800000e+02 1.66818592521379e-23
4.09045913000000e+02 1.67681037506710e-23
4.09106071100000e+02 1.68158371933848e-23
4.09166210200000e+02 1.68619114870562e-23
4.09226330300000e+02 1.68922966578930e-23
4.09286431200000e+02 1.68922891064276e-23
4.09346513100000e+02 1.68537991177364e-23
4.09406576000000e+02 1.67729737849721e-23
4.09466619700000e+02 1.66721036915923e-23
4.09526644400000e+02 1.65655875418238e-23
4.09586649900000e+02 1.64918651277282e-23
4.09646636400000e+02 1.64715190543818e-23
4.09706603800000e+02 1.64777656146635e-23
4.09766552100000e+02 1.64649349160204e-23
4.09826481200000e+02 1.64609437785015e-23
4.09886391300000e+02 1.65187093572091e-23
4.09946282200000e+02 1.66055124011117e-23
4.10006154000000e+02 1.66848409491486e-23
4.10066006700000e+02 1.67633555178309e-23
4.10125840200000e+02 1.68358261096473e-23
4.10185654600000e+02 1.68913016856792e-23
4.10245449900000e+02 1.69878199037310e-23
4.10305226000000e+02 1.71271105316960e-23
4.10364982900000e+02 1.72307759224193e-23
4.10424720700000e+02 1.72552606962201e-23
4.10484439300000e+02 1.72282219458062e-23
4.10544138800000e+02 1.71990898605850e-23
4.10603819100000e+02 1.71830211756563e-23
4.10663480200000e+02 1.71552233980420e-23
4.10723122100000e+02 1.70869907571280e-23
4.10782744900000e+02 1.69643203216102e-23
4.10842348400000e+02 1.68041817977269e-23
4.10901932700000e+02 1.66460894575652e-23
4.10961497900000e+02 1.65356185967295e-23
4.11021043800000e+02 1.64767257335926e-23
4.11080570500000e+02 1.64329194497159e-23
4.11140078000000e+02 1.63985964800886e-23
4.11199566300000e+02 1.63878276847817e-23
4.11259035400000e+02 1.63743119462533e-23
4.11318485200000e+02 1.63137018360037e-23
4.11377915800000e+02 1.62329667346122e-23
4.11437327100000e+02 1.61576147733516e-23
4.11496719200000e+02 1.60641537567154e-23
4.11556092100000e+02 1.59233602438740e-23
4.11615445600000e+02 1.57367808959583e-23
4.11674780000000e+02 1.55341486016654e-23
4.11734095000000e+02 1.53185801742793e-23
4.11793390800000e+02 1.51071099133284e-23
4.11852667300000e+02 1.49345437510974e-23
4.11911924500000e+02 1.47910257524433e-23
4.11971162500000e+02 1.46588659375712e-23
4.12030381100000e+02 1.45212433123765e-23
4.12089580500000e+02 1.43801523788916e-23
4.12148760500000e+02 1.42229649006329e-23
4.12207921300000e+02 1.40296211927864e-23
4.12267062700000e+02 1.38143159496579e-23
4.12326184800000e+02 1.36086756875773e-23
4.12385287600000e+02 1.34622123413414e-23
4.12444371100000e+02 1.33685705908385e-23
4.12503435200000e+02 1.32965226974913e-23
4.12562480000000e+02 1.32231108330088e-23
4.12621505500000e+02 1.31422402601576e-23
4.12680511600000e+02 1.31027386009162e-23
4.12739498400000e+02 1.31262273116954e-23
4.12798465800000e+02 1.31758827747654e-23
4.12857413800000e+02 1.31664004325987e-23
4.12916342500000e+02 1.30952615412676e-23
4.12975251800000e+02 1.29997806773833e-23
4.13034141800000e+02 1.28942455272247e-23
4.13093012300000e+02 1.28079934260765e-23
4.13151863500000e+02 1.27582049108320e-23
4.13210695300000e+02 1.27530061006999e-23
4.13269507700000e+02 1.27612398733636e-23
4.13328300700000e+02 1.28012798779773e-23
4.13387074300000e+02 1.28875452501373e-23
4.13445828500000e+02 1.29963729725215e-23
4.13504563200000e+02 1.30946384208329e-23
4.13563278600000e+02 1.31847244758962e-23
4.13621974500000e+02 1.32755400189257e-23
4.13680651000000e+02 1.33598426502328e-23
4.13739308000000e+02 1.34245234106181e-23
4.13797945700000e+02 1.34702549981468e-23
4.13856563800000e+02 1.34919776551257e-23
4.13915162600000e+02 1.34900270589907e-23
4.13973741800000e+02 1.35282478395593e-23
4.14032301700000e+02 1.36516317494108e-23
4.14090842000000e+02 1.38351322988613e-23
4.14149362900000e+02 1.40308584911928e-23
4.14207864300000e+02 1.42378161419871e-23
4.14266346200000e+02 1.44765271040563e-23
4.14324808700000e+02 1.47380164977307e-23
4.14383251700000e+02 1.50373271380428e-23
4.14441675100000e+02 1.53950969369211e-23
4.14500079100000e+02 1.57854732183171e-23
4.14558463600000e+02 1.61655843958866e-23
4.14616828500000e+02 1.65414458525775e-23
4.14675174000000e+02 1.69022034633326e-23
4.14733499900000e+02 1.72192004056222e-23
4.14791806300000e+02 1.74920824825975e-23
4.14850093200000e+02 1.77385202059453e-23
4.14908360600000e+02 1.79613625226384e-23
4.14966608400000e+02 1.81124494648425e-23
4.15024836700000e+02 1.82392522090384e-23
4.15083045400000e+02 1.83747157373296e-23
4.15141234600000e+02 1.85011494541731e-23
4.15199404200000e+02 1.86043541218264e-23
4.15257554200000e+02 1.87088599304217e-23
4.15315684700000e+02 1.88175807416890e-23
4.15373795600000e+02 1.88909157364594e-23
4.15431887000000e+02 1.89412252322703e-23
4.15489958700000e+02 1.90369843743977e-23
4.15548010900000e+02 1.91656715438256e-23
4.15606043500000e+02 1.92609259636348e-23
4.15664056500000e+02 1.93474576676657e-23
4.15722049900000e+02 1.94419915602519e-23
4.15780023700000e+02 1.95616205063010e-23
4.15837977800000e+02 1.97221494257093e-23
4.15895912400000e+02 1.99660119172306e-23
4.15953827300000e+02 2.02811762599047e-23
4.16011722600000e+02 2.06392793901092e-23
4.16069598300000e+02 2.10361317415933e-23
4.16127454400000e+02 2.14582589492023e-23
4.16185290800000e+02 2.19035188005966e-23
4.16243107500000e+02 2.23716747312979e-23
4.16300904600000e+02 2.28697761410132e-23
4.16358682100000e+02 2.33725036997482e-23
4.16416439900000e+02 2.38276533613803e-23
4.16474178000000e+02 2.41903047789834e-23
4.16531896500000e+02 2.44703093738781e-23
4.16589595300000e+02 2.47178595991481e-23
4.16647274400000e+02 2.49650140378093e-23
4.16704933800000e+02 2.51978199304483e-23
4.16762573500000e+02 2.54001435604340e-23
4.16820193600000e+02 2.55433309382770e-23
4.16877793900000e+02 2.56052853475486e-23
4.16935374600000e+02 2.55977475920427e-23
4.16992935500000e+02 2.56099043462749e-23
4.17050476700000e+02 2.56929217344563e-23
4.17107998200000e+02 2.58031000641084e-23
4.17165500000000e+02 2.58988244663850e-23
4.17222982000000e+02 2.59541732254734e-23
4.17280444300000e+02 2.59835978343316e-23
4.17337886900000e+02 2.60126220027959e-23
4.17395309700000e+02 2.60853067806519e-23
4.17452712800000e+02 2.61997983391983e-23
4.17510096100000e+02 2.63145434760325e-23
4.17567459700000e+02 2.64271665414305e-23
4.17624803500000e+02 2.65639605406057e-23
4.17682127600000e+02 2.67264727992011e-23
4.17739431800000e+02 2.68798007070773e-23
4.17796716300000e+02 2.69889758163555e-23
4.17853981000000e+02 2.69981574647697e-23
4.17911226000000e+02 2.69194895794801e-23
4.17968451100000e+02 2.68058413177778e-23
4.18025656400000e+02 2.66752505992182e-23
4.18082841900000e+02 2.65480522811367e-23
4.18140007700000e+02 2.64004222159265e-23
4.18197153600000e+02 2.62346241248083e-23
4.18254279700000e+02 2.60629296302833e-23
4.18311385900000e+02 2.59171259792142e-23
4.18368472400000e+02 2.57981835131667e-23
4.18425539000000e+02 2.56337331541601e-23
4.18482585800000e+02 2.54176781430832e-23
4.18539612700000e+02 2.52481958254021e-23
4.18596619800000e+02 2.51654655256570e-23
4.18653607000000e+02 2.51277314904969e-23
4.18710574400000e+02 2.50825513165656e-23
4.18767521900000e+02 2.50042233584912e-23
4.18824449600000e+02 2.49075180905584e-23
4.18881357400000e+02 2.48499040534803e-23
4.18938245300000e+02 2.48945317040391e-23
4.18995113300000e+02 2.50689992312352e-23
4.19051961500000e+02 2.52731630724826e-23
4.19108789700000e+02 2.54610309702895e-23
4.19165598100000e+02 2.56442367246536e-23
4.19222386500000e+02 2.58141386208621e-23
4.19279155100000e+02 2.59601554847229e-23
4.19335903700000e+02 2.60573429769193e-23
4.19392632500000e+02 2.60795843359608e-23
4.19449341300000e+02 2.59991633245601e-23
4.19506030100000e+02 2.58629615275205e-23
4.19562699100000e+02 2.58013431828342e-23
4.19619348100000e+02 2.58639830877509e-23
4.19675977200000e+02 2.60103663556802e-23
4.19732586300000e+02 2.61579202984284e-23
4.19789175500000e+02 2.62423885041434e-23
4.19845744700000e+02 2.62712096075701e-23
4.19902294000000e+02 2.63018287214938e-23
4.19958823300000e+02 2.64248987535887e-23
4.20015332700000e+02 2.66409385648900e-23
4.20071822000000e+02 2.69039616103830e-23
4.20128291400000e+02 2.70716222214959e-23
4.20184740800000e+02 2.70841345016940e-23
4.20241170200000e+02 2.70057821684551e-23
4.20297579600000e+02 2.69726749453076e-23
4.20353969100000e+02 2.70393722993201e-23
4.20410338500000e+02 2.71159551342026e-23
4.20466687900000e+02 2.71275167372491e-23
4.20523017300000e+02 2.70853227002233e-23
4.20579326700000e+02 2.70308650406605e-23
4.20635616000000e+02 2.70017559279801e-23
4.20691885400000e+02 2.70023284446227e-23
4.20748134600000e+02 2.70038800241659e-23
4.20804363900000e+02 2.69635270534865e-23
4.20860573100000e+02 2.68687367375908e-23
4.20916762300000e+02 2.67746926319617e-23
4.20972931400000e+02 2.67907918064269e-23
4.21029080500000e+02 2.69479970845102e-23
4.21085209400000e+02 2.71757947532150e-23
4.21141318400000e+02 2.73859534181472e-23
4.21197407200000e+02 2.75834550392853e-23
4.21253476000000e+02 2.78232524085834e-23
4.21309524700000e+02 2.81297693365475e-23
4.21365553300000e+02 2.84906928220446e-23
4.21421561800000e+02 2.88694358206714e-23
4.21477550300000e+02 2.92166306808652e-23
4.21533518600000e+02 2.95589252950081e-23
4.21589466800000e+02 2.99136391465201e-23
4.21645394900000e+02 3.02959442809964e-23
4.21701302900000e+02 3.07440979706422e-23
4.21757190700000e+02 3.12885628656078e-23
4.21813058500000e+02 3.18732385499660e-23
4.21868906100000e+02 3.24232511810257e-23
4.21924733600000e+02 3.29899181041439e-23
4.21980540900000e+02 3.36876750953064e-23
4.22036328100000e+02 3.44724688788725e-23
4.22092095100000e+02 3.52324721533349e-23
4.22147842000000e+02 3.59853441510202e-23
4.22203568700000e+02 3.67396009058934e-23
4.22259275300000e+02 3.73974164307503e-23
4.22314961600000e+02 3.78732505013123e-23
4.22370627800000e+02 3.82056934958650e-23
4.22426273900000e+02 3.85442488623662e-23
4.22481899700000e+02 3.89113298590207e-23
4.22537505400000e+02 3.92511316000019e-23
4.22593090800000e+02 3.95473063332333e-23
4.22648656100000e+02 3.98516640152027e-23
4.22704201100000e+02 4.01719442260616e-23
4.22759726000000e+02 4.04889928410052e-23
4.22815230600000e+02 4.08558647818843e-23
4.22870715000000e+02 4.13282056680249e-23
4.22926179200000e+02 4.18982003642392e-23
4.22981623200000e+02 4.24740187767432e-23
4.23037046900000e+02 4.30385914690851e-23
4.23092450400000e+02 4.36249890383432e-23
4.23147833600000e+02 4.42084653865291e-23
4.23203196600000e+02 4.46918414745240e-23
4.23258539300000e+02 4.50029382949147e-23
4.23313861800000e+02 4.51656060488251e-23
4.23369164000000e+02 4.52682418717424e-23
4.23424446000000e+02 4.54106315766171e-23
4.23479707600000e+02 4.56183778209006e-23
4.23534949000000e+02 4.58471428659180e-23
4.23590170100000e+02 4.60551960779377e-23
4.23645371000000e+02 4.62805604070209e-23
4.23700551500000e+02 4.65715417527168e-23
4.23755711700000e+02 4.69594363233501e-23
4.23810851600000e+02 4.74647815494241e-23
4.23865971300000e+02 4.80758304813473e-23
4.23921070600000e+02 4.87139239852725e-23
4.23976149600000e+02 4.92691791368925e-23
4.24031208200000e+02 4.98134839658610e-23
4.24086246600000e+02 5.04285216184731e-23
4.24141264600000e+02 5.10505305078328e-23
4.24196262300000e+02 5.16008987350896e-23
4.24251239600000e+02 5.20726695944091e-23
4.24306196600000e+02 5.25531429571022e-23
4.24361133200000e+02 5.30328584917239e-23
4.24416049500000e+02 5.34532236617530e-23
4.24470945400000e+02 5.37843873694375e-23
4.24525820900000e+02 5.40794524602458e-23
4.24580676100000e+02 5.44024045005788e-23
4.24635510900000e+02 5.47437499714936e-23
4.24690325300000e+02 5.50835247313315e-23
4.24745119300000e+02 5.54986379911764e-23
4.24799893000000e+02 5.59980723794254e-23
4.24854646200000e+02 5.64706244979343e-23
4.24909379100000e+02 5.68854040228987e-23
4.24964091500000e+02 5.73636843380212e-23
4.25018783500000e+02 5.79084099615060e-23
4.25073455100000e+02 5.83914335036245e-23
4.25128106300000e+02 5.87058969620458e-23
4.25182737100000e+02 5.88955944259465e-23
4.25237347400000e+02 5.90402413162471e-23
4.25291937300000e+02 5.90884515636496e-23
4.25346506800000e+02 5.89671189527991e-23
4.25401055800000e+02 5.87093901866194e-23
4.25455584300000e+02 5.83479474693092e-23
4.25510092400000e+02 5.79632886179372e-23
4.25564580100000e+02 5.76075310216857e-23
