2.78192030800000e+02 0.00000000000000e+00
2.78278108200000e+02 0.00000000000000e+00
2.78364175100000e+02 0.00000000000000e+00
2.78450231700000e+02 0.00000000000000e+00
2.78536277800000e+02 0.00000000000000e+00
2.78622313500000e+02 0.00000000000000e+00
2.78708338700000e+02 0.00000000000000e+00
2.78794353500000e+02 0.00000000000000e+00
2.78880357800000e+02 0.00000000000000e+00
2.78966351700000e+02 0.00000000000000e+00
2.79052335200000e+02 0.00000000000000e+00
2.79138308100000e+02 0.00000000000000e+00
2.79224270600000e+02 0.00000000000000e+00
2.79310222700000e+02 0.00000000000000e+00
2.79396164200000e+02 0.00000000000000e+00
2.79482095300000e+02 0.00000000000000e+00
2.79568015800000e+02 0.00000000000000e+00
2.79653925900000e+02 0.00000000000000e+00
2.79739825500000e+02 0.00000000000000e+00
2.79825714600000e+02 0.00000000000000e+00
2.79911593200000e+02 0.00000000000000e+00
2.79997461200000e+02 0.00000000000000e+00
2.80083318800000e+02 0.00000000000000e+00
2.80169165800000e+02 0.00000000000000e+00
2.80255002300000e+02 0.00000000000000e+00
2.80340828200000e+02 0.00000000000000e+00
2.80426643700000e+02 0.00000000000000e+00
2.80512448500000e+02 0.00000000000000e+00
2.80598242900000e+02 0.00000000000000e+00
2.80684026700000e+02 0.00000000000000e+00
2.80769799900000e+02 0.00000000000000e+00
2.80855562500000e+02 0.00000000000000e+00
2.80941314600000e+02 0.00000000000000e+00
2.81027056200000e+02 0.00000000000000e+00
2.81112787100000e+02 0.00000000000000e+00
2.81198507500000e+02 0.00000000000000e+00
2.81284217200000e+02 0.00000000000000e+00
2.81369916400000e+02 0.00000000000000e+00
2.81455605000000e+02 0.00000000000000e+00
2.81541283000000e+02 0.00000000000000e+00
2.81626950400000e+02 0.00000000000000e+00
2.81712607200000e+02 0.00000000000000e+00
2.81798253300000e+02 0.00000000000000e+00
2.81883888900000e+02 0.00000000000000e+00
2.81969513800000e+02 0.00000000000000e+00
2.82055128100000e+02 0.00000000000000e+00
2.82140731700000e+02 0.00000000000000e+00
2.82226324700000e+02 0.00000000000000e+00
2.82311907100000e+02 0.00000000000000e+00
2.82397478800000e+02 0.00000000000000e+00
2.82483039800000e+02 0.00000000000000e+00
2.82568590200000e+02 0.00000000000000e+00
2.82654129900000e+02 0.00000000000000e+00
2.82739659000000e+02 0.00000000000000e+00
2.82825177400000e+02 0.00000000000000e+00
2.82910685100000e+02 0.00000000000000e+00
2.82996182100000e+02 0.00000000000000e+00
2.83081668400000e+02 0.00000000000000e+00
2.83167144100000e+02 0.00000000000000e+00
2.83252609000000e+02 0.00000000000000e+00
2.83338063200000e+02 0.00000000000000e+00
2.83423506700000e+02 0.00000000000000e+00
2.83508939600000e+02 0.00000000000000e+00
2.83594361600000e+02 0.00000000000000e+00
2.83679773000000e+02 0.00000000000000e+00
2.83765173600000e+02 0.00000000000000e+00
2.83850563500000e+02 0.00000000000000e+00
2.83935942700000e+02 0.00000000000000e+00
2.84021311100000e+02 0.00000000000000e+00
2.84106668800000e+02 0.00000000000000e+00
2.84192015700000e+02 0.00000000000000e+00
2.84277351900000e+02 0.00000000000000e+00
2.84362677300000e+02 0.00000000000000e+00
2.84447991900000e+02 0.00000000000000e+00
2.84533295700000e+02 0.00000000000000e+00
2.84618588800000e+02 0.00000000000000e+00
2.84703871100000e+02 0.00000000000000e+00
2.84789142600000e+02 0.00000000000000e+00
2.84874403300000e+02 0.00000000000000e+00
2.84959653200000e+02 0.00000000000000e+00
2.85044892400000e+02 0.00000000000000e+00
2.85130120700000e+02 0.00000000000000e+00
2.85215338200000e+02 0.00000000000000e+00
2.85300544800000e+02 0.00000000000000e+00
2.85385740700000e+02 0.00000000000000e+00
2.85470925700000e+02 0.00000000000000e+00
2.85556099900000e+02 0.00000000000000e+00
2.85641263300000e+02 0.00000000000000e+00
2.85726415800000e+02 0.00000000000000e+00
2.85811557500000e+02 0.00000000000000e+00
2.85896688300000e+02 0.00000000000000e+00
2.85981808200000e+02 0.00000000000000e+00
2.86066917300000e+02 0.00000000000000e+00
2.86152015600000e+02 0.00000000000000e+00
2.86237102900000e+02 0.00000000000000e+00
2.86322179400000e+02 0.00000000000000e+00
2.86407245000000e+02 0.00000000000000e+00
2.86492299700000e+02 0.00000000000000e+00
2.86577343600000e+02 0.00000000000000e+00
2.86662376500000e+02 0.00000000000000e+00
2.86747398500000e+02 0.00000000000000e+00
2.86832409700000e+02 0.00000000000000e+00
2.86917409900000e+02 0.00000000000000e+00
2.87002399200000e+02 0.00000000000000e+00
2.87087377600000e+02 0.00000000000000e+00
2.87172345000000e+02 0.00000000000000e+00
2.87257301500000e+02 0.00000000000000e+00
2.87342247100000e+02 0.00000000000000e+00
2.87427181800000e+02 0.00000000000000e+00
2.87512105500000e+02 0.00000000000000e+00
2.87597018200000e+02 0.00000000000000e+00
2.87681920000000e+02 0.00000000000000e+00
2.87766810900000e+02 0.00000000000000e+00
2.87851690700000e+02 0.00000000000000e+00
2.87936559700000e+02 0.00000000000000e+00
2.88021417600000e+02 0.00000000000000e+00
2.88106264500000e+02 0.00000000000000e+00
2.88191100500000e+02 0.00000000000000e+00
2.88275925500000e+02 0.00000000000000e+00
2.88360739500000e+02 0.00000000000000e+00
2.88445542500000e+02 0.00000000000000e+00
2.88530334400000e+02 0.00000000000000e+00
2.88615115400000e+02 0.00000000000000e+00
2.88699885400000e+02 0.00000000000000e+00
2.88784644300000e+02 0.00000000000000e+00
2.88869392200000e+02 0.00000000000000e+00
2.88954129100000e+02 0.00000000000000e+00
2.89038855000000e+02 0.00000000000000e+00
2.89123569800000e+02 0.00000000000000e+00
2.89208273600000e+02 0.00000000000000e+00
2.89292966300000e+02 0.00000000000000e+00
2.89377648000000e+02 0.00000000000000e+00
2.89462318600000e+02 0.00000000000000e+00
2.89546978200000e+02 0.00000000000000e+00
2.89631626600000e+02 0.00000000000000e+00
2.89716264100000e+02 0.00000000000000e+00
2.89800890400000e+02 0.00000000000000e+00
2.89885505600000e+02 0.00000000000000e+00
2.89970109800000e+02 0.00000000000000e+00
2.90054702900000e+02 0.00000000000000e+00
2.90139284900000e+02 0.00000000000000e+00
2.90223855700000e+02 0.00000000000000e+00
2.90308415500000e+02 0.00000000000000e+00
2.90392964200000e+02 0.00000000000000e+00
2.90477501700000e+02 0.00000000000000e+00
2.90562028100000e+02 0.00000000000000e+00
2.90646543400000e+02 0.00000000000000e+00
2.90731047600000e+02 0.00000000000000e+00
2.90815540600000e+02 0.00000000000000e+00
2.90900022500000e+02 0.00000000000000e+00
2.90984493200000e+02 0.00000000000000e+00
2.91068952800000e+02 0.00000000000000e+00
2.91153401200000e+02 0.00000000000000e+00
2.91237838500000e+02 0.00000000000000e+00
2.91322264600000e+02 0.00000000000000e+00
2.91406679500000e+02 0.00000000000000e+00
2.91491083300000e+02 0.00000000000000e+00
2.91575475900000e+02 0.00000000000000e+00
2.91659857300000e+02 0.00000000000000e+00
2.91744227500000e+02 0.00000000000000e+00
2.91828586500000e+02 0.00000000000000e+00
2.91912934300000e+02 0.00000000000000e+00
2.91997270900000e+02 0.00000000000000e+00
2.92081596300000e+02 0.00000000000000e+00
2.92165910400000e+02 0.00000000000000e+00
2.92250213400000e+02 0.00000000000000e+00
2.92334505100000e+02 0.00000000000000e+00
2.92418785600000e+02 0.00000000000000e+00
2.92503054900000e+02 0.00000000000000e+00
2.92587312900000e+02 0.00000000000000e+00
2.92671559700000e+02 0.00000000000000e+00
2.92755795200000e+02 0.00000000000000e+00
2.92840019500000e+02 0.00000000000000e+00
2.92924232500000e+02 0.00000000000000e+00
2.93008434300000e+02 0.00000000000000e+00
2.93092624800000e+02 0.00000000000000e+00
2.93176804000000e+02 0.00000000000000e+00
2.93260971900000e+02 0.00000000000000e+00
2.93345128600000e+02 0.00000000000000e+00
2.93429273900000e+02 0.00000000000000e+00
2.93513408000000e+02 0.00000000000000e+00
2.93597530800000e+02 0.00000000000000e+00
2.93681642200000e+02 0.00000000000000e+00
2.93765742400000e+02 0.00000000000000e+00
2.93849831200000e+02 0.00000000000000e+00
2.93933908800000e+02 0.00000000000000e+00
2.94017975000000e+02 0.00000000000000e+00
2.94102029800000e+02 0.00000000000000e+00
2.94186073400000e+02 5.71243171681411e+04
2.94270105600000e+02 4.85354775135468e+04
2.94354126500000e+02 4.67404457442911e+04
2.94438136000000e+02 4.70197065890104e+04
2.94522134100000e+02 4.83361926991446e+04
2.94606120900000e+02 4.67789390425205e+04
2.94690096400000e+02 4.55508589799691e+04
2.94774060500000e+02 4.43424853108414e+04
2.94858013200000e+02 4.30578985738248e+04
2.94941954500000e+02 4.14649124542690e+04
2.95025884400000e+02 4.12222752542210e+04
2.95109803000000e+02 4.09953100089045e+04
2.95193710200000e+02 4.02876724958985e+04
2.95277605900000e+02 4.00153657728679e+04
2.95361490300000e+02 4.15825752741501e+04
2.95445363300000e+02 4.41259669490437e+04
2.95529224800000e+02 4.56972035577332e+04
2.95613075000000e+02 4.65548992099274e+04
2.95696913700000e+02 4.69814770109277e+04
2.95780741000000e+02 4.70316888498920e+04
2.95864556800000e+02 4.68395437326172e+04
2.95948361200000e+02 4.65448778380299e+04
2.96032154200000e+02 4.60457434765926e+04
2.96115935800000e+02 4.51518414642216e+04
2.96199705800000e+02 4.38346740135418e+04
2.96283464500000e+02 4.21809760932471e+04
2.96367211600000e+02 4.02701153890178e+04
2.96450947300000e+02 3.82399396214593e+04
2.96534671600000e+02 3.63566435091438e+04
2.96618384300000e+02 3.47300921549234e+04
2.96702085600000e+02 3.33358628448068e+04
2.96785775400000e+02 3.24368908372351e+04
2.96869453700000e+02 3.22674149497095e+04
2.96953120500000e+02 3.27262242000743e+04
2.97036775800000e+02 3.34312648631530e+04
2.97120419600000e+02 3.45770345941724e+04
2.97204051900000e+02 3.67849561594727e+04
2.97287672700000e+02 3.97603606251088e+04
2.97371282000000e+02 4.29595999718066e+04
2.97454879700000e+02 4.63674833464361e+04
2.97538465900000e+02 4.98045096666975e+04
2.97622040600000e+02 5.24697783327010e+04
2.97705603700000e+02 5.37019678363633e+04
2.97789155300000e+02 5.36215345176607e+04
2.97872695300000e+02 5.24514950045220e+04
2.97956223800000e+02 5.01735164153215e+04
2.98039740800000e+02 4.69508176271309e+04
2.98123246100000e+02 4.35018537592716e+04
2.98206739900000e+02 4.05716282219324e+04
2.98290222200000e+02 3.82971380805781e+04
2.98373692800000e+02 3.70371823302920e+04
2.98457151900000e+02 3.70200598135053e+04
2.98540599300000e+02 3.77977814474330e+04
2.98624035200000e+02 3.98052265637832e+04
2.98707459500000e+02 4.28075981078045e+04
2.98790872200000e+02 4.61229867063706e+04
2.98874273300000e+02 4.89862177085098e+04
2.98957662700000e+02 5.09232540038746e+04
2.99041040600000e+02 5.22341687672644e+04
2.99124406800000e+02 5.25100251614586e+04
2.99207761400000e+02 5.19814138860977e+04
2.99291104300000e+02 5.15501437429321e+04
2.99374435700000e+02 5.16623940150976e+04
2.99457755300000e+02 5.21588318270791e+04
2.99541063400000e+02 5.23616093035474e+04
2.99624359800000e+02 5.16347608374995e+04
2.99707644500000e+02 5.03395660534867e+04
2.99790917600000e+02 4.84533799371491e+04
2.99874179000000e+02 4.56685036317015e+04
2.99957428700000e+02 4.24831992519914e+04
3.00040666700000e+02 3.93036794686102e+04
3.00123893100000e+02 3.72611609512307e+04
3.00207107800000e+02 3.72166389081102e+04
3.00290310800000e+02 3.83129989151710e+04
3.00373502100000e+02 3.96248834981502e+04
3.00456681700000e+02 4.05474566308771e+04
3.00539849500000e+02 4.13795357955888e+04
3.00623005700000e+02 4.22995468762054e+04
3.00706150200000e+02 4.31589547151853e+04
3.00789282900000e+02 4.41030802343237e+04
3.00872403900000e+02 4.51670275772987e+04
3.00955513200000e+02 4.64275310952947e+04
3.01038610800000e+02 4.83438729809984e+04
3.01121696600000e+02 5.05022949400095e+04
3.01204770700000e+02 5.21553760663685e+04
3.01287833000000e+02 5.28355213086722e+04
3.01370883500000e+02 5.22676080872952e+04
3.01453922300000e+02 5.10302921965222e+04
3.01536949400000e+02 4.87920309246964e+04
3.01619964600000e+02 4.56589316900827e+04
3.01702968100000e+02 4.21213293383415e+04
3.01785959800000e+02 3.84949795403772e+04
3.01868939800000e+02 3.54282989365116e+04
3.01951907900000e+02 3.38122585334560e+04
3.02034864200000e+02 3.38462290150639e+04
3.02117808800000e+02 3.47130644615679e+04
3.02200741500000e+02 3.60571812237753e+04
3.02283662400000e+02 3.79530362017731e+04
3.02366571600000e+02 4.05647287257686e+04
3.02449468900000e+02 4.37692336823117e+04
3.02532354300000e+02 4.66939781990777e+04
3.02615228000000e+02 4.86783948998776e+04
3.02698089800000e+02 5.02491831118556e+04
3.02780939800000e+02 5.16822305662325e+04
3.02863777900000e+02 5.33767287544779e+04
3.02946604200000e+02 5.50800367128552e+04
3.03029418600000e+02 5.62094250870232e+04
3.03112221200000e+02 5.67444790233535e+04
3.03195011900000e+02 5.70567312271247e+04
3.03277790700000e+02 5.72267172100794e+04
3.03360557700000e+02 5.69086124777001e+04
3.03443312800000e+02 5.57043391435003e+04
3.03526056000000e+02 5.32470396751619e+04
3.03608787300000e+02 5.07914363116452e+04
3.03691506700000e+02 4.87449159883465e+04
3.03774214300000e+02 4.65458734454362e+04
3.03856909900000e+02 4.43127884965349e+04
3.03939593600000e+02 4.28756682688111e+04
3.04022265400000e+02 4.30859712707890e+04
3.04104925300000e+02 4.42115529480709e+04
3.04187573300000e+02 4.51459321663606e+04
3.04270209300000e+02 4.59235200200311e+04
3.04352833400000e+02 4.66483222114999e+04
3.04435445600000e+02 4.69227909161157e+04
3.04518045800000e+02 4.68720717540725e+04
3.04600634100000e+02 4.69724577310361e+04
3.04683210400000e+02 4.75158855951446e+04
3.04765774800000e+02 4.82431584474967e+04
3.04848327200000e+02 4.90755539353859e+04
3.04930867700000e+02 5.06929633485221e+04
3.05013396200000e+02 5.30505125789882e+04
3.05095912700000e+02 5.47388994930865e+04
3.05178417200000e+02 5.50609350146259e+04
3.05260909700000e+02 5.44737210941414e+04
3.05343390300000e+02 5.33565009542064e+04
3.05425858800000e+02 5.08189885338869e+04
3.05508315400000e+02 4.68747628696065e+04
3.05590759900000e+02 4.32139427804813e+04
3.05673192400000e+02 4.08081666757910e+04
3.05755613000000e+02 3.95886456732485e+04
3.05838021500000e+02 3.92403773681118e+04
3.05920417900000e+02 3.95480781521510e+04
3.06002802400000e+02 4.06049788034058e+04
3.06085174800000e+02 4.18688911790049e+04
3.06167535200000e+02 4.28793498776843e+04
3.06249883500000e+02 4.35730459494399e+04
3.06332219800000e+02 4.34964399740061e+04
3.06414544000000e+02 4.24685692130977e+04
3.06496856100000e+02 4.13775516453535e+04
3.06579156200000e+02 4.10571429452151e+04
3.06661444300000e+02 4.18862994334925e+04
3.06743720200000e+02 4.33969430026967e+04
3.06825984100000e+02 4.48877208523811e+04
3.06908235900000e+02 4.65171967042079e+04
3.06990475600000e+02 4.82637547904632e+04
3.07072703200000e+02 4.98722283985318e+04
3.07154918700000e+02 5.09065336727412e+04
3.07237122100000e+02 5.09931053875989e+04
3.07319313400000e+02 5.06166085367439e+04
3.07401492600000e+02 5.04661384613130e+04
3.07483659600000e+02 5.05883848899218e+04
3.07565814600000e+02 5.05165032907782e+04
3.07647957400000e+02 5.02701219546160e+04
3.07730088100000e+02 5.01616545903620e+04
3.07812206600000e+02 5.00121734940611e+04
3.07894313000000e+02 4.93785077966018e+04
3.07976407300000e+02 4.82767129791005e+04
3.08058489400000e+02 4.76970687662150e+04
3.08140559300000e+02 4.78776559602739e+04
3.08222617100000e+02 4.82422590401253e+04
3.08304662700000e+02 4.86144192502845e+04
3.08386696100000e+02 4.88711191161273e+04
3.08468717400000e+02 4.90257754529698e+04
3.08550726500000e+02 4.89392726788875e+04
3.08632723400000e+02 4.85773035195065e+04
3.08714708100000e+02 4.73353249253382e+04
3.08796680600000e+02 4.51095308191671e+04
3.08878640900000e+02 4.25600189038205e+04
3.08960589000000e+02 4.02869436224591e+04
3.09042524900000e+02 3.85430438660692e+04
3.09124448500000e+02 3.74463681516524e+04
3.09206360000000e+02 3.70762453213055e+04
3.09288259200000e+02 3.72270409767087e+04
3.09370146200000e+02 3.73649593350439e+04
3.09452020900000e+02 3.74649598840488e+04
3.09533883500000e+02 3.79402979196274e+04
3.09615733700000e+02 3.84710171817429e+04
3.09697571700000e+02 3.79355966781357e+04
3.09779397500000e+02 3.63371848750311e+04
3.09861211000000e+02 3.48402062325816e+04
3.09943012200000e+02 3.45486355796799e+04
3.10024801200000e+02 3.54462502901590e+04
3.10106577900000e+02 3.70128037839700e+04
3.10188342300000e+02 3.91487249557174e+04
3.10270094400000e+02 4.20732747687581e+04
3.10351834200000e+02 4.55709694763592e+04
3.10433561800000e+02 4.92860338850362e+04
3.10515277000000e+02 5.27282445012236e+04
3.10596979900000e+02 5.52519654819189e+04
3.10678670600000e+02 5.68116360162588e+04
3.10760348900000e+02 5.76553422257066e+04
3.10842014900000e+02 5.81990432587276e+04
3.10923668500000e+02 5.86020928696315e+04
3.11005309900000e+02 5.87066791296419e+04
3.11086938800000e+02 5.82937609710948e+04
3.11168555500000e+02 5.73768915904548e+04
3.11250159800000e+02 5.65698259578196e+04
3.11331751800000e+02 5.59254235031921e+04
3.11413331400000e+02 5.47578458015255e+04
3.11494898700000e+02 5.32366793530101e+04
3.11576453500000e+02 5.14990080981636e+04
3.11657996100000e+02 4.99083487466812e+04
3.11739526200000e+02 4.85181832531715e+04
3.11821044000000e+02 4.71423163863237e+04
3.11902549400000e+02 4.62317692959399e+04
3.11984042400000e+02 4.60796356131376e+04
3.12065523000000e+02 4.65186029888859e+04
3.12146991200000e+02 4.73317152058800e+04
3.12228447000000e+02 4.80741503407356e+04
3.12309890400000e+02 4.85777906584409e+04
3.12391321300000e+02 4.92032736609782e+04
3.12472739900000e+02 4.99957318063432e+04
3.12554146100000e+02 5.05460715609174e+04
3.12635539800000e+02 5.05906588434103e+04
3.12716921000000e+02 5.04001952015602e+04
3.12798289900000e+02 5.04257612051681e+04
3.12879646300000e+02 5.04126387854661e+04
3.12960990200000e+02 5.01614444979252e+04
3.13042321700000e+02 4.95773676594672e+04
3.13123640800000e+02 4.88836394254828e+04
3.13204947400000e+02 4.82409528644492e+04
3.13286241500000e+02 4.78749160338061e+04
3.13367523100000e+02 4.79708840537476e+04
3.13448792300000e+02 4.84230993593466e+04
3.13530049000000e+02 4.94733234399698e+04
3.13611293200000e+02 5.08759500248584e+04
3.13692524900000e+02 5.23806904914879e+04
3.13773744100000e+02 5.35783935075634e+04
3.13854950800000e+02 5.43577348558512e+04
3.13936145000000e+02 5.45590150641324e+04
3.14017326700000e+02 5.35080501326441e+04
3.14098495900000e+02 5.10965136257871e+04
3.14179652500000e+02 4.81547811038269e+04
3.14260796700000e+02 4.57740783760586e+04
3.14341928300000e+02 4.41568831072127e+04
3.14423047300000e+02 4.29846329000829e+04
3.14504153900000e+02 4.24831520590187e+04
3.14585247800000e+02 4.32749097725008e+04
3.14666329300000e+02 4.53433670291520e+04
3.14747398100000e+02 4.76712902588531e+04
3.14828454400000e+02 4.95386428656851e+04
3.14909498200000e+02 5.08665092100869e+04
3.14990529400000e+02 5.17892120628902e+04
3.15071548000000e+02 5.22295068628094e+04
3.15152554000000e+02 5.18116235362674e+04
3.15233547400000e+02 5.07586972399289e+04
3.15314528300000e+02 4.94959899818162e+04
3.15395496500000e+02 4.76231528510014e+04
3.15476452200000e+02 4.51730348451318e+04
3.15557395200000e+02 4.24788140502860e+04
3.15638325700000e+02 3.98389385534842e+04
3.15719243500000e+02 3.77226171829963e+04
3.15800148700000e+02 3.61344553252817e+04
3.15881041300000e+02 3.51121863694214e+04
3.15961921200000e+02 3.51509414114734e+04
3.16042788600000e+02 3.62996573114920e+04
3.16123643200000e+02 3.80022195904722e+04
3.16204485300000e+02 3.98698071955636e+04
3.16285314700000e+02 4.16916647831390e+04
3.16366131400000e+02 4.35622042957448e+04
3.16446935500000e+02 4.54176096235805e+04
3.16527726900000e+02 4.69465954997201e+04
3.16608505600000e+02 4.79372888589754e+04
3.16689271700000e+02 4.90890528352326e+04
3.16770025100000e+02 5.07838787811729e+04
3.16850765800000e+02 5.26717549342072e+04
3.16931493800000e+02 5.45596293381589e+04
3.17012209200000e+02 5.59901478341191e+04
3.17092911800000e+02 5.72696883245136e+04
3.17173601700000e+02 5.83692417748121e+04
3.17254278900000e+02 5.88996812570204e+04
3.17334943500000e+02 5.88955042854158e+04
3.17415595200000e+02 5.83339324513366e+04
3.17496234300000e+02 5.69827647350216e+04
3.17576860700000e+02 5.47165142337594e+04
3.17657474300000e+02 5.20037821893695e+04
3.17738075100000e+02 4.92248817723165e+04
3.17818663300000e+02 4.66464160511115e+04
3.17899238700000e+02 4.40534644166587e+04
3.17979801300000e+02 4.17332513035223e+04
3.18060351200000e+02 4.04149301490166e+04
3.18140888300000e+02 4.00636240848899e+04
3.18221412600000e+02 4.07069772849902e+04
3.18301924200000e+02 4.20182334803348e+04
3.18382423000000e+02 4.37280677138926e+04
3.18462909000000e+02 4.57244097129995e+04
3.18543382300000e+02 4.77882562577317e+04
3.18623842700000e+02 4.99052368593786e+04
3.18704290400000e+02 5.17423674031042e+04
3.18784725200000e+02 5.26334564763899e+04
3.18865147300000e+02 5.22839774402955e+04
3.18945556500000e+02 5.11805900258720e+04
3.19025952900000e+02 4.96333009939166e+04
3.19106336500000e+02 4.80537194142171e+04
3.19186707300000e+02 4.63940294066375e+04
3.19267065200000e+02 4.47990111730699e+04
3.19347410300000e+02 4.39981610777665e+04
3.19427742600000e+02 4.40713723086747e+04
3.19508062000000e+02 4.51905212984472e+04
3.19588368600000e+02 4.70789652942997e+04
3.19668662300000e+02 4.86698728514423e+04
3.19748943100000e+02 4.96945823739761e+04
3.19829211100000e+02 5.06352302389452e+04
3.19909466300000e+02 5.18214798551865e+04
3.19989708500000e+02 5.30509748596104e+04
3.20069937900000e+02 5.40488751706756e+04
3.20150154400000e+02 5.49788719105099e+04
3.20230357900000e+02 5.61056519516165e+04
3.20310548600000e+02 5.73833442856048e+04
3.20390726400000e+02 5.84440573502341e+04
3.20470891300000e+02 5.90122776347588e+04
3.20551043300000e+02 5.90886197487053e+04
3.20631182400000e+02 5.82298223109289e+04
3.20711308600000e+02 5.65081002220274e+04
3.20791421800000e+02 5.44043791936498e+04
3.20871522100000e+02 5.20028821775677e+04
3.20951609500000e+02 4.94069105069703e+04
3.21031683900000e+02 4.69931637542189e+04
3.21111745400000e+02 4.50134126338472e+04
3.21191793900000e+02 4.37330064527328e+04
3.21271829500000e+02 4.33049241409059e+04
3.21351852200000e+02 4.36346890107606e+04
3.21431861800000e+02 4.44012234446935e+04
3.21511858500000e+02 4.56178404890130e+04
3.21591842200000e+02 4.72689095470775e+04
3.21671813000000e+02 4.89908909830185e+04
3.21751770800000e+02 5.03048151529753e+04
3.21831715500000e+02 5.10646858479844e+04
3.21911647300000e+02 5.11956879165815e+04
3.21991566100000e+02 5.09551205474143e+04
3.22071471900000e+02 5.04391642278067e+04
3.22151364700000e+02 4.96080793819066e+04
3.22231244500000e+02 4.85838834512810e+04
3.22311111200000e+02 4.70246928327384e+04
3.22390965000000e+02 4.52424643635491e+04
3.22470805700000e+02 4.39132216216533e+04
3.22550633300000e+02 4.26983414828682e+04
3.22630448000000e+02 4.13801282719304e+04
3.22710249600000e+02 4.01426846094457e+04
3.22790038100000e+02 3.96388732095036e+04
3.22869813600000e+02 4.00387110814509e+04
3.22949576000000e+02 4.07857858395250e+04
3.23029325400000e+02 4.16515394205867e+04
3.23109061700000e+02 4.24661871446179e+04
3.23188785000000e+02 4.31830805305584e+04
3.23268495200000e+02 4.39449704608654e+04
3.23348192200000e+02 4.44819619310719e+04
3.23427876200000e+02 4.47088452833102e+04
3.23507547200000e+02 4.50300656006845e+04
3.23587205000000e+02 4.56058026392499e+04
3.23666849700000e+02 4.63552949705201e+04
3.23746481300000e+02 4.76215619568101e+04
3.23826099800000e+02 4.90202294604777e+04
3.23905705200000e+02 5.03086734271399e+04
3.23985297500000e+02 5.13867713173041e+04
3.24064876600000e+02 5.20425241213341e+04
3.24144442600000e+02 5.25767409762512e+04
3.24223995500000e+02 5.33710349143017e+04
3.24303535200000e+02 5.37545949044118e+04
3.24383061800000e+02 5.36015370164409e+04
3.24462575300000e+02 5.31070884530219e+04
3.24542075600000e+02 5.21702902684064e+04
3.24621562700000e+02 5.13185109006424e+04
3.24701036600000e+02 5.06540183322285e+04
3.24780497400000e+02 4.98861126131809e+04
3.24859945100000e+02 4.91576593249122e+04
3.24939379500000e+02 4.87791446390118e+04
3.25018800800000e+02 4.91543827426188e+04
3.25098208800000e+02 5.00487844408266e+04
3.25177603700000e+02 5.13508470208376e+04
3.25256985400000e+02 5.31415422021353e+04
3.25336353900000e+02 5.52788181596262e+04
3.25415709100000e+02 5.72992339964923e+04
3.25495051200000e+02 5.91687844928434e+04
3.25574380000000e+02 6.11247085229916e+04
3.25653695700000e+02 6.31895350395979e+04
3.25732998000000e+02 6.50608253092406e+04
3.25812287200000e+02 6.61057246163304e+04
3.25891563100000e+02 6.66800422968264e+04
3.25970825800000e+02 6.70219001413094e+04
3.26050075200000e+02 6.72019731091715e+04
3.26129311400000e+02 6.68179301864001e+04
3.26208534300000e+02 6.59562886916896e+04
3.26287743900000e+02 6.52778751104234e+04
3.26366940300000e+02 6.50713759556288e+04
3.26446123400000e+02 6.52938873641695e+04
3.26525293300000e+02 6.54237243748854e+04
3.26604449800000e+02 6.55012029860250e+04
3.26683593100000e+02 6.56599081719614e+04
3.26762723100000e+02 6.57937882246180e+04
3.26841839800000e+02 6.55278409524514e+04
3.26920943100000e+02 6.47590774111202e+04
3.27000033200000e+02 6.41200873617250e+04
3.27079110000000e+02 6.36405587731842e+04
3.27158173400000e+02 6.31087442508997e+04
3.27237223500000e+02 6.28459299645506e+04
3.27316260300000e+02 6.27242151917073e+04
3.27395283800000e+02 6.26177767775245e+04
3.27474293900000e+02 6.24930417868680e+04
3.27553290700000e+02 6.20710378339032e+04
3.27632274200000e+02 6.13451301402451e+04
3.27711244300000e+02 6.05729602355361e+04
3.27790201000000e+02 5.97248272633950e+04
3.27869144400000e+02 5.90935972783442e+04
3.27948074400000e+02 5.87451755473660e+04
3.28026991000000e+02 5.84721698964896e+04
3.28105894300000e+02 5.83310756800286e+04
3.28184784200000e+02 5.83957147152914e+04
3.28263660700000e+02 5.82391510028514e+04
3.28342523800000e+02 5.76212506351418e+04
3.28421373500000e+02 5.67950961049358e+04
3.28500209800000e+02 5.63272182236373e+04
3.28579032700000e+02 5.65239709105738e+04
3.28657842200000e+02 5.70972175012804e+04
3.28736638300000e+02 5.82107389388794e+04
3.28815421000000e+02 5.97361458066046e+04
3.28894190200000e+02 6.15085072343603e+04
3.28972946000000e+02 6.37839314303206e+04
3.29051688400000e+02 6.61220397309870e+04
3.29130417400000e+02 6.82742599185831e+04
3.29209132900000e+02 6.98109541483678e+04
3.29287834900000e+02 7.05351415984966e+04
3.29366523500000e+02 7.11666614353650e+04
3.29445198600000e+02 7.18275904612050e+04
3.29523860300000e+02 7.24163099973668e+04
3.29602508500000e+02 7.27526983713934e+04
3.29681143200000e+02 7.30214906876925e+04
3.29759764500000e+02 7.35517346438231e+04
3.29838372300000e+02 7.39622399641719e+04
3.29916966600000e+02 7.35510278506385e+04
3.29995547300000e+02 7.24043750915054e+04
3.30074114600000e+02 7.10850807076161e+04
3.30152668400000e+02 6.97116583126722e+04
3.30231208700000e+02 6.78093358570253e+04
3.30309735500000e+02 6.51015039430015e+04
3.30388248700000e+02 6.23178555842482e+04
3.30466748400000e+02 6.05021344105555e+04
3.30545234600000e+02 5.98165703955054e+04
3.30623707300000e+02 5.96186719845036e+04
3.30702166400000e+02 5.95753998051245e+04
3.30780612000000e+02 5.98197853127482e+04
3.30859044100000e+02 6.04425938779249e+04
3.30937462500000e+02 6.12435197374046e+04
3.31015867500000e+02 6.15729371683415e+04
3.31094258800000e+02 6.14042010488306e+04
3.31172636600000e+02 6.08838422269545e+04
3.31251000900000e+02 6.02796290668467e+04
3.31329351500000e+02 6.00903248190784e+04
3.31407688600000e+02 6.01799956309539e+04
3.31486012100000e+02 6.05601751623005e+04
3.31564322000000e+02 6.12499281104204e+04
3.31642618300000e+02 6.19408469092089e+04
3.31720901000000e+02 6.26434691203008e+04
3.31799170100000e+02 6.31280489145218e+04
3.31877425600000e+02 6.30634597083539e+04
3.31955667400000e+02 6.24145724168858e+04
3.32033895700000e+02 6.13554415986176e+04
3.32112110300000e+02 6.03779507389227e+04
3.32190311300000e+02 5.99016192227784e+04
3.32268498600000e+02 5.99953968327820e+04
3.32346672400000e+02 6.03273999606308e+04
3.32424832400000e+02 6.03999345475170e+04
3.32502978800000e+02 6.05970780495392e+04
3.32581111600000e+02 6.10598124515778e+04
3.32659230700000e+02 6.11762608321361e+04
3.32737336100000e+02 6.10168881713910e+04
3.32815427900000e+02 6.07914170264382e+04
3.32893506000000e+02 6.04722501375828e+04
3.32971570400000e+02 6.03461176386647e+04
3.33049621100000e+02 6.02562697448868e+04
3.33127658200000e+02 6.00062430304526e+04
3.33205681500000e+02 5.96022076528898e+04
3.33283691200000e+02 5.88236912167112e+04
3.33361687100000e+02 5.74146052878486e+04
3.33439669400000e+02 5.60366826845939e+04
3.33517637900000e+02 5.52160485407594e+04
3.33595592700000e+02 5.45894038826596e+04
3.33673533700000e+02 5.42748172128893e+04
3.33751461100000e+02 5.43950074534473e+04
3.33829374700000e+02 5.50633940878409e+04
3.33907274600000e+02 5.61750182399617e+04
3.33985160700000e+02 5.73256952966291e+04
3.34063033100000e+02 5.84958640929339e+04
3.34140891700000e+02 5.96750749074440e+04
3.34218736600000e+02 6.07455724729124e+04
3.34296567700000e+02 6.17641533907919e+04
3.34374385100000e+02 6.24560996717049e+04
3.34452188600000e+02 6.28628122986159e+04
3.34529978400000e+02 6.29819641345824e+04
3.34607754400000e+02 6.21482291870132e+04
3.34685516600000e+02 6.07442782202184e+04
3.34763265100000e+02 5.97541683575649e+04
3.34840999700000e+02 5.93827937244116e+04
3.34918720500000e+02 5.94167604333114e+04
3.34996427600000e+02 5.97179491322395e+04
3.35074120800000e+02 6.03263368251599e+04
3.35151800200000e+02 6.14929229985476e+04
3.35229465700000e+02 6.34003723359333e+04
3.35307117500000e+02 6.50382494289528e+04
3.35384755400000e+02 6.56902422162234e+04
3.35462379400000e+02 6.54556496042719e+04
3.35539989700000e+02 6.40639014649918e+04
3.35617586100000e+02 6.15414131227710e+04
3.35695168600000e+02 5.82619918023994e+04
3.35772737300000e+02 5.45212176812296e+04
3.35850292100000e+02 5.07366958511641e+04
3.35927833000000e+02 4.77729214947917e+04
3.36005360100000e+02 4.60651757793287e+04
3.36082873300000e+02 4.57647761293359e+04
3.36160372600000e+02 4.68736448037917e+04
3.36237858100000e+02 4.89773288624743e+04
3.36315329600000e+02 5.13605372768492e+04
3.36392787300000e+02 5.34195620384484e+04
3.36470231000000e+02 5.46798734826002e+04
3.36547660900000e+02 5.46940230848201e+04
3.36625076800000e+02 5.36457715669293e+04
3.36702478800000e+02 5.19129367470955e+04
3.36779866900000e+02 4.98244795420350e+04
3.36857241100000e+02 4.79223212675097e+04
3.36934601300000e+02 4.64296389618879e+04
3.37011947700000e+02 4.56590008346419e+04
3.37089280000000e+02 4.58747003459816e+04
3.37166598400000e+02 4.70343732744474e+04
3.37243902900000e+02 4.90431836723551e+04
3.37321193400000e+02 5.14849357130190e+04
3.37398470000000e+02 5.39476940877836e+04
3.37475732600000e+02 5.61975628736994e+04
3.37552981200000e+02 5.78514595472476e+04
3.37630215900000e+02 5.83986831460365e+04
3.37707436500000e+02 5.80383421845138e+04
3.37784643200000e+02 5.69569973617005e+04
3.37861835900000e+02 5.56759099236465e+04
3.37939014600000e+02 5.48262644593660e+04
3.38016179400000e+02 5.41520573626917e+04
3.38093330100000e+02 5.37861665746678e+04
3.38170466800000e+02 5.42517893805320e+04
3.38247589400000e+02 5.55297373726648e+04
3.38324698100000e+02 5.74582337965054e+04
3.38401792700000e+02 5.91913432581478e+04
3.38478873300000e+02 6.00355028004228e+04
3.38555939900000e+02 6.04305132291586e+04
3.38632992500000e+02 6.10368867292909e+04
3.38710031000000e+02 6.16415021657494e+04
3.38787055400000e+02 6.16354778889050e+04
3.38864065800000e+02 6.08503459921794e+04
3.38941062200000e+02 5.93675208360312e+04
3.39018044400000e+02 5.78376211951556e+04
3.39095012600000e+02 5.68342621295490e+04
3.39171966800000e+02 5.61542228003400e+04
3.39248906800000e+02 5.56125727317099e+04
3.39325832800000e+02 5.55635735581872e+04
3.39402744700000e+02 5.62893784544854e+04
3.39479642500000e+02 5.77373801749731e+04
3.39556526200000e+02 5.99105248102514e+04
3.39633395800000e+02 6.22813696044675e+04
3.39710251300000e+02 6.45166109427132e+04
3.39787092700000e+02 6.64677703962384e+04
3.39863919900000e+02 6.77676427798209e+04
3.39940733100000e+02 6.82675493253172e+04
3.40017532100000e+02 6.82828848151013e+04
3.40094317000000e+02 6.79223460535932e+04
3.40171087700000e+02 6.72374232207949e+04
3.40247844400000e+02 6.61493402397308e+04
3.40324586800000e+02 6.46984532272058e+04
3.40401315100000e+02 6.32653159313726e+04
3.40478029300000e+02 6.19350942737131e+04
3.40554729300000e+02 6.08365863023476e+04
3.40631415100000e+02 6.00600154774499e+04
3.40708086800000e+02 5.95093334019579e+04
3.40784744200000e+02 5.93827540578984e+04
3.40861387500000e+02 5.92929465953343e+04
3.40938016700000e+02 5.90887945292529e+04
3.41014631600000e+02 5.87475402288695e+04
3.41091232300000e+02 5.78250853789096e+04
3.41167818900000e+02 5.66485129811279e+04
3.41244391200000e+02 5.57680577348707e+04
3.41320949300000e+02 5.52434045450907e+04
3.41397493200000e+02 5.49936462428632e+04
3.41474022900000e+02 5.49553992928147e+04
3.41550538300000e+02 5.55958729547202e+04
3.41627039600000e+02 5.71920354534615e+04
3.41703526600000e+02 5.94225909279492e+04
3.41779999300000e+02 6.16812949472768e+04
3.41856457800000e+02 6.31431163044152e+04
3.41932902100000e+02 6.37424915469640e+04
3.42009332100000e+02 6.37894368477633e+04
3.42085747800000e+02 6.33567643880562e+04
3.42162149300000e+02 6.26982878968324e+04
3.42238536500000e+02 6.19713507295440e+04
3.42314909500000e+02 6.13006821261763e+04
3.42391268200000e+02 6.06510216724117e+04
3.42467612500000e+02 6.01632425309926e+04
3.42543942600000e+02 6.05290023918354e+04
3.42620258400000e+02 6.16370606054755e+04
3.42696559900000e+02 6.31840687909614e+04
3.42772847100000e+02 6.43856184387393e+04
3.42849120000000e+02 6.48721425396925e+04
3.42925378600000e+02 6.50877107156427e+04
3.43001622800000e+02 6.50553002323034e+04
3.43077852800000e+02 6.46580043344365e+04
3.43154068400000e+02 6.42634460315088e+04
3.43230269700000e+02 6.38865329672837e+04
3.43306456600000e+02 6.32641765450551e+04
3.43382629200000e+02 6.23561552853074e+04
3.43458787400000e+02 6.14279011771409e+04
3.43534931300000e+02 6.04636637694478e+04
3.43611060900000e+02 5.96602699968217e+04
3.43687176000000e+02 5.81861794669880e+04
3.43763276900000e+02 5.52430131096014e+04
3.43839363300000e+02 5.16226977370228e+04
3.43915435400000e+02 4.83672693778772e+04
3.43991493000000e+02 4.58007928655535e+04
3.44067536300000e+02 4.37557377477689e+04
3.44143565200000e+02 4.22044717163489e+04
3.44219579700000e+02 4.15184933494611e+04
3.44295579800000e+02 4.20279751253754e+04
3.44371565500000e+02 4.34070969647603e+04
3.44447536800000e+02 4.52756402313305e+04
3.44523493700000e+02 4.75630068676956e+04
3.44599436100000e+02 5.00755031250721e+04
3.44675364200000e+02 5.26703902817913e+04
3.44751277700000e+02 5.50022590330038e+04
3.44827176900000e+02 5.70747015584792e+04
3.44903061600000e+02 5.88547592331900e+04
3.44978931900000e+02 5.99114587980044e+04
3.45054787700000e+02 6.04316563550978e+04
3.45130629100000e+02 6.10466720185743e+04
3.45206456000000e+02 6.18851204852207e+04
3.45282268400000e+02 6.22157541948502e+04
3.45358066400000e+02 6.18483293727649e+04
3.45433849900000e+02 6.13061382459279e+04
3.45509618900000e+02 6.08179970924672e+04
3.45585373400000e+02 6.01689487990005e+04
3.45661113500000e+02 5.90288740988905e+04
3.45736839000000e+02 5.73145280745684e+04
3.45812550000000e+02 5.54903477997227e+04
3.45888246600000e+02 5.40225151098408e+04
3.45963928600000e+02 5.31462482354790e+04
3.46039596100000e+02 5.30954365747704e+04
3.46115249100000e+02 5.39129549175177e+04
3.46190887600000e+02 5.49610775408304e+04
3.46266511500000e+02 5.58986819024752e+04
3.46342121000000e+02 5.67045911477767e+04
3.46417715800000e+02 5.78259068578380e+04
3.46493296200000e+02 5.92541010337621e+04
3.46568861900000e+02 6.04167209869640e+04
3.46644413200000e+02 6.10937081924380e+04
3.46719949800000e+02 6.15867204812615e+04
3.46795471900000e+02 6.22281105676618e+04
3.46870979500000e+02 6.30046352227349e+04
3.46946472400000e+02 6.31089148904093e+04
3.47021950800000e+02 6.24229849902519e+04
3.47097414600000e+02 6.11358452528281e+04
3.47172863800000e+02 5.94285162528665e+04
3.47248298400000e+02 5.72860865911290e+04
3.47323718500000e+02 5.47272620738870e+04
3.47399123900000e+02 5.26070054572233e+04
3.47474514700000e+02 5.15270439569688e+04
3.47549890900000e+02 5.14762280483325e+04
3.47625252500000e+02 5.20083064264544e+04
3.47700599400000e+02 5.30364882200852e+04
3.47775931800000e+02 5.43780721462543e+04
3.47851249500000e+02 5.59900334723169e+04
3.47926552500000e+02 5.74848456449577e+04
3.48001841000000e+02 5.84536930081529e+04
3.48077114700000e+02 5.85963835780883e+04
3.48152373900000e+02 5.83491468637369e+04
3.48227618300000e+02 5.80599015756215e+04
3.48302848100000e+02 5.79299592399769e+04
3.48378063300000e+02 5.81791200508296e+04
3.48453263700000e+02 5.86645769661089e+04
3.48528449500000e+02 5.90043684685243e+04
3.48603620600000e+02 5.90101759809552e+04
3.48678777100000e+02 5.85250214687585e+04
3.48753918800000e+02 5.76023831755420e+04
3.48829045800000e+02 5.66457385536879e+04
3.48904158200000e+02 5.56263145264232e+04
3.48979255800000e+02 5.42743943266165e+04
3.49054338700000e+02 5.28524931668164e+04
3.49129406900000e+02 5.21683014704198e+04
3.49204460400000e+02 5.22763565182472e+04
3.49279499200000e+02 5.25092059434250e+04
3.49354523200000e+02 5.27684393676556e+04
3.49429532500000e+02 5.27983991977596e+04
3.49504527100000e+02 5.29709655232944e+04
3.49579506900000e+02 5.40910055131443e+04
3.49654471900000e+02 5.57475222628967e+04
3.49729422200000e+02 5.73482954343719e+04
3.49804357800000e+02 5.91322264398323e+04
3.49879278500000e+02 6.13225618881944e+04
3.49954184500000e+02 6.37796510402800e+04
3.50029075800000e+02 6.63829664376402e+04
3.50103952200000e+02 6.87221294188986e+04
3.50178813900000e+02 6.99012464522110e+04
3.50253660800000e+02 6.99872596452257e+04
3.50328492900000e+02 6.97783462944215e+04
3.50403310200000e+02 6.93937737367139e+04
3.50478112700000e+02 6.90038538676970e+04
3.50552900300000e+02 6.86406158626769e+04
3.50627673200000e+02 6.77374780794222e+04
3.50702431200000e+02 6.63908814210033e+04
3.50777174500000e+02 6.51456620334822e+04
3.50851902800000e+02 6.40245634195051e+04
3.50926616400000e+02 6.30931855912342e+04
3.51001315100000e+02 6.17975517993086e+04
3.51075999000000e+02 6.00790037791374e+04
3.51150668000000e+02 5.83122325321500e+04
3.51225322200000e+02 5.70764937007986e+04
3.51299961500000e+02 5.69745900031174e+04
3.51374586000000e+02 5.76994599494027e+04
3.51449195600000e+02 5.87724891034691e+04
3.51523790300000e+02 6.02570643156877e+04
3.51598370100000e+02 6.18444799369188e+04
3.51672935100000e+02 6.32683606812683e+04
3.51747485100000e+02 6.43491279165257e+04
3.51822020300000e+02 6.46855214487682e+04
3.51896540600000e+02 6.40734595893876e+04
3.51971046000000e+02 6.27906689501993e+04
3.52045536400000e+02 6.07655598253357e+04
3.52120012000000e+02 5.81142400189036e+04
3.52194472600000e+02 5.53170120232242e+04
3.52268918300000e+02 5.29378751081372e+04
3.52343349100000e+02 5.11041037524492e+04
3.52417765000000e+02 5.00673938477625e+04
3.52492165900000e+02 4.99467814058849e+04
3.52566551900000e+02 5.06697574685880e+04
3.52640922900000e+02 5.21176078041234e+04
3.52715279000000e+02 5.40728424483743e+04
3.52789620100000e+02 5.60183678833172e+04
3.52863946300000e+02 5.80176512933198e+04
3.52938257500000e+02 5.99210743393333e+04
3.53012553700000e+02 6.10734601807468e+04
3.53086835000000e+02 6.18738160936384e+04
3.53161101300000e+02 6.25818312615345e+04
3.53235352500000e+02 6.31955634771432e+04
3.53309588800000e+02 6.36182295903130e+04
3.53383810100000e+02 6.38771072659370e+04
3.53458016400000e+02 6.43382366456582e+04
3.53532207700000e+02 6.51722209193156e+04
3.53606384000000e+02 6.62025138186069e+04
3.53680545300000e+02 6.69417704290735e+04
3.53754691500000e+02 6.72027424960314e+04
3.53828822800000e+02 6.70640800614091e+04
3.53902939000000e+02 6.68165968117353e+04
3.53977040100000e+02 6.68172448330561e+04
3.54051126200000e+02 6.71808163528734e+04
3.54125197300000e+02 6.76264229899008e+04
3.54199253300000e+02 6.76682502979034e+04
3.54273294300000e+02 6.75158284086989e+04
3.54347320200000e+02 6.77436038536843e+04
3.54421331100000e+02 6.82599115421086e+04
3.54495326900000e+02 6.86677302721985e+04
3.54569307600000e+02 6.88161516960128e+04
3.54643273200000e+02 6.89810649120613e+04
3.54717223700000e+02 6.90722968027948e+04
3.54791159200000e+02 6.90040139694563e+04
3.54865079600000e+02 6.87171331392936e+04
3.54938984800000e+02 6.80306733047916e+04
3.55012875000000e+02 6.72002290121024e+04
3.55086750000000e+02 6.63541156539979e+04
3.55160610000000e+02 6.51217164967758e+04
3.55234454800000e+02 6.37660624628347e+04
3.55308284500000e+02 6.27937594724817e+04
3.55382099100000e+02 6.21128233246699e+04
3.55455898500000e+02 6.14753863566923e+04
3.55529682800000e+02 6.09504005053751e+04
3.55603451900000e+02 6.06273794147844e+04
3.55677206000000e+02 6.07256971809598e+04
3.55750944800000e+02 6.13270522229951e+04
3.55824668500000e+02 6.18167781281954e+04
3.55898377000000e+02 6.21145497903764e+04
3.55972070400000e+02 6.26507058289811e+04
3.56045748600000e+02 6.30204461973284e+04
3.56119411600000e+02 6.30677734763833e+04
3.56193059500000e+02 6.22661842305309e+04
3.56266692100000e+02 6.04005538835680e+04
3.56340309600000e+02 5.81949681081389e+04
3.56413911800000e+02 5.61787308323371e+04
3.56487498900000e+02 5.42694259425378e+04
3.56561070700000e+02 5.20586382215413e+04
3.56634627400000e+02 4.94264923385580e+04
3.56708168800000e+02 4.69388278967698e+04
3.56781695000000e+02 4.55080458078355e+04
3.56855206000000e+02 4.52947164163294e+04
3.56928701700000e+02 4.56308628587029e+04
3.57002182300000e+02 4.59445177439210e+04
3.57075647500000e+02 4.63122039829952e+04
3.57149097500000e+02 4.69529510481377e+04
3.57222532300000e+02 4.82496969908553e+04
3.57295951800000e+02 5.00957042048249e+04
3.57369356100000e+02 5.17980173763315e+04
3.57442745100000e+02 5.30988721127759e+04
3.57516118800000e+02 5.37108839121562e+04
3.57589477300000e+02 5.32161666370109e+04
3.57662820400000e+02 5.21325625409638e+04
3.57736148300000e+02 5.05663374615088e+04
3.57809460900000e+02 4.83473982906141e+04
3.57882758200000e+02 4.56881794333209e+04
3.57956040200000e+02 4.31745130964218e+04
3.58029306900000e+02 4.11277010940109e+04
3.58102558300000e+02 3.96868033958255e+04
3.58175794300000e+02 3.84327961724982e+04
3.58249015100000e+02 3.70631962205422e+04
3.58322220500000e+02 3.62106388322607e+04
3.58395410600000e+02 3.62793235426985e+04
3.58468585400000e+02 3.67723746241956e+04
3.58541744800000e+02 3.74218574161580e+04
3.58614888800000e+02 3.82769612172831e+04
3.58688017600000e+02 3.94781182296350e+04
3.58761131000000e+02 4.15173788952578e+04
3.58834229000000e+02 4.44812529460178e+04
3.58907311600000e+02 4.76974597191634e+04
3.58980378900000e+02 5.07398458225815e+04
3.59053430800000e+02 5.32696270091701e+04
3.59126467300000e+02 5.53711077008254e+04
3.59199488500000e+02 5.74907061068892e+04
3.59272494200000e+02 5.95585488130978e+04
3.59345484600000e+02 6.12292735815815e+04
3.59418459600000e+02 6.24468294693997e+04
3.59491419100000e+02 6.34074247715758e+04
3.59564363300000e+02 6.44194965087405e+04
3.59637292100000e+02 6.56419905148439e+04
3.59710205400000e+02 6.67076716384906e+04
3.59783103300000e+02 6.75801229912272e+04
3.59855985800000e+02 6.78599207595588e+04
3.59928852800000e+02 6.71730800323549e+04
3.60001704400000e+02 6.57629989973859e+04
3.60074540600000e+02 6.41858715633198e+04
3.60147361300000e+02 6.25102407777098e+04
3.60220166600000e+02 6.06916328709424e+04
3.60292956400000e+02 5.85617886051416e+04
3.60365730700000e+02 5.63739727830490e+04
3.60438489600000e+02 5.45726586140859e+04
3.60511233000000e+02 5.31340997318998e+04
3.60583960900000e+02 5.15534936866306e+04
3.60656673400000e+02 5.00253206905666e+04
3.60729370400000e+02 4.89460522304485e+04
3.60802051800000e+02 4.86253463441469e+04
3.60874717800000e+02 4.87799496808229e+04
3.60947368300000e+02 4.91105770542128e+04
3.61020003300000e+02 4.93384013458247e+04
3.61092622700000e+02 4.99645825561181e+04
3.61165226700000e+02 5.13728387109641e+04
3.61237815100000e+02 5.30862056626084e+04
3.61310388000000e+02 5.45967983451836e+04
3.61382945300000e+02 5.53270428806219e+04
3.61455487200000e+02 5.49407742909341e+04
3.61528013500000e+02 5.36318012854446e+04
3.61600524200000e+02 5.19108913985795e+04
3.61673019400000e+02 5.02304557702330e+04
3.61745499000000e+02 4.89331806914503e+04
3.61817963100000e+02 4.79803426510794e+04
3.61890411600000e+02 4.74235748241321e+04
3.61962844600000e+02 4.75230290828482e+04
3.62035262000000e+02 4.85130950853086e+04
3.62107663700000e+02 5.03060251102713e+04
3.62180049900000e+02 5.27900248421211e+04
3.62252420600000e+02 5.56295159445630e+04
3.62324775600000e+02 5.84789732161040e+04
3.62397115000000e+02 6.12545360332712e+04
3.62469438800000e+02 6.35079686489073e+04
3.62541747000000e+02 6.48422185167917e+04
3.62614039600000e+02 6.56691435467997e+04
3.62686316600000e+02 6.60089213253477e+04
3.62758578000000e+02 6.52588943753167e+04
3.62830823700000e+02 6.31046401622272e+04
3.62903053800000e+02 6.01202104900772e+04
3.62975268200000e+02 5.72404954178257e+04
3.63047467000000e+02 5.49037819687504e+04
3.63119650200000e+02 5.28552074106021e+04
3.63191817700000e+02 5.10395356438855e+04
3.63263969500000e+02 4.99727745839205e+04
3.63336105700000e+02 5.02356294466787e+04
3.63408226200000e+02 5.16104240087374e+04
3.63480331100000e+02 5.33494597949061e+04
3.63552420300000e+02 5.51032115512594e+04
3.63624493700000e+02 5.68431325308319e+04
3.63696551500000e+02 5.87220176224580e+04
3.63768593600000e+02 6.05176677920793e+04
3.63840620000000e+02 6.18045355756980e+04
3.63912630700000e+02 6.26150976855344e+04
3.63984625700000e+02 6.30210186258272e+04
3.64056605000000e+02 6.29147300332736e+04
3.64128568600000e+02 6.22318369253573e+04
3.64200516400000e+02 6.09534136884109e+04
3.64272448500000e+02 5.93427974118013e+04
3.64344364900000e+02 5.77099374398739e+04
3.64416265600000e+02 5.60600400348318e+04
3.64488150500000e+02 5.42454771390400e+04
3.64560019600000e+02 5.26791506800089e+04
3.64631873000000e+02 5.17301801294911e+04
3.64703710700000e+02 5.13738451515150e+04
3.64775532600000e+02 5.16749907279010e+04
3.64847338700000e+02 5.24352807639967e+04
3.64919129100000e+02 5.34684580816476e+04
3.64990903600000e+02 5.52051453472012e+04
3.65062662400000e+02 5.76325122683671e+04
3.65134405500000e+02 5.98456656581479e+04
3.65206132700000e+02 6.18118927103448e+04
3.65277844100000e+02 6.36887360188644e+04
3.65349539700000e+02 6.53021672652179e+04
3.65421219500000e+02 6.68498157833779e+04
3.65492883500000e+02 6.80959848381008e+04
3.65564531700000e+02 6.89068145652000e+04
3.65636164100000e+02 6.97699463464823e+04
3.65707780700000e+02 7.05465444250417e+04
3.65779381400000e+02 7.10818695243143e+04
3.65850966200000e+02 7.15824070141193e+04
3.65922535300000e+02 7.17785769011627e+04
3.65994088500000e+02 7.15361700415399e+04
3.66065625800000e+02 7.10914348759706e+04
3.66137147300000e+02 7.02791182028528e+04
3.66208653000000e+02 6.94059857382047e+04
3.66280142700000e+02 6.88391762683892e+04
3.66351616600000e+02 6.82427595452142e+04
3.66423074600000e+02 6.73668292150997e+04
3.66494516800000e+02 6.66512019538036e+04
3.66565943100000e+02 6.60878597622793e+04
3.66637353400000e+02 6.54969459799088e+04
3.66708747900000e+02 6.49883622959851e+04
3.66780126500000e+02 6.46106112888514e+04
3.66851489200000e+02 6.44896763946704e+04
3.66922835900000e+02 6.49537357109470e+04
3.66994166800000e+02 6.55526567157518e+04
3.67065481700000e+02 6.59120090877999e+04
3.67136780700000e+02 6.63164881845523e+04
3.67208063800000e+02 6.70358906313686e+04
3.67279331000000e+02 6.78153425918733e+04
3.67350582200000e+02 6.81597217403962e+04
3.67421817400000e+02 6.76215334239804e+04
3.67493036800000e+02 6.63648774897678e+04
3.67564240100000e+02 6.49644142160359e+04
3.67635427500000e+02 6.37026245890713e+04
3.67706599000000e+02 6.23730153786114e+04
3.67777754500000e+02 6.09247850910018e+04
3.67848894000000e+02 5.97794287736995e+04
3.67920017500000e+02 5.91557764949230e+04
3.67991125100000e+02 5.90357093816640e+04
3.68062216600000e+02 5.93721188556636e+04
3.68133292200000e+02 5.96783645833252e+04
3.68204351800000e+02 5.98505150831868e+04
3.68275395300000e+02 5.99806153465706e+04
3.68346422900000e+02 5.98147292298865e+04
3.68417434400000e+02 5.91782450450258e+04
3.68488430000000e+02 5.83601900072596e+04
3.68559409500000e+02 5.76804131517375e+04
3.68630373000000e+02 5.73059418874694e+04
3.68701320400000e+02 5.73743903150815e+04
3.68772251900000e+02 5.81401453395717e+04
3.68843167200000e+02 5.95594202298159e+04
3.68914066600000e+02 6.12503813100546e+04
3.68984949800000e+02 6.30187234624898e+04
3.69055817100000e+02 6.45738974034280e+04
3.69126668200000e+02 6.55810084671544e+04
3.69197503300000e+02 6.63043376458712e+04
3.69268322400000e+02 6.68149032274366e+04
3.69339125300000e+02 6.68945677093518e+04
3.69409912200000e+02 6.66414640693411e+04
3.69480683000000e+02 6.63635828612924e+04
3.69551437700000e+02 6.64723214503814e+04
3.69622176300000e+02 6.72326971984366e+04
3.69692898800000e+02 6.83999069885821e+04
3.69763605200000e+02 6.94104995247547e+04
3.69834295400000e+02 7.00986572955069e+04
3.69904969600000e+02 7.04857596635413e+04
3.69975627700000e+02 7.04935709872848e+04
3.70046269600000e+02 6.98682484208652e+04
3.70116895400000e+02 6.84309753948974e+04
3.70187505100000e+02 6.62116114218641e+04
3.70258098600000e+02 6.34699760306445e+04
3.70328676000000e+02 6.05893490183684e+04
3.70399237200000e+02 5.80091342692512e+04
3.70469782300000e+02 5.57647107679624e+04
3.70540311200000e+02 5.37696376471752e+04
3.70610823900000e+02 5.23395782597667e+04
3.70681320500000e+02 5.18224827509758e+04
3.70751800900000e+02 5.22257500622155e+04
3.70822265200000e+02 5.37156656378206e+04
3.70892713200000e+02 5.58443416795077e+04
3.70963145100000e+02 5.81058255089590e+04
3.71033560700000e+02 6.07662780358791e+04
3.71103960200000e+02 6.36338554161077e+04
3.71174343500000e+02 6.65115972627481e+04
3.71244710500000e+02 6.89882352891260e+04
3.71315061400000e+02 7.05208343416267e+04
3.71385396000000e+02 7.12469895350646e+04
3.71455714400000e+02 7.13341522791800e+04
3.71526016600000e+02 7.04403774626928e+04
3.71596302500000e+02 6.82830391079302e+04
3.71666572200000e+02 6.48629640734918e+04
3.71736825700000e+02 6.07173798881311e+04
3.71807062900000e+02 5.67271014861121e+04
3.71877283800000e+02 5.32753477934905e+04
3.71947488500000e+02 5.03121905580921e+04
3.72017677000000e+02 4.81772840429000e+04
3.72087849200000e+02 4.73133409265954e+04
3.72158005100000e+02 4.76998339454937e+04
3.72228144700000e+02 4.92822580497272e+04
3.72298268000000e+02 5.17433945089108e+04
3.72368375100000e+02 5.41825541264652e+04
3.72438465900000e+02 5.61545935341595e+04
3.72508540300000e+02 5.77238707213736e+04
3.72578598500000e+02 5.90734247715036e+04
3.72648640400000e+02 6.01503224368130e+04
3.72718665900000e+02 6.07014935635334e+04
3.72788675200000e+02 6.03769629170443e+04
3.72858668100000e+02 5.92569264984186e+04
3.72928644700000e+02 5.78200131040581e+04
3.72998604900000e+02 5.63771333453133e+04
3.73068548800000e+02 5.44390754213212e+04
3.73138476400000e+02 5.15468505332301e+04
3.73208387600000e+02 4.80278010812227e+04
3.73278282500000e+02 4.46254627770605e+04
3.73348161100000e+02 4.18351406183741e+04
3.73418023200000e+02 3.95336879964672e+04
3.73487869000000e+02 3.80361133848126e+04
3.73557698500000e+02 3.79872012445031e+04
3.73627511500000e+02 3.93249221362475e+04
3.73697308200000e+02 4.16120580643585e+04
3.73767088500000e+02 4.46580071535269e+04
3.73836852400000e+02 4.78468038168978e+04
3.73906599900000e+02 5.06248998161114e+04
3.73976331000000e+02 5.28724045005213e+04
3.74046045700000e+02 5.41441666325782e+04
3.74115744000000e+02 5.42519184614952e+04
3.74185425900000e+02 5.35941207430366e+04
3.74255091400000e+02 5.21941733902929e+04
3.74324740400000e+02 4.99074144808211e+04
3.74394373000000e+02 4.73667517806416e+04
3.74463989200000e+02 4.50128802868334e+04
3.74533588900000e+02 4.27181155932681e+04
3.74603172200000e+02 4.07050431696441e+04
3.74672739100000e+02 3.91876826555589e+04
3.74742289400000e+02 3.83718845229254e+04
3.74811823400000e+02 3.88929721746590e+04
3.74881340800000e+02 4.06000662620389e+04
3.74950841800000e+02 4.27452725930862e+04
3.75020326400000e+02 4.52093016998674e+04
3.75089794400000e+02 4.83785562046829e+04
3.75159246000000e+02 5.22187702547404e+04
3.75228681100000e+02 5.62517496376365e+04
3.75298099600000e+02 5.96981949494689e+04
3.75367501700000e+02 6.19322539650696e+04
3.75436887300000e+02 6.26216535670174e+04
3.75506256400000e+02 6.18949823071702e+04
3.75575609000000e+02 6.04012634990073e+04
3.75644945000000e+02 5.87594166657359e+04
3.75714264500000e+02 5.72039213341186e+04
3.75783567500000e+02 5.57060439915366e+04
3.75852854000000e+02 5.42268639784685e+04
3.75922123900000e+02 5.29900510461671e+04
3.75991377300000e+02 5.24179756474505e+04
3.76060614100000e+02 5.25647584719455e+04
3.76129834400000e+02 5.30909370128251e+04
3.76199038100000e+02 5.37727035521413e+04
3.76268225300000e+02 5.43529610948128e+04
3.76337395900000e+02 5.44373761458361e+04
3.76406549900000e+02 5.41174705054446e+04
3.76475687400000e+02 5.36033785250456e+04
3.76544808300000e+02 5.32950924847756e+04
3.76613912600000e+02 5.36316748744041e+04
3.76683000300000e+02 5.42777488941491e+04
3.76752071400000e+02 5.44476527796896e+04
3.76821125800000e+02 5.45196700270316e+04
3.76890163700000e+02 5.51155309323994e+04
3.76959185000000e+02 5.64385448686399e+04
3.77028189700000e+02 5.81488124521338e+04
3.77097177700000e+02 5.97154577692376e+04
3.77166149200000e+02 6.09607842166357e+04
3.77235103900000e+02 6.21531769003010e+04
3.77304042100000e+02 6.34953909912667e+04
3.77372963600000e+02 6.48294850178143e+04
3.77441868500000e+02 6.59678046891211e+04
3.77510756700000e+02 6.67815996057360e+04
3.77579628300000e+02 6.73282439305710e+04
3.77648483200000e+02 6.78652884485771e+04
3.77717321400000e+02 6.86189445437773e+04
3.77786143000000e+02 6.95248609821639e+04
3.77854947900000e+02 7.04544185169546e+04
3.77923736100000e+02 7.12646324786482e+04
3.77992507600000e+02 7.19423036799096e+04
3.78061262500000e+02 7.26029034114592e+04
3.78130000600000e+02 7.32613543051181e+04
3.78198722100000e+02 7.36056590314289e+04
3.78267426800000e+02 7.31382590197284e+04
3.78336114800000e+02 7.17615120589905e+04
3.78404786200000e+02 6.99367050537716e+04
3.78473440800000e+02 6.80813010738379e+04
3.78542078600000e+02 6.60970999185653e+04
3.78610699800000e+02 6.40143570823661e+04
3.78679304200000e+02 6.18214176196848e+04
3.78747891900000e+02 5.96192440990979e+04
3.78816462800000e+02 5.80774107085773e+04
3.78885017000000e+02 5.75106101662756e+04
3.78953554400000e+02 5.71897102838914e+04
3.79022075100000e+02 5.67430845852191e+04
3.79090579000000e+02 5.62769738626239e+04
3.79159066200000e+02 5.56929862255590e+04
3.79227536600000e+02 5.50792091642608e+04
3.79295990200000e+02 5.44462789248443e+04
3.79364427000000e+02 5.36011025373809e+04
3.79432847000000e+02 5.23037430745286e+04
3.79501250200000e+02 5.07846406688280e+04
3.79569636700000e+02 4.94177356522768e+04
3.79638006300000e+02 4.85043358135849e+04
3.79706359100000e+02 4.82451066537256e+04
3.79774695100000e+02 4.88381188357462e+04
3.79843014300000e+02 4.98866196834051e+04
3.79911316700000e+02 5.10492625161926e+04
3.79979602300000e+02 5.26617676801748e+04
3.80047871000000e+02 5.49469582525310e+04
3.80116122900000e+02 5.74289415750604e+04
3.80184357900000e+02 5.96833966714785e+04
3.80252576100000e+02 6.14975809270618e+04
3.80320777400000e+02 6.25224309470631e+04
3.80388961900000e+02 6.28975783282682e+04
3.80457129500000e+02 6.30325858971084e+04
3.80525280300000e+02 6.30305862108796e+04
3.80593414200000e+02 6.30381097508898e+04
3.80661531200000e+02 6.31264316211569e+04
3.80729631300000e+02 6.33300993369473e+04
3.80797714600000e+02 6.35459074349244e+04
3.80865780900000e+02 6.36352584050256e+04
3.80933830400000e+02 6.36755542404395e+04
3.81001862900000e+02 6.34258614702205e+04
3.81069878600000e+02 6.24944391118596e+04
3.81137877300000e+02 6.09180706523599e+04
3.81205859200000e+02 5.89610356347284e+04
3.81273824100000e+02 5.65694485055675e+04
3.81341772100000e+02 5.40772692229138e+04
3.81409703100000e+02 5.19890625850040e+04
3.81477617200000e+02 5.04628822743318e+04
3.81545514400000e+02 4.93355878460132e+04
3.81613394600000e+02 4.84642687320736e+04
3.81681257900000e+02 4.74151547515088e+04
3.81749104300000e+02 4.61987716272932e+04
3.81816933600000e+02 4.53324527304106e+04
3.81884746000000e+02 4.50985793030840e+04
3.81952541500000e+02 4.49545330751531e+04
3.82020319900000e+02 4.45123882650876e+04
3.82088081400000e+02 4.36596027277235e+04
3.82155825900000e+02 4.23934362752857e+04
3.82223553400000e+02 4.11155691279764e+04
3.82291263900000e+02 4.02214526879454e+04
3.82358957500000e+02 3.94850783495000e+04
3.82426634000000e+02 3.86062821026011e+04
3.82494293500000e+02 3.74940343067057e+04
3.82561936000000e+02 3.61763830331509e+04
3.82629561500000e+02 3.50587430125874e+04
3.82697169900000e+02 3.44995868430378e+04
3.82764761300000e+02 3.43735001947924e+04
3.82832335700000e+02 3.45151713506660e+04
3.82899893100000e+02 3.45613896463953e+04
3.82967433400000e+02 3.42699411755623e+04
3.83034956600000e+02 3.38930443931981e+04
3.83102462900000e+02 3.35904727102618e+04
3.83169952000000e+02 3.32794011588588e+04
3.83237424100000e+02 3.30763917363995e+04
3.83304879100000e+02 3.28867547424250e+04
3.83372317100000e+02 3.27072654879294e+04
3.83439738000000e+02 3.26151884448308e+04
3.83507141700000e+02 3.26079642242349e+04
3.83574528400000e+02 3.24877502433956e+04
3.83641898100000e+02 3.24623757295246e+04
3.83709250600000e+02 3.27123878637968e+04
3.83776586000000e+02 3.30088319007632e+04
3.83843904300000e+02 3.34409557745160e+04
3.83911205500000e+02 3.43840012932092e+04
3.83978489600000e+02 3.59117957801128e+04
3.84045756500000e+02 3.79042357751958e+04
3.84113006400000e+02 4.02383440183672e+04
3.84180239100000e+02 4.26981098509626e+04
3.84247454600000e+02 4.50990397116731e+04
3.84314653100000e+02 4.74279634693543e+04
3.84381834300000e+02 4.95773971461976e+04
3.84448998500000e+02 5.12224577827215e+04
3.84516145400000e+02 5.22885381519853e+04
3.84583275200000e+02 5.29563922101322e+04
3.84650387900000e+02 5.31743159425952e+04
3.84717483400000e+02 5.28579381366630e+04
3.84784561700000e+02 5.24251469489524e+04
3.84851622800000e+02 5.23245831485369e+04
3.84918666700000e+02 5.24835509134143e+04
3.84985693500000e+02 5.25305982988829e+04
3.85052703000000e+02 5.21603717939658e+04
3.85119695400000e+02 5.15683183236476e+04
3.85186670500000e+02 5.10470469996088e+04
3.85253628400000e+02 5.07453459303488e+04
3.85320569200000e+02 5.03927528079176e+04
3.85387492700000e+02 4.96675899974611e+04
3.85454398900000e+02 4.85759888450226e+04
3.85521288000000e+02 4.72759321625389e+04
3.85588159800000e+02 4.56631760070624e+04
3.85655014400000e+02 4.39322981723481e+04
3.85721851700000e+02 4.23952087773268e+04
3.85788671800000e+02 4.12739482796144e+04
3.85855474600000e+02 4.09986083554522e+04
3.85922260200000e+02 4.16046965636573e+04
3.85989028500000e+02 4.26294639316954e+04
3.86055779500000e+02 4.38973716138599e+04
3.86122513300000e+02 4.55092849293051e+04
3.86189229800000e+02 4.73411423908194e+04
3.86255929000000e+02 4.92305850735844e+04
3.86322610900000e+02 5.09215529262179e+04
3.86389275500000e+02 5.22923333781183e+04
3.86455922800000e+02 5.30435092011227e+04
3.86522552800000e+02 5.29722193207146e+04
3.86589165500000e+02 5.23550032708229e+04
3.86655760900000e+02 5.14266340171497e+04
3.86722339000000e+02 5.01154851553891e+04
3.86788899800000e+02 4.86424030770159e+04
3.86855443200000e+02 4.71943503168014e+04
3.86921969300000e+02 4.57545072985616e+04
3.86988478100000e+02 4.46146471699803e+04
3.87054969500000e+02 4.40160254619053e+04
3.87121443500000e+02 4.40395691738082e+04
3.87187900300000e+02 4.46026098013893e+04
3.87254339600000e+02 4.56072312063972e+04
3.87320761600000e+02 4.68014386859689e+04
3.87387166200000e+02 4.80266461172317e+04
3.87453553500000e+02 4.89999859438881e+04
3.87519923400000e+02 4.95304800072752e+04
3.87586275900000e+02 4.96053553072586e+04
3.87652611000000e+02 4.93915343716183e+04
3.87718928700000e+02 4.89195471061062e+04
3.87785229100000e+02 4.81087830035178e+04
3.87851512000000e+02 4.70868815279605e+04
3.87917777500000e+02 4.59975668122995e+04
3.87984025600000e+02 4.50813089460822e+04
3.88050256300000e+02 4.48171292297466e+04
3.88116469600000e+02 4.53647620899825e+04
3.88182665400000e+02 4.59672275921859e+04
3.88248843800000e+02 4.59800457428550e+04
3.88315004800000e+02 4.55086325612515e+04
3.88381148400000e+02 4.48439945023706e+04
3.88447274500000e+02 4.43965133812125e+04
3.88513383100000e+02 4.43345015249055e+04
3.88579474300000e+02 4.43263803648654e+04
3.88645548000000e+02 4.39296024371343e+04
3.88711604300000e+02 4.36557459164765e+04
3.88777643100000e+02 4.39875065036379e+04
3.88843664400000e+02 4.50418628625946e+04
3.88909668200000e+02 4.66789548996593e+04
3.88975654600000e+02 4.84717834478950e+04
3.89041623500000e+02 5.00517846569109e+04
3.89107574800000e+02 5.16546324150570e+04
3.89173508700000e+02 5.33973623326802e+04
3.89239425100000e+02 5.48172452165830e+04
3.89305323900000e+02 5.57964868339543e+04
3.89371205300000e+02 5.66515876502667e+04
3.89437069100000e+02 5.74439446001128e+04
3.89502915400000e+02 5.79319524930963e+04
3.89568744200000e+02 5.81997329144317e+04
3.89634555400000e+02 5.83810946417201e+04
3.89700349100000e+02 5.84159142740201e+04
3.89766125300000e+02 5.85144894115285e+04
3.89831883900000e+02 5.90008507957949e+04
3.89897624900000e+02 5.92569191609676e+04
3.89963348400000e+02 5.87912097729052e+04
3.90029054300000e+02 5.79536710477900e+04
3.90094742700000e+02 5.71923226570082e+04
3.90160413500000e+02 5.64582418709400e+04
3.90226066700000e+02 5.57532867006251e+04
3.90291702300000e+02 5.49704666927463e+04
3.90357320400000e+02 5.41976352703167e+04
3.90422920800000e+02 5.37394298597090e+04
3.90488503700000e+02 5.39052971530897e+04
3.90554068900000e+02 5.46828165260626e+04
3.90619616600000e+02 5.57206179445068e+04
3.90685146600000e+02 5.67557425354280e+04
3.90750659000000e+02 5.79095275829675e+04
3.90816153800000e+02 5.94811948909032e+04
3.90881631000000e+02 6.12608278940147e+04
3.90947090500000e+02 6.28529373810376e+04
3.91012532400000e+02 6.39618429402632e+04
3.91077956700000e+02 6.46578944141025e+04
3.91143363300000e+02 6.49882008603729e+04
3.91208752200000e+02 6.51706320973251e+04
3.91274123500000e+02 6.53308629979167e+04
3.91339477200000e+02 6.53183729329892e+04
3.91404813100000e+02 6.49936307858157e+04
3.91470131400000e+02 6.44432818876581e+04
3.91535432100000e+02 6.36421191131017e+04
3.91600715000000e+02 6.26646352316354e+04
3.91665980200000e+02 6.15502926579472e+04
3.91731227800000e+02 6.01820866428550e+04
3.91796457700000e+02 5.85082322365876e+04
3.91861669900000e+02 5.69809724986646e+04
3.91926864300000e+02 5.57481391604155e+04
3.91992041100000e+02 5.46245020449643e+04
3.92057200100000e+02 5.35403426452295e+04
3.92122341400000e+02 5.28216824543439e+04
3.92187465000000e+02 5.22632371194335e+04
3.92252570900000e+02 5.15737652745463e+04
3.92317659000000e+02 5.09070357260866e+04
3.92382729400000e+02 5.01514074111230e+04
3.92447782000000e+02 4.89612950054657e+04
3.92512816900000e+02 4.72426912312116e+04
3.92577834100000e+02 4.51747684214972e+04
3.92642833400000e+02 4.26349448012562e+04
3.92707815100000e+02 3.97166050212598e+04
3.92772778900000e+02 3.66437993349681e+04
3.92837725000000e+02 3.36197741702407e+04
3.92902653300000e+02 3.06167243293797e+04
3.92967563800000e+02 2.76485644900506e+04
3.93032456500000e+02 2.49609495934253e+04
3.93097331400000e+02 2.27048462659570e+04
3.93162188500000e+02 2.08504917595673e+04
3.93227027800000e+02 1.94906305366991e+04
3.93291849400000e+02 1.87553525927681e+04
3.93356653100000e+02 1.86293588423210e+04
3.93421438900000e+02 1.90922674071317e+04
3.93486207000000e+02 2.01651283817986e+04
3.93550957200000e+02 2.18393529598649e+04
3.93615689600000e+02 2.40635336318895e+04
3.93680404200000e+02 2.66999738648990e+04
3.93745100900000e+02 2.94915768807049e+04
3.93809779700000e+02 3.22005063793094e+04
3.93874440800000e+02 3.47098212260265e+04
3.93939083900000e+02 3.69825942525477e+04
3.94003709200000e+02 3.89761334030570e+04
3.94068316600000e+02 4.06194006957353e+04
3.94132906200000e+02 4.19434612357751e+04
3.94197477900000e+02 4.31202284093543e+04
3.94262031600000e+02 4.44184079999300e+04
3.94326567600000e+02 4.59077601148642e+04
3.94391085600000e+02 4.74969133016391e+04
3.94455585700000e+02 4.89253289061142e+04
3.94520067900000e+02 5.01968285993522e+04
3.94584532200000e+02 5.15740798255750e+04
3.94648978600000e+02 5.32961872545452e+04
3.94713407100000e+02 5.51632276049394e+04
3.94777817600000e+02 5.68569921993703e+04
3.94842210300000e+02 5.80977844154379e+04
3.94906585000000e+02 5.88464999605296e+04
3.94970941700000e+02 5.92883691052534e+04
3.95035280500000e+02 5.96886044622779e+04
3.95099601400000e+02 6.02109099552310e+04
3.95163904300000e+02 6.08696064710658e+04
3.95228189300000e+02 6.12669809406766e+04
3.95292456300000e+02 6.12467426277848e+04
3.95356705400000e+02 6.08936592125125e+04
3.95420936400000e+02 6.05018206310535e+04
3.95485149500000e+02 6.03281725737446e+04
3.95549344600000e+02 6.05239336151890e+04
3.95613521800000e+02 6.06322803905995e+04
3.95677680900000e+02 6.02640026374117e+04
3.95741822000000e+02 5.93520795685562e+04
3.95805945200000e+02 5.79481956792735e+04
3.95870050300000e+02 5.61176443820319e+04
3.95934137400000e+02 5.41186134448684e+04
3.95998206600000e+02 5.19986351776854e+04
3.96062257700000e+02 4.97175560846936e+04
3.96126290700000e+02 4.72085356975782e+04
3.96190305800000e+02 4.43930122231452e+04
3.96254302800000e+02 4.13390155772562e+04
3.96318281700000e+02 3.82596004369890e+04
3.96382242600000e+02 3.54136387481923e+04
3.96446185500000e+02 3.28348400879765e+04
3.96510110300000e+02 3.03009689978313e+04
3.96574017100000e+02 2.78198422532683e+04
3.96637905800000e+02 2.55739999129394e+04
3.96701776400000e+02 2.37655213616694e+04
3.96765629000000e+02 2.25220798595873e+04
3.96829463400000e+02 2.19856497693701e+04
3.96893279800000e+02 2.22266295393137e+04
3.96957078100000e+02 2.32188821267684e+04
3.97020858300000e+02 2.48854110173219e+04
3.97084620400000e+02 2.71289011172267e+04
3.97148364400000e+02 2.98152063870699e+04
3.97212090300000e+02 3.28157718136640e+04
3.97275798100000e+02 3.59952745265321e+04
3.97339487800000e+02 3.91799059693218e+04
3.97403159300000e+02 4.22626040197389e+04
3.97466812700000e+02 4.52957637773714e+04
3.97530448000000e+02 4.83233666702615e+04
3.97594065200000e+02 5.12788433228167e+04
3.97657664200000e+02 5.41747221346294e+04
3.97721245000000e+02 5.69356267218118e+04
3.97784807700000e+02 5.93663098630172e+04
3.97848352300000e+02 6.13632664660704e+04
3.97911878600000e+02 6.30236786231934e+04
3.97975386900000e+02 6.43468821131995e+04
3.98038876900000e+02 6.53005927581435e+04
3.98102348800000e+02 6.59368735307694e+04
3.98165802500000e+02 6.63281795365633e+04
3.98229238000000e+02 6.65754675556477e+04
3.98292655300000e+02 6.66840017600681e+04
3.98356054400000e+02 6.66689533407854e+04
3.98419435300000e+02 6.67195744835474e+04
3.98482798000000e+02 6.70439599666784e+04
3.98546142500000e+02 6.76905911347796e+04
3.98609468700000e+02 6.84572100733940e+04
3.98672776800000e+02 6.91942059476738e+04
3.98736066600000e+02 6.98123986453845e+04
3.98799338200000e+02 7.04086055581050e+04
3.98862591600000e+02 7.10670359813461e+04
3.98925826700000e+02 7.18795968350781e+04
3.98989043600000e+02 7.27108149847354e+04
3.99052242200000e+02 7.32110193846548e+04
3.99115422600000e+02 7.33533631567578e+04
3.99178584700000e+02 7.33315246158943e+04
3.99241728500000e+02 7.33002309202195e+04
3.99304854100000e+02 7.31881175380560e+04
3.99367961400000e+02 7.28746492619836e+04
3.99431050400000e+02 7.24318975592775e+04
3.99494121100000e+02 7.19106555958490e+04
3.99557173600000e+02 7.14787813254492e+04
3.99620207700000e+02 7.13294441234415e+04
3.99683223600000e+02 7.16032207500002e+04
3.99746221100000e+02 7.21046193113120e+04
3.99809200300000e+02 7.26236403994986e+04
3.99872161200000e+02 7.31611963113609e+04
3.99935103800000e+02 7.38192687273074e+04
3.99998028100000e+02 7.46798495607216e+04
4.00060934100000e+02 7.54963338191784e+04
4.00123821700000e+02 7.58745242658801e+04
4.00186691000000e+02 7.54693146695853e+04
4.00249541900000e+02 7.43691491877534e+04
4.00312374500000e+02 7.31526285317716e+04
4.00375188700000e+02 7.22863983059152e+04
4.00437984600000e+02 7.17546562744954e+04
4.00500762100000e+02 7.13984024612655e+04
4.00563521200000e+02 7.12008842201510e+04
4.00626262000000e+02 7.10955835975412e+04
4.00688984300000e+02 7.11792348351838e+04
4.00751688300000e+02 7.18265339715944e+04
4.00814374000000e+02 7.30333685711682e+04
4.00877041200000e+02 7.42555847804608e+04
4.00939690000000e+02 7.53692162902969e+04
4.01002320400000e+02 7.62755002365085e+04
4.01064932400000e+02 7.68759049204896e+04
4.01127526000000e+02 7.71662237702267e+04
4.01190101200000e+02 7.73595979921376e+04
4.01252658000000e+02 7.75772619570020e+04
4.01315196300000e+02 7.77379901467490e+04
4.01377716200000e+02 7.77289380626099e+04
4.01440217700000e+02 7.75136438335438e+04
4.01502700700000e+02 7.72437595445279e+04
4.01565165300000e+02 7.70563060613144e+04
4.01627611400000e+02 7.71204075966745e+04
4.01690039000000e+02 7.73769468328753e+04
4.01752448200000e+02 7.75182037057671e+04
4.01814839000000e+02 7.74821587583307e+04
4.01877211200000e+02 7.74409419353328e+04
4.01939565000000e+02 7.75431189913046e+04
4.02001900300000e+02 7.78594008544763e+04
4.02064217200000e+02 7.82359049477342e+04
4.02126515500000e+02 7.83426100323083e+04
4.02188795300000e+02 7.81032066809440e+04
4.02251056700000e+02 7.78648677725970e+04
4.02313299500000e+02 7.79086441403548e+04
4.02375523800000e+02 7.80706219632725e+04
4.02437729600000e+02 7.83002355415926e+04
4.02499916900000e+02 7.85344995536100e+04
4.02562085600000e+02 7.86282641524343e+04
4.02624235900000e+02 7.85247345097997e+04
4.02686367600000e+02 7.81953474149969e+04
4.02748480700000e+02 7.75269403684678e+04
4.02810575300000e+02 7.64612590377339e+04
4.02872651400000e+02 7.52006549532609e+04
4.02934708900000e+02 7.39157592058493e+04
4.02996747800000e+02 7.25031429302021e+04
4.03058768200000e+02 7.10517693788291e+04
4.03120770000000e+02 6.97846991168554e+04
4.03182753200000e+02 6.88426761519623e+04
4.03244717800000e+02 6.83931992006927e+04
4.03306663900000e+02 6.87563780725629e+04
4.03368591400000e+02 6.97816816384923e+04
4.03430500300000e+02 7.10764098752012e+04
4.03492390600000e+02 7.25369617125961e+04
4.03554262200000e+02 7.41818220019566e+04
4.03616115300000e+02 7.57222323421604e+04
4.03677949800000e+02 7.69582437994093e+04
4.03739765600000e+02 7.79658246787107e+04
4.03801562800000e+02 7.86700214243380e+04
4.03863341400000e+02 7.91196304757183e+04
4.03925101300000e+02 7.92545851395264e+04
4.03986842600000e+02 7.90716779077826e+04
4.04048565300000e+02 7.83356309913266e+04
4.04110269300000e+02 7.69758705080387e+04
4.04171954700000e+02 7.50683864206052e+04
4.04233621400000e+02 7.27852525404952e+04
4.04295269500000e+02 7.04822459787693e+04
4.04356898800000e+02 6.85755187541304e+04
4.04418509500000e+02 6.74059778052298e+04
4.04480101600000e+02 6.67767064631189e+04
4.04541674900000e+02 6.64527466271695e+04
4.04603229600000e+02 6.64849418949653e+04
4.04664765500000e+02 6.70756084594962e+04
4.04726282800000e+02 6.82884245132994e+04
4.04787781400000e+02 7.01323755664112e+04
4.04849261200000e+02 7.23676211833587e+04
4.04910722400000e+02 7.42750654875130e+04
4.04972164800000e+02 7.53939325040032e+04
4.05033588500000e+02 7.58513315584119e+04
4.05094993500000e+02 7.59368139806012e+04
4.05156379700000e+02 7.57474175735092e+04
4.05217747300000e+02 7.52366461464187e+04
4.05279096000000e+02 7.44707435167899e+04
4.05340426000000e+02 7.36315996909313e+04
4.05401737300000e+02 7.27690394687180e+04
4.05463029800000e+02 7.19293452580377e+04
4.05524303600000e+02 7.12013953353270e+04
4.05585558600000e+02 7.06356002365350e+04
4.05646794800000e+02 7.03227210559044e+04
4.05708012200000e+02 7.03268195318257e+04
4.05769210900000e+02 7.05988969615876e+04
4.05830390800000e+02 7.07662231992482e+04
4.05891551900000e+02 7.05935434498225e+04
4.05952694100000e+02 7.00979516139354e+04
4.06013817600000e+02 6.94538371601234e+04
4.06074922300000e+02 6.86444200450003e+04
4.06136008200000e+02 6.78025914792714e+04
4.06197075300000e+02 6.72240414908796e+04
4.06258123500000e+02 6.68478524756066e+04
4.06319152900000e+02 6.64251416349262e+04
4.06380163500000e+02 6.59678954855395e+04
4.06441155200000e+02 6.57229582666475e+04
4.06502128100000e+02 6.59752478787954e+04
4.06563082200000e+02 6.68781763984881e+04
4.06624017400000e+02 6.83985257980618e+04
4.06684933800000e+02 6.99235214561790e+04
4.06745831300000e+02 7.08413175394997e+04
4.06806709900000e+02 7.10547971145367e+04
4.06867569700000e+02 7.08198370304184e+04
4.06928410600000e+02 7.05908037089833e+04
4.06989232600000e+02 7.06407213538465e+04
4.07050035700000e+02 7.09438628706515e+04
4.07110820000000e+02 7.11216121151150e+04
4.07171585300000e+02 7.09591450320133e+04
4.07232331800000e+02 7.05236317453876e+04
4.07293059300000e+02 6.99711840354410e+04
4.07353767900000e+02 6.94832354032404e+04
4.07414457700000e+02 6.91866970375479e+04
4.07475128500000e+02 6.90372689488566e+04
4.07535780300000e+02 6.87643511558187e+04
4.07596413300000e+02 6.84138232893196e+04
4.07657027300000e+02 6.82391275465245e+04
4.07717622400000e+02 6.83371531240142e+04
4.07778198500000e+02 6.87679499543068e+04
4.07838755700000e+02 6.94758528149833e+04
4.07899294000000e+02 7.04867936519698e+04
4.07959813200000e+02 7.16371132529925e+04
4.08020313600000e+02 7.27279611262984e+04
4.08080794900000e+02 7.36080876611027e+04
4.08141257300000e+02 7.41506493810624e+04
4.08201700700000e+02 7.45098712219079e+04
4.08262125100000e+02 7.47416825863870e+04
4.08322530600000e+02 7.48619371415161e+04
4.08382917000000e+02 7.49650386770876e+04
4.08443284400000e+02 7.51781214177225e+04
4.08503632900000e+02 7.56506487520766e+04
4.08563962300000e+02 7.63351071501766e+04
4.08624272700000e+02 7.71697150054739e+04
4.08684564100000e+02 7.80196246449713e+04
4.08744836500000e+02 7.88390932347786e+04
4.08805089900000e+02 7.95375035742884e+04
4.08865324200000e+02 7.99983311297974e+04
4.08925539500000e+02 8.01653541727725e+04
4.08985735800000e+02 8.00087298250835e+04
4.09045913000000e+02 7.96391438951926e+04
4.09106071100000e+02 7.92108326096230e+04
4.09166210200000e+02 7.86538134832743e+04
4.09226330300000e+02 7.78606391371827e+04
4.09286431200000e+02 7.69125047186099e+04
4.09346513100000e+02 7.59242330721886e+04
4.09406576000000e+02 7.49065355063595e+04
4.09466619700000e+02 7.39621435832368e+04
4.09526644400000e+02 7.30967888112210e+04
4.09586649900000e+02 7.19971014064602e+04
4.09646636400000e+02 7.05617243029740e+04
4.09706603800000e+02 6.89657700862493e+04
4.09766552100000e+02 6.72672831987173e+04
4.09826481200000e+02 6.54220467697793e+04
4.09886391300000e+02 6.35865407123891e+04
4.09946282200000e+02 6.19968059062562e+04
4.10006154000000e+02 6.08356526300356e+04
4.10066006700000e+02 6.01624914996327e+04
4.10125840200000e+02 5.99408997587962e+04
4.10185654600000e+02 6.00365776647041e+04
4.10245449900000e+02 6.05418135331676e+04
4.10305226000000e+02 6.15829647295240e+04
4.10364982900000e+02 6.31346161523774e+04
4.10424720700000e+02 6.50435874591676e+04
4.10484439300000e+02 6.70226670544838e+04
4.10544138800000e+02 6.87783206385671e+04
4.10603819100000e+02 7.02122949135915e+04
4.10663480200000e+02 7.13407893925940e+04
4.10723122100000e+02 7.22366650516538e+04
4.10782744900000e+02 7.29032860577008e+04
4.10842348400000e+02 7.33745144385867e+04
4.10901932700000e+02 7.37951032081994e+04
4.10961497900000e+02 7.42232248150409e+04
4.11021043800000e+02 7.47368794154743e+04
4.11080570500000e+02 7.53491068536070e+04
4.11140078000000e+02 7.60522776747225e+04
4.11199566300000e+02 7.67833313430200e+04
4.11259035400000e+02 7.75219443794148e+04
4.11318485200000e+02 7.82623481617870e+04
4.11377915800000e+02 7.89468761563940e+04
4.11437327100000e+02 7.94715400789252e+04
4.11496719200000e+02 7.97763510912384e+04
4.11556092100000e+02 7.97595130886221e+04
4.11615445600000e+02 7.93981613692858e+04
4.11674780000000e+02 7.89293913124680e+04
4.11734095000000e+02 7.86394493638304e+04
4.11793390800000e+02 7.84186981067946e+04
4.11852667300000e+02 7.81012978935125e+04
4.11911924500000e+02 7.77099707784256e+04
4.11971162500000e+02 7.73136854775205e+04
4.12030381100000e+02 7.69875758033384e+04
4.12089580500000e+02 7.69201370302744e+04
4.12148760500000e+02 7.71780076903935e+04
4.12207921300000e+02 7.74997554261340e+04
4.12267062700000e+02 7.76419603843877e+04
4.12326184800000e+02 7.75332848721157e+04
4.12385287600000e+02 7.73084418203573e+04
4.12444371100000e+02 7.70833666895506e+04
4.12503435200000e+02 7.68278534068741e+04
4.12562480000000e+02 7.65486596963960e+04
4.12621505500000e+02 7.63453286610174e+04
4.12680511600000e+02 7.60916504971376e+04
4.12739498400000e+02 7.56600996185602e+04
4.12798465800000e+02 7.51408035351668e+04
4.12857413800000e+02 7.45702191400600e+04
4.12916342500000e+02 7.37952333066610e+04
4.12975251800000e+02 7.28880791761422e+04
4.13034141800000e+02 7.22470765201715e+04
4.13093012300000e+02 7.18526919094272e+04
4.13151863500000e+02 7.14795021216092e+04
4.13210695300000e+02 7.12730262696846e+04
4.13269507700000e+02 7.14146627957578e+04
4.13328300700000e+02 7.18569113627424e+04
4.13387074300000e+02 7.24457749851750e+04
4.13445828500000e+02 7.33205242621177e+04
4.13504563200000e+02 7.45440961822477e+04
4.13563278600000e+02 7.58496475553424e+04
4.13621974500000e+02 7.70904955351966e+04
4.13680651000000e+02 7.83106048365332e+04
4.13739308000000e+02 7.93795576381850e+04
4.13797945700000e+02 7.99370627310996e+04
4.13856563800000e+02 7.99146846428049e+04
4.13915162600000e+02 7.94739995300538e+04
4.13973741800000e+02 7.87123835732741e+04
4.14032301700000e+02 7.76047642887662e+04
4.14090842000000e+02 7.62557086195728e+04
4.14149362900000e+02 7.49500410333841e+04
4.14207864300000e+02 7.40011568355901e+04
4.14266346200000e+02 7.34451080869870e+04
4.14324808700000e+02 7.30663070793817e+04
4.14383251700000e+02 7.27760629130647e+04
4.14441675100000e+02 7.27293436144283e+04
4.14500079100000e+02 7.30299294410270e+04
4.14558463600000e+02 7.36241054477781e+04
4.14616828500000e+02 7.44853097061454e+04
4.14675174000000e+02 7.53248259788920e+04
4.14733499900000e+02 7.58207585799718e+04
4.14791806300000e+02 7.60883689853957e+04
4.14850093200000e+02 7.62425352761621e+04
4.14908360600000e+02 7.61995634456561e+04
4.14966608400000e+02 7.59346638593572e+04
4.15024836700000e+02 7.56014001351830e+04
4.15083045400000e+02 7.51047005841484e+04
4.15141234600000e+02 7.44266068076656e+04
4.15199404200000e+02 7.38795835329395e+04
4.15257554200000e+02 7.35804949496204e+04
4.15315684700000e+02 7.33141618328760e+04
4.15373795600000e+02 7.28740083042620e+04
4.15431887000000e+02 7.24725767081217e+04
4.15489958700000e+02 7.23584338319226e+04
4.15548010900000e+02 7.23585726968294e+04
4.15606043500000e+02 7.24982434722918e+04
4.15664056500000e+02 7.30008766998727e+04
4.15722049900000e+02 7.37921418467559e+04
4.15780023700000e+02 7.45209569978744e+04
4.15837977800000e+02 7.51066296501490e+04
4.15895912400000e+02 7.58998080742894e+04
4.15953827300000e+02 7.69078160426592e+04
4.16011722600000e+02 7.78733596604889e+04
4.16069598300000e+02 7.86617892885862e+04
4.16127454400000e+02 7.92672410493197e+04
4.16185290800000e+02 7.97225981843475e+04
4.16243107500000e+02 7.99589105311402e+04
4.16300904600000e+02 8.00474212788810e+04
4.16358682100000e+02 8.00309497966699e+04
4.16416439900000e+02 7.98387620384386e+04
4.16474178000000e+02 7.93300835983860e+04
4.16531896500000e+02 7.86857841422435e+04
4.16589595300000e+02 7.81913064177420e+04
4.16647274400000e+02 7.78514204613590e+04
4.16704933800000e+02 7.74533454778930e+04
4.16762573500000e+02 7.69275018101641e+04
4.16820193600000e+02 7.62681126950824e+04
4.16877793900000e+02 7.53545727689822e+04
4.16935374600000e+02 7.43334220696394e+04
4.16992935500000e+02 7.34807568327409e+04
4.17050476700000e+02 7.27963426019377e+04
4.17107998200000e+02 7.21059004861564e+04
4.17165500000000e+02 7.14207955853086e+04
4.17222982000000e+02 7.08218281018527e+04
4.17280444300000e+02 7.02875936278140e+04
4.17337886900000e+02 6.98708748507624e+04
4.17395309700000e+02 6.96891543551844e+04
4.17452712800000e+02 6.97562583944519e+04
4.17510096100000e+02 7.00759311293151e+04
4.17567459700000e+02 7.05572423247194e+04
4.17624803500000e+02 7.11521706587440e+04
4.17682127600000e+02 7.17099844032917e+04
4.17739431800000e+02 7.21908054671340e+04
4.17796716300000e+02 7.25764897699644e+04
4.17853981000000e+02 7.26969632663293e+04
4.17911226000000e+02 7.26169128922170e+04
4.17968451100000e+02 7.25137754315085e+04
4.18025656400000e+02 7.25938142597848e+04
4.18082841900000e+02 7.27408168541588e+04
4.18140007700000e+02 7.27945932009921e+04
4.18197153600000e+02 7.28208741491672e+04
4.18254279700000e+02 7.27687576730814e+04
4.18311385900000e+02 7.25801933846967e+04
4.18368472400000e+02 7.22119928308841e+04
4.18425539000000e+02 7.17659688669986e+04
4.18482585800000e+02 7.13782516978364e+04
4.18539612700000e+02 7.10852572231530e+04
4.18596619800000e+02 7.10000600210172e+04
4.18653607000000e+02 7.11541799014376e+04
4.18710574400000e+02 7.14195129775933e+04
4.18767521900000e+02 7.16295080802214e+04
4.18824449600000e+02 7.17024458556239e+04
4.18881357400000e+02 7.18383847070812e+04
4.18938245300000e+02 7.23372436606705e+04
4.18995113300000e+02 7.33152092192405e+04
4.19051961500000e+02 7.44809206197717e+04
4.19108789700000e+02 7.54293465455530e+04
4.19165598100000e+02 7.59911628537059e+04
4.19222386500000e+02 7.60672927246382e+04
4.19279155100000e+02 7.57099743639220e+04
4.19335903700000e+02 7.51501953749448e+04
4.19392632500000e+02 7.46602313353291e+04
4.19449341300000e+02 7.41589126818409e+04
4.19506030100000e+02 7.33325368788070e+04
4.19562699100000e+02 7.21267473019084e+04
4.19619348100000e+02 7.07825104310264e+04
4.19675977200000e+02 6.96441218199076e+04
4.19732586300000e+02 6.88289605223507e+04
4.19789175500000e+02 6.82956340392285e+04
4.19845744700000e+02 6.78658698400990e+04
4.19902294000000e+02 6.74977328891905e+04
4.19958823300000e+02 6.72555411678436e+04
4.20015332700000e+02 6.72746248338916e+04
4.20071822000000e+02 6.77857775548065e+04
4.20128291400000e+02 6.86424617078217e+04
4.20184740800000e+02 6.95129528279525e+04
4.20241170200000e+02 7.02938797144475e+04
4.20297579600000e+02 7.11164347282814e+04
4.20353969100000e+02 7.20757989010934e+04
4.20410338500000e+02 7.30957362496943e+04
4.20466687900000e+02 7.42300287153144e+04
4.20523017300000e+02 7.53420903965973e+04
4.20579326700000e+02 7.62224239162462e+04
4.20635616000000e+02 7.68463142396632e+04
4.20691885400000e+02 7.72970771433957e+04
4.20748134600000e+02 7.76376928252660e+04
4.20804363900000e+02 7.79014831340099e+04
4.20860573100000e+02 7.81205164531622e+04
4.20916762300000e+02 7.84144154144470e+04
4.20972931400000e+02 7.87087179292048e+04
4.21029080500000e+02 7.88147798331990e+04
4.21085209400000e+02 7.87144254838209e+04
4.21141318400000e+02 7.84855897395480e+04
4.21197407200000e+02 7.81249573913758e+04
4.21253476000000e+02 7.76310011744014e+04
4.21309524700000e+02 7.70297942472871e+04
4.21365553300000e+02 7.64326928071280e+04
4.21421561800000e+02 7.59367542886962e+04
4.21477550300000e+02 7.55488912218718e+04
4.21533518600000e+02 7.52316277584972e+04
4.21589466800000e+02 7.50178908128226e+04
4.21645394900000e+02 7.49386136278074e+04
4.21701302900000e+02 7.49915735696756e+04
4.21757190700000e+02 7.53064658652947e+04
4.21813058500000e+02 7.59944649574936e+04
4.21868906100000e+02 7.68096179005637e+04
4.21924733600000e+02 7.73186718074353e+04
4.21980540900000e+02 7.74211267937278e+04
4.22036328100000e+02 7.71780463077736e+04
4.22092095100000e+02 7.65353772093879e+04
4.22147842000000e+02 7.54650166678402e+04
4.22203568700000e+02 7.40123949690633e+04
4.22259275300000e+02 7.21837966232122e+04
4.22314961600000e+02 6.99520342976596e+04
4.22370627800000e+02 6.74055645925010e+04
4.22426273900000e+02 6.49815138801520e+04
4.22481899700000e+02 6.31779764216342e+04
4.22537505400000e+02 6.22024981485146e+04
4.22593090800000e+02 6.19880061293304e+04
4.22648656100000e+02 6.23244835420972e+04
4.22704201100000e+02 6.30542594202663e+04
4.22759726000000e+02 6.41020874700954e+04
4.22815230600000e+02 6.55466401409184e+04
4.22870715000000e+02 6.74060894823059e+04
4.22926179200000e+02 6.95564688589766e+04
4.22981623200000e+02 7.16065781185023e+04
4.23037046900000e+02 7.30979531847829e+04
4.23092450400000e+02 7.39010839181830e+04
4.23147833600000e+02 7.42233459325681e+04
4.23203196600000e+02 7.42917198913312e+04
4.23258539300000e+02 7.40222920830892e+04
4.23313861800000e+02 7.32860230746562e+04
4.23369164000000e+02 7.23221075054634e+04
4.23424446000000e+02 7.14461063879495e+04
4.23479707600000e+02 7.07899428800824e+04
4.23534949000000e+02 7.03741969771995e+04
4.23590170100000e+02 7.02097687272084e+04
4.23645371000000e+02 7.01036114073774e+04
4.23700551500000e+02 6.99113449821359e+04
4.23755711700000e+02 6.98227871101211e+04
4.23810851600000e+02 7.01576259506902e+04
4.23865971300000e+02 7.09371393025967e+04
4.23921070600000e+02 7.17448066170610e+04
4.23976149600000e+02 7.23422754411556e+04
4.24031208200000e+02 7.27629761965847e+04
4.24086246600000e+02 7.32554454299598e+04
4.24141264600000e+02 7.39115535556339e+04
4.24196262300000e+02 7.46359907960376e+04
4.24251239600000e+02 7.52852251223262e+04
4.24306196600000e+02 7.56854739038401e+04
4.24361133200000e+02 7.57211769368670e+04
4.24416049500000e+02 7.53578028651034e+04
4.24470945400000e+02 7.47834527624959e+04
4.24525820900000e+02 7.42095145964926e+04
4.24580676100000e+02 7.36379582009760e+04
4.24635510900000e+02 7.29391173240356e+04
4.24690325300000e+02 7.19875675391293e+04
4.24745119300000e+02 7.09111456908762e+04
4.24799893000000e+02 6.99854490384264e+04
4.24854646200000e+02 6.93804808603375e+04
4.24909379100000e+02 6.91577830589270e+04
4.24964091500000e+02 6.92557412562186e+04
4.25018783500000e+02 6.94939605432969e+04
4.25073455100000e+02 6.97006279614277e+04
4.25128106300000e+02 6.98337531494646e+04
4.25182737100000e+02 6.99126544096961e+04
4.25237347400000e+02 7.01666402100103e+04
4.25291937300000e+02 7.07477211385674e+04
4.25346506800000e+02 7.15020908950631e+04
4.25401055800000e+02 7.21258637098843e+04
4.25455584300000e+02 7.24210539005300e+04
4.25510092400000e+02 7.23714351170521e+04
4.25564580100000e+02 7.20019336237375e+04
