2.78192030800000e+02 7.37719836137823e-19
2.78278108200000e+02 7.17311064737607e-19
2.78364175100000e+02 6.97488267781682e-19
2.78450231700000e+02 6.84049435685580e-19
2.78536277800000e+02 6.81816726082535e-19
2.78622313500000e+02 6.91254086957210e-19
2.78708338700000e+02 7.08827503391594e-19
2.78794353500000e+02 7.28711739469863e-19
2.78880357800000e+02 7.45337534790449e-19
2.78966351700000e+02 7.54545956432494e-19
2.79052335200000e+02 7.53708813531335e-19
2.79138308100000e+02 7.43858429759764e-19
2.79224270600000e+02 7.30012074121547e-19
2.79310222700000e+02 7.20849771611202e-19
2.79396164200000e+02 7.24288884198924e-19
2.79482095300000e+02 7.41226933056267e-19
2.79568015800000e+02 7.66469300868788e-19
2.79653925900000e+02 7.94311432618855e-19
2.79739825500000e+02 8.20488023243870e-19
2.79825714600000e+02 8.40329527707686e-19
2.79911593200000e+02 8.49317521612331e-19
2.79997461200000e+02 8.45111469350526e-19
2.80083318800000e+02 8.30770911365715e-19
2.80169165800000e+02 8.12078638104608e-19
2.80255002300000e+02 7.92891479819000e-19
2.80340828200000e+02 7.75030899840418e-19
2.80426643700000e+02 7.57679023160048e-19
2.80512448500000e+02 7.40499581670276e-19
2.80598242900000e+02 7.25233560986469e-19
2.80684026700000e+02 7.13917059567568e-19
2.80769799900000e+02 7.08220011746337e-19
2.80855562500000e+02 7.08537083270094e-19
2.80941314600000e+02 7.14539615853280e-19
2.81027056200000e+02 7.26978475413147e-19
2.81112787100000e+02 7.46865867252783e-19
2.81198507500000e+02 7.72320357734364e-19
2.81284217200000e+02 7.98887926047109e-19
2.81369916400000e+02 8.22878343361476e-19
2.81455605000000e+02 8.43652985794810e-19
2.81541283000000e+02 8.60879057026205e-19
2.81626950400000e+02 8.71418924056614e-19
2.81712607200000e+02 8.73214318768799e-19
2.81798253300000e+02 8.66866162179446e-19
2.81883888900000e+02 8.53816942630493e-19
2.81969513800000e+02 8.34917464892986e-19
2.82055128100000e+02 8.10429227665908e-19
2.82140731700000e+02 7.83151896797826e-19
2.82226324700000e+02 7.56216808123706e-19
2.82311907100000e+02 7.30597309998899e-19
2.82397478800000e+02 7.07025914194092e-19
2.82483039800000e+02 6.87058323392123e-19
2.82568590200000e+02 6.73045870674496e-19
2.82654129900000e+02 6.67967881081562e-19
2.82739659000000e+02 6.74583492566846e-19
2.82825177400000e+02 6.94332016124258e-19
2.82910685100000e+02 7.24038059629256e-19
2.82996182100000e+02 7.58341731626243e-19
2.83081668400000e+02 7.92705905096910e-19
2.83167144100000e+02 8.23616853409249e-19
2.83252609000000e+02 8.47396165437792e-19
2.83338063200000e+02 8.58540050488334e-19
2.83423506700000e+02 8.55891454691256e-19
2.83508939600000e+02 8.43074986907002e-19
2.83594361600000e+02 8.24570661994780e-19
2.83679773000000e+02 8.03430517457874e-19
2.83765173600000e+02 7.81272494504086e-19
2.83850563500000e+02 7.60443136047767e-19
2.83935942700000e+02 7.42981738472755e-19
2.84021311100000e+02 7.30302443395524e-19
2.84106668800000e+02 7.22325790590692e-19
2.84192015700000e+02 7.18696167716418e-19
2.84277351900000e+02 7.19616076513959e-19
2.84362677300000e+02 7.25326546091821e-19
2.84447991900000e+02 7.35966150693713e-19
2.84533295700000e+02 7.50555776561821e-19
2.84618588800000e+02 7.67257763042560e-19
2.84703871100000e+02 7.86836334582440e-19
2.84789142600000e+02 8.11660949613912e-19
2.84874403300000e+02 8.42190656098839e-19
2.84959653200000e+02 8.74489404304674e-19
2.85044892400000e+02 9.02590740088374e-19
2.85130120700000e+02 9.22897333458200e-19
2.85215338200000e+02 9.34156106321162e-19
2.85300544800000e+02 9.35485533823488e-19
2.85385740700000e+02 9.25490780776381e-19
2.85470925700000e+02 9.04730784485558e-19
2.85556099900000e+02 8.76792607955537e-19
2.85641263300000e+02 8.45222131416557e-19
2.85726415800000e+02 8.12570006125870e-19
2.85811557500000e+02 7.81428520295944e-19
2.85896688300000e+02 7.53070046474643e-19
2.85981808200000e+02 7.28446794422108e-19
2.86066917300000e+02 7.09233266512539e-19
2.86152015600000e+02 6.98796020750591e-19
2.86237102900000e+02 7.01968641088626e-19
2.86322179400000e+02 7.20339878411382e-19
2.86407245000000e+02 7.51359376229878e-19
2.86492299700000e+02 7.90820625757296e-19
2.86577343600000e+02 8.33511644667098e-19
2.86662376500000e+02 8.74269201113417e-19
2.86747398500000e+02 9.07816613122201e-19
2.86832409700000e+02 9.29513669492293e-19
2.86917409900000e+02 9.36850717940851e-19
2.87002399200000e+02 9.31273839346447e-19
2.87087377600000e+02 9.17616378367551e-19
2.87172345000000e+02 8.99485358284749e-19
2.87257301500000e+02 8.78686294991836e-19
2.87342247100000e+02 8.55765662488463e-19
2.87427181800000e+02 8.32264027261142e-19
2.87512105500000e+02 8.10189951555164e-19
2.87597018200000e+02 7.89033366335262e-19
2.87681920000000e+02 7.67844696136469e-19
2.87766810900000e+02 7.47360320173899e-19
2.87851690700000e+02 7.28892227437390e-19
2.87936559700000e+02 7.13160961733079e-19
2.88021417600000e+02 7.01711594403821e-19
2.88106264500000e+02 6.96854829955803e-19
2.88191100500000e+02 7.01348253408199e-19
2.88275925500000e+02 7.16377083094707e-19
2.88360739500000e+02 7.42403466324433e-19
2.88445542500000e+02 7.77837148075010e-19
2.88530334400000e+02 8.17864289274675e-19
2.88615115400000e+02 8.55758359844869e-19
2.88699885400000e+02 8.84764261223756e-19
2.88784644300000e+02 9.01616603182104e-19
2.88869392200000e+02 9.03348360510171e-19
2.88954129100000e+02 8.88128093074115e-19
2.89038855000000e+02 8.58352264700936e-19
2.89123569800000e+02 8.20181542933824e-19
2.89208273600000e+02 7.81062338859544e-19
2.89292966300000e+02 7.46091377741199e-19
2.89377648000000e+02 7.18376112669332e-19
2.89462318600000e+02 6.99749940211938e-19
2.89546978200000e+02 6.91175781567545e-19
2.89631626600000e+02 6.92699551924874e-19
2.89716264100000e+02 7.02767925351010e-19
2.89800890400000e+02 7.19368079968766e-19
2.89885505600000e+02 7.37947255525870e-19
2.89970109800000e+02 7.54307243136243e-19
2.90054702900000e+02 7.69366567827060e-19
2.90139284900000e+02 7.84667187307650e-19
2.90223855700000e+02 8.01667587555454e-19
2.90308415500000e+02 8.19581158841692e-19
2.90392964200000e+02 8.37790322506266e-19
2.90477501700000e+02 8.54987955913256e-19
2.90562028100000e+02 8.66745050943620e-19
2.90646543400000e+02 8.70354985779994e-19
2.90731047600000e+02 8.64471853303743e-19
2.90815540600000e+02 8.48240197153908e-19
2.90900022500000e+02 8.20776002979439e-19
2.90984493200000e+02 7.83512530431155e-19
2.91068952800000e+02 7.42673586158327e-19
2.91153401200000e+02 7.04292382743989e-19
2.91237838500000e+02 6.71762885163488e-19
2.91322264600000e+02 6.47860246025411e-19
2.91406679500000e+02 6.34551321773064e-19
2.91491083300000e+02 6.32952016433539e-19
2.91575475900000e+02 6.42297904598295e-19
2.91659857300000e+02 6.60332223660016e-19
2.91744227500000e+02 6.85904338880230e-19
2.91828586500000e+02 7.18167043302958e-19
2.91912934300000e+02 7.54857803458204e-19
2.91997270900000e+02 7.91005103999076e-19
2.92081596300000e+02 8.22460376318684e-19
2.92165910400000e+02 8.48128327665557e-19
2.92250213400000e+02 8.67439793784818e-19
2.92334505100000e+02 8.77705778164786e-19
2.92418785600000e+02 8.76069614206647e-19
2.92503054900000e+02 8.62521013486947e-19
2.92587312900000e+02 8.39006859819089e-19
2.92671559700000e+02 8.07345208953766e-19
2.92755795200000e+02 7.69794334219822e-19
2.92840019500000e+02 7.29306828249427e-19
2.92924232500000e+02 6.88583653041799e-19
2.93008434300000e+02 6.49922134648972e-19
2.93092624800000e+02 6.16212311325730e-19
2.93176804000000e+02 5.90870325225423e-19
2.93260971900000e+02 5.76525075605168e-19
2.93345128600000e+02 5.75532636223686e-19
2.93429273900000e+02 5.90367017864802e-19
2.93513408000000e+02 6.21672245702114e-19
2.93597530800000e+02 6.64707761615799e-19
2.93681642200000e+02 7.11973786108263e-19
2.93765742400000e+02 7.57958920080449e-19
2.93849831200000e+02 7.98787236169237e-19
2.93933908800000e+02 8.32416317182562e-19
2.94017975000000e+02 8.56991529237225e-19
2.94102029800000e+02 8.71364748765146e-19
2.94186073400000e+02 8.78194451387731e-19
2.94270105600000e+02 8.77700985069319e-19
2.94354126500000e+02 8.69771968194855e-19
2.94438136000000e+02 8.53768166537398e-19
2.94522134100000e+02 8.28407491577910e-19
2.94606120900000e+02 7.93903318123922e-19
2.94690096400000e+02 7.51203152548943e-19
2.94774060500000e+02 7.02840132127911e-19
2.94858013200000e+02 6.52429199698192e-19
2.94941954500000e+02 6.04487824188186e-19
2.95025884400000e+02 5.62826356757250e-19
2.95109803000000e+02 5.29379132498414e-19
2.95193710200000e+02 5.05535734808420e-19
2.95277605900000e+02 4.92939068477811e-19
2.95361490300000e+02 4.93690245522255e-19
2.95445363300000e+02 5.10278485885335e-19
2.95529224800000e+02 5.43344742918993e-19
2.95613075000000e+02 5.91224739458936e-19
2.95696913700000e+02 6.49637669511020e-19
2.95780741000000e+02 7.12914000300629e-19
2.95864556800000e+02 7.75309880814235e-19
2.95948361200000e+02 8.29417300570589e-19
2.96032154200000e+02 8.67258698969955e-19
2.96115935800000e+02 8.83863813060338e-19
2.96199705800000e+02 8.78355130438433e-19
2.96283464500000e+02 8.53961817849772e-19
2.96367211600000e+02 8.14718297594022e-19
2.96450947300000e+02 7.65039197916629e-19
2.96534671600000e+02 7.11000837635904e-19
2.96618384300000e+02 6.57855012749617e-19
2.96702085600000e+02 6.08194944070829e-19
2.96785775400000e+02 5.62373603595972e-19
2.96869453700000e+02 5.20345501624337e-19
2.96953120500000e+02 4.82492084526141e-19
2.97036775800000e+02 4.48881354562170e-19
2.97120419600000e+02 4.20455626261705e-19
2.97204051900000e+02 3.99693903749267e-19
2.97287672700000e+02 3.90729502143633e-19
2.97371282000000e+02 3.97737505989926e-19
2.97454879700000e+02 4.23334865693348e-19
2.97538465900000e+02 4.68932636623888e-19
2.97622040600000e+02 5.31953150422075e-19
2.97705603700000e+02 6.04643532892422e-19
2.97789155300000e+02 6.77733572164842e-19
2.97872695300000e+02 7.43490871517844e-19
2.97956223800000e+02 7.96909149511364e-19
2.98039740800000e+02 8.33098455503939e-19
2.98123246100000e+02 8.47822938185488e-19
2.98206739900000e+02 8.40788823123595e-19
2.98290222200000e+02 8.15560293531480e-19
2.98373692800000e+02 7.77918575083781e-19
2.98457151900000e+02 7.32435390029130e-19
2.98540599300000e+02 6.82326854004937e-19
2.98624035200000e+02 6.29493422829455e-19
2.98707459500000e+02 5.76261320926727e-19
2.98790872200000e+02 5.25202258621743e-19
2.98874273300000e+02 4.78297843129434e-19
2.98957662700000e+02 4.36817125688556e-19
2.99041040600000e+02 4.01410418706902e-19
2.99124406800000e+02 3.72740873049418e-19
2.99207761400000e+02 3.51464093497850e-19
2.99291104300000e+02 3.38890196594859e-19
2.99374435700000e+02 3.37955532770080e-19
2.99457755300000e+02 3.52717921874759e-19
2.99541063400000e+02 3.88088765706315e-19
2.99624359800000e+02 4.47054756514075e-19
2.99707644500000e+02 5.26577115910902e-19
2.99790917600000e+02 6.16051426700949e-19
2.99874179000000e+02 7.00448573342336e-19
2.99957428700000e+02 7.70424951694353e-19
3.00040666700000e+02 8.20745162939604e-19
3.00123893100000e+02 8.44587491404318e-19
3.00207107800000e+02 8.37708818350722e-19
3.00290310800000e+02 8.01020284212548e-19
3.00373502100000e+02 7.45893081010066e-19
3.00456681700000e+02 6.84325433359981e-19
3.00539849500000e+02 6.22331229813520e-19
3.00623005700000e+02 5.63644492239381e-19
3.00706150200000e+02 5.09816916199138e-19
3.00789282900000e+02 4.60989578794204e-19
3.00872403900000e+02 4.17197282723542e-19
3.00955513200000e+02 3.78567318042529e-19
3.01038610800000e+02 3.45270825494893e-19
3.01121696600000e+02 3.17788963755618e-19
3.01204770700000e+02 2.96618142656437e-19
3.01287833000000e+02 2.83879887474593e-19
3.01370883500000e+02 2.82154843441836e-19
3.01453922300000e+02 2.94439358903145e-19
3.01536949400000e+02 3.22931134906880e-19
3.01619964600000e+02 3.68769156664706e-19
3.01702968100000e+02 4.30137671854738e-19
3.01785959800000e+02 5.00945323783753e-19
3.01868939800000e+02 5.73258436577482e-19
3.01951907900000e+02 6.38828721000620e-19
3.02034864200000e+02 6.90924720843646e-19
3.02117808800000e+02 7.24044577240885e-19
3.02200741500000e+02 7.34312244253352e-19
3.02283662400000e+02 7.21628079243236e-19
3.02366571600000e+02 6.90431814954140e-19
3.02449468900000e+02 6.46273280256208e-19
3.02532354300000e+02 5.95237804629264e-19
3.02615228000000e+02 5.41836899626558e-19
3.02698089800000e+02 4.89089522629244e-19
3.02780939800000e+02 4.39629641913518e-19
3.02863777900000e+02 3.94930096679131e-19
3.02946604200000e+02 3.55715624392183e-19
3.03029418600000e+02 3.22092406524438e-19
3.03112221200000e+02 2.94111724631714e-19
3.03195011900000e+02 2.71850074168943e-19
3.03277790700000e+02 2.55579444701694e-19
3.03360557700000e+02 2.45611758799071e-19
3.03443312800000e+02 2.42442932042567e-19
3.03526056000000e+02 2.47372215539711e-19
3.03608787300000e+02 2.62766579340518e-19
3.03691506700000e+02 2.91119006993831e-19
3.03774214300000e+02 3.33645473717546e-19
3.03856909900000e+02 3.89544235241924e-19
3.03939593600000e+02 4.53371584608476e-19
3.04022265400000e+02 5.14427014054786e-19
3.04104925300000e+02 5.65173171973527e-19
3.04187573300000e+02 6.02152002509589e-19
3.04270209300000e+02 6.21361419429136e-19
3.04352833400000e+02 6.20121538602287e-19
3.04435445600000e+02 5.96380844970524e-19
3.04518045800000e+02 5.56576873506602e-19
3.04600634100000e+02 5.10773161913449e-19
3.04683210400000e+02 4.63527117646455e-19
3.04765774800000e+02 4.17723925680175e-19
3.04848327200000e+02 3.75068390235802e-19
3.04930867700000e+02 3.36477430996577e-19
3.05013396200000e+02 3.02394696774698e-19
3.05095912700000e+02 2.72936192941033e-19
3.05178417200000e+02 2.48135600775260e-19
3.05260909700000e+02 2.28062004055066e-19
3.05343390300000e+02 2.13115553119330e-19
3.05425858800000e+02 2.03603524061122e-19
3.05508315400000e+02 2.00250663875463e-19
3.05590759900000e+02 2.04007827508596e-19
3.05673192400000e+02 2.15834591538566e-19
3.05755613000000e+02 2.36182662375095e-19
3.05838021500000e+02 2.64369327909858e-19
3.05920417900000e+02 2.99576714931465e-19
3.06002802400000e+02 3.40701279476448e-19
3.06085174800000e+02 3.85489210921987e-19
3.06167535200000e+02 4.29961320191306e-19
3.06249883500000e+02 4.68506793345814e-19
3.06332219800000e+02 4.95870918416346e-19
3.06414544000000e+02 5.09224094347124e-19
3.06496856100000e+02 5.08088413284895e-19
3.06579156200000e+02 4.93467945029195e-19
3.06661444300000e+02 4.67192599257039e-19
3.06743720200000e+02 4.32333955087329e-19
3.06825984100000e+02 3.93556978490194e-19
3.06908235900000e+02 3.55592895209267e-19
3.06990475600000e+02 3.21030557950946e-19
3.07072703200000e+02 2.90787354566684e-19
3.07154918700000e+02 2.65296990449463e-19
3.07237122100000e+02 2.44207497481535e-19
3.07319313400000e+02 2.27129790342587e-19
3.07401492600000e+02 2.13572967725856e-19
3.07483659600000e+02 2.03184210011429e-19
3.07565814600000e+02 1.96227138194834e-19
3.07647957400000e+02 1.92526759478243e-19
3.07730088100000e+02 1.92186785132557e-19
3.07812206600000e+02 1.95844340262053e-19
3.07894313000000e+02 2.03917004983167e-19
3.07976407300000e+02 2.16485216158116e-19
3.08058489400000e+02 2.34124438441610e-19
3.08140559300000e+02 2.58400487903639e-19
3.08222617100000e+02 2.89081027903910e-19
3.08304662700000e+02 3.22950495279487e-19
3.08386696100000e+02 3.54706927884839e-19
3.08468717400000e+02 3.79610957754073e-19
3.08550726500000e+02 3.96130184149092e-19
3.08632723400000e+02 4.02592802336823e-19
3.08714708100000e+02 3.97198199371414e-19
3.08796680600000e+02 3.80313108699743e-19
3.08878640900000e+02 3.54421846014174e-19
3.08960589000000e+02 3.24058077295156e-19
3.09042524900000e+02 2.93245455956539e-19
3.09124448500000e+02 2.64274778069906e-19
3.09206360000000e+02 2.38778200191220e-19
3.09288259200000e+02 2.17605698314996e-19
3.09370146200000e+02 2.00854535446815e-19
3.09452020900000e+02 1.88208251644776e-19
3.09533883500000e+02 1.79190899919415e-19
3.09615733700000e+02 1.73374872049544e-19
3.09697571700000e+02 1.70539260532600e-19
3.09779397500000e+02 1.70318983804789e-19
3.09861211000000e+02 1.72229046242316e-19
3.09943012200000e+02 1.75760114407671e-19
3.10024801200000e+02 1.80814084470522e-19
3.10106577900000e+02 1.88194569898401e-19
3.10188342300000e+02 1.98883222885184e-19
3.10270094400000e+02 2.13314859063832e-19
3.10351834200000e+02 2.30345177168756e-19
3.10433561800000e+02 2.47713809304129e-19
3.10515277000000e+02 2.62902054887877e-19
3.10596979900000e+02 2.74151425515727e-19
3.10678670600000e+02 2.81010778473303e-19
3.10760348900000e+02 2.82653874012381e-19
3.10842014900000e+02 2.78301442438504e-19
3.10923668500000e+02 2.68089553935086e-19
3.11005309900000e+02 2.53613906465196e-19
3.11086938800000e+02 2.37351221179587e-19
3.11168555500000e+02 2.20700822914958e-19
3.11250159800000e+02 2.04108734017208e-19
3.11331751800000e+02 1.87886574669229e-19
3.11413331400000e+02 1.72708709880581e-19
3.11494898700000e+02 1.59208942606196e-19
3.11576453500000e+02 1.47902658244621e-19
3.11657996100000e+02 1.39444177711341e-19
3.11739526200000e+02 1.33825742542709e-19
3.11821044000000e+02 1.30504502746109e-19
3.11902549400000e+02 1.28872242630464e-19
3.11984042400000e+02 1.28468514614686e-19
3.12065523000000e+02 1.29026122039220e-19
3.12146991200000e+02 1.30311744301067e-19
3.12228447000000e+02 1.32229771731132e-19
3.12309890400000e+02 1.34858755100396e-19
3.12391321300000e+02 1.38504097255285e-19
3.12472739900000e+02 1.43765730876797e-19
3.12554146100000e+02 1.51278363115024e-19
3.12635539800000e+02 1.60991849083320e-19
3.12716921000000e+02 1.72084940766946e-19
3.12798289900000e+02 1.83164469185904e-19
3.12879646300000e+02 1.92543056513548e-19
3.12960990200000e+02 1.99144433507623e-19
3.13042321700000e+02 2.02084194876801e-19
3.13123640800000e+02 2.00516159453488e-19
3.13204947400000e+02 1.94446121525409e-19
3.13286241500000e+02 1.84388132880277e-19
3.13367523100000e+02 1.71887858806438e-19
3.13448792300000e+02 1.59041519441224e-19
3.13530049000000e+02 1.47034580118035e-19
3.13611293200000e+02 1.36179491009912e-19
3.13692524900000e+02 1.26553975163231e-19
3.13773744100000e+02 1.18256541856230e-19
3.13854950800000e+02 1.11241340461600e-19
3.13936145000000e+02 1.05427424676021e-19
3.14017326700000e+02 1.00651349803058e-19
3.14098495900000e+02 9.69723926024696e-20
3.14179652500000e+02 9.49234750873866e-20
3.14260796700000e+02 9.46401522804539e-20
3.14341928300000e+02 9.57165000392521e-20
3.14423047300000e+02 9.78107426198188e-20
3.14504153900000e+02 1.00557488125957e-19
3.14585247800000e+02 1.03278613631334e-19
3.14666329300000e+02 1.05750695399725e-19
3.14747398100000e+02 1.08098635321959e-19
3.14828454400000e+02 1.10580459091264e-19
3.14909498200000e+02 1.13485088087966e-19
3.14990529400000e+02 1.16338427299698e-19
3.15071548000000e+02 1.18651415903806e-19
3.15152554000000e+02 1.20673344201678e-19
3.15233547400000e+02 1.22542969941841e-19
3.15314528300000e+02 1.24144664394794e-19
3.15395496500000e+02 1.25048323050522e-19
3.15476452200000e+02 1.24584319360741e-19
3.15557395200000e+02 1.22527547354872e-19
3.15638325700000e+02 1.19258561804946e-19
3.15719243500000e+02 1.15128124619499e-19
3.15800148700000e+02 1.10105590876012e-19
3.15881041300000e+02 1.04246548691099e-19
3.15961921200000e+02 9.76430276311454e-20
3.16042788600000e+02 9.11053928294099e-20
3.16123643200000e+02 8.56326095486331e-20
3.16204485300000e+02 8.15833824834000e-20
3.16285314700000e+02 7.91816064815132e-20
3.16366131400000e+02 7.82881273319202e-20
3.16446935500000e+02 7.83915573388295e-20
3.16527726900000e+02 7.91483501547910e-20
3.16608505600000e+02 8.03311139706613e-20
3.16689271700000e+02 8.17688262647398e-20
3.16770025100000e+02 8.32748081223790e-20
3.16850765800000e+02 8.45813200286095e-20
3.16931493800000e+02 8.55056253558678e-20
3.17012209200000e+02 8.59169589026968e-20
3.17092911800000e+02 8.57130678424762e-20
3.17173601700000e+02 8.49787141535254e-20
3.17254278900000e+02 8.38407587061887e-20
3.17334943500000e+02 8.24147672261868e-20
3.17415595200000e+02 8.08100235325982e-20
3.17496234300000e+02 7.93011327825763e-20
3.17576860700000e+02 7.83403026937207e-20
3.17657474300000e+02 7.81928767132659e-20
3.17738075100000e+02 7.88444757439313e-20
3.17818663300000e+02 7.99306182773262e-20
3.17899238700000e+02 8.06484415970538e-20
3.17979801300000e+02 8.06104061601856e-20
3.18060351200000e+02 7.97974007720651e-20
3.18140888300000e+02 7.80863073001696e-20
3.18221412600000e+02 7.52955910882452e-20
3.18301924200000e+02 7.13042148690996e-20
3.18382423000000e+02 6.65647941666837e-20
3.18462909000000e+02 6.17294299610628e-20
3.18543382300000e+02 5.71663499244654e-20
3.18623842700000e+02 5.30799836255762e-20
3.18704290400000e+02 4.96902057684553e-20
3.18784725200000e+02 4.71159060854673e-20
3.18865147300000e+02 4.53460268005395e-20
3.18945556500000e+02 4.44102736749780e-20
3.19025952900000e+02 4.43505513584576e-20
3.19106336500000e+02 4.51020684168799e-20
3.19186707300000e+02 4.64845129858905e-20
3.19267065200000e+02 4.82295497828428e-20
3.19347410300000e+02 5.00878215591962e-20
3.19427742600000e+02 5.18002658005502e-20
3.19508062000000e+02 5.32719896241249e-20
3.19588368600000e+02 5.42471885333082e-20
3.19668662300000e+02 5.44021784033517e-20
3.19748943100000e+02 5.36965221419217e-20
3.19829211100000e+02 5.21754225589847e-20
3.19909466300000e+02 5.00890210556433e-20
3.19989708500000e+02 4.77227210561739e-20
3.20069937900000e+02 4.51511831326575e-20
3.20150154400000e+02 4.26726243843454e-20
3.20230357900000e+02 4.05332051181203e-20
3.20310548600000e+02 3.87268290829029e-20
3.20390726400000e+02 3.74034187864516e-20
3.20470891300000e+02 3.66444746331623e-20
3.20551043300000e+02 3.63562006863642e-20
3.20631182400000e+02 3.64531055244172e-20
3.20711308600000e+02 3.67984037922334e-20
3.20791421800000e+02 3.71148634451299e-20
3.20871522100000e+02 3.71497462425866e-20
3.20951609500000e+02 3.67919098232301e-20
3.21031683900000e+02 3.60019935749304e-20
3.21111745400000e+02 3.48121458952549e-20
3.21191793900000e+02 3.31842961872395e-20
3.21271829500000e+02 3.11938669036608e-20
3.21351852200000e+02 2.91987800431370e-20
3.21431861800000e+02 2.74539462306812e-20
3.21511858500000e+02 2.60598391669178e-20
3.21591842200000e+02 2.50878068804924e-20
3.21671813000000e+02 2.45373206145898e-20
3.21751770800000e+02 2.43536312100137e-20
3.21831715500000e+02 2.44608789342698e-20
3.21911647300000e+02 2.47529869178548e-20
3.21991566100000e+02 2.51299158812160e-20
3.22071471900000e+02 2.55248614201043e-20
3.22151364700000e+02 2.59333118094973e-20
3.22231244500000e+02 2.63676652938363e-20
3.22311111200000e+02 2.67990796930736e-20
3.22390965000000e+02 2.70818964682185e-20
3.22470805700000e+02 2.70146351956459e-20
3.22550633300000e+02 2.66000136559216e-20
3.22630448000000e+02 2.58626787118969e-20
3.22710249600000e+02 2.47856191657446e-20
3.22790038100000e+02 2.33857089358168e-20
3.22869813600000e+02 2.16669943860019e-20
3.22949576000000e+02 1.98278354544516e-20
3.23029325400000e+02 1.81266936615026e-20
3.23109061700000e+02 1.66663339674689e-20
3.23188785000000e+02 1.54806159448874e-20
3.23268495200000e+02 1.45952318649993e-20
3.23348192200000e+02 1.39990999263857e-20
3.23427876200000e+02 1.36477479100113e-20
3.23507547200000e+02 1.35331157358966e-20
3.23587205000000e+02 1.36475080653196e-20
3.23666849700000e+02 1.39350464052560e-20
3.23746481300000e+02 1.43299831495256e-20
3.23826099800000e+02 1.47405606605480e-20
3.23905705200000e+02 1.50822599120444e-20
3.23985297500000e+02 1.52916633057608e-20
3.24064876600000e+02 1.53143811394314e-20
3.24144442600000e+02 1.51344358895432e-20
3.24223995500000e+02 1.47857277357888e-20
3.24303535200000e+02 1.43185775685039e-20
3.24383061800000e+02 1.37961085228056e-20
3.24462575300000e+02 1.32923681365237e-20
3.24542075600000e+02 1.28812121863088e-20
3.24621562700000e+02 1.26044550806205e-20
3.24701036600000e+02 1.24581792002500e-20
3.24780497400000e+02 1.24140272575145e-20
3.24859945100000e+02 1.24387483252866e-20
3.24939379500000e+02 1.24743410423934e-20
3.25018800800000e+02 1.24601778941060e-20
3.25098208800000e+02 1.23755668988433e-20
3.25177603700000e+02 1.22058308548649e-20
3.25256985400000e+02 1.19679115439584e-20
3.25336353900000e+02 1.16783756391430e-20
3.25415709100000e+02 1.13270296920444e-20
3.25495051200000e+02 1.09682778634372e-20
3.25574380000000e+02 1.06582987724868e-20
3.25653695700000e+02 1.03833661553214e-20
3.25732998000000e+02 1.01233636078668e-20
3.25812287200000e+02 9.85357529682140e-21
3.25891563100000e+02 9.55144664256560e-21
3.25970825800000e+02 9.22341581825514e-21
3.26050075200000e+02 8.85893732990224e-21
3.26129311400000e+02 8.45598153888369e-21
3.26208534300000e+02 8.03775906506160e-21
3.26287743900000e+02 7.62845362378416e-21
3.26366940300000e+02 7.25911603133582e-21
3.26446123400000e+02 6.95222702323120e-21
3.26525293300000e+02 6.70695461031510e-21
3.26604449800000e+02 6.53042833528574e-21
3.26683593100000e+02 6.43557556463478e-21
3.26762723100000e+02 6.42311106906557e-21
3.26841839800000e+02 6.49078519332063e-21
3.26920943100000e+02 6.62189966225687e-21
3.27000033200000e+02 6.78484480818041e-21
3.27079110000000e+02 6.95325288260296e-21
3.27158173400000e+02 7.07838969687902e-21
3.27237223500000e+02 7.13454436172915e-21
3.27316260300000e+02 7.14106217222777e-21
3.27395283800000e+02 7.09424301309286e-21
3.27474293900000e+02 7.00147528563364e-21
3.27553290700000e+02 6.87089803123970e-21
3.27632274200000e+02 6.71096003843248e-21
3.27711244300000e+02 6.56892313357356e-21
3.27790201000000e+02 6.45481562353259e-21
3.27869144400000e+02 6.34175547829966e-21
3.27948074400000e+02 6.24453427147745e-21
3.28026991000000e+02 6.21830876660898e-21
3.28105894300000e+02 6.24012677481852e-21
3.28184784200000e+02 6.24355783747761e-21
3.28263660700000e+02 6.24546079025477e-21
3.28342523800000e+02 6.24437873872935e-21
3.28421373500000e+02 6.21605566326592e-21
3.28500209800000e+02 6.18036272086026e-21
3.28579032700000e+02 6.16935581795179e-21
3.28657842200000e+02 6.26537302836793e-21
3.28736638300000e+02 6.38024710593699e-21
3.28815421000000e+02 6.42057705264261e-21
3.28894190200000e+02 6.42053520950496e-21
3.28972946000000e+02 6.34167990721756e-21
3.29051688400000e+02 6.22296559006800e-21
3.29130417400000e+02 6.07934990939266e-21
3.29209132900000e+02 5.99621952419515e-21
3.29287834900000e+02 5.84396940762446e-21
3.29366523500000e+02 5.72799387866528e-21
3.29445198600000e+02 5.36305946209234e-21
3.29523860300000e+02 4.24157305570683e-21
3.29602508500000e+02 0.00000000000000e+00
3.29681143200000e+02 0.00000000000000e+00
3.29759764500000e+02 0.00000000000000e+00
3.29838372300000e+02 0.00000000000000e+00
3.29916966600000e+02 0.00000000000000e+00
3.29995547300000e+02 0.00000000000000e+00
3.30074114600000e+02 0.00000000000000e+00
3.30152668400000e+02 0.00000000000000e+00
3.30231208700000e+02 0.00000000000000e+00
3.30309735500000e+02 0.00000000000000e+00
3.30388248700000e+02 0.00000000000000e+00
3.30466748400000e+02 0.00000000000000e+00
3.30545234600000e+02 0.00000000000000e+00
3.30623707300000e+02 0.00000000000000e+00
3.30702166400000e+02 0.00000000000000e+00
3.30780612000000e+02 0.00000000000000e+00
3.30859044100000e+02 0.00000000000000e+00
3.30937462500000e+02 0.00000000000000e+00
3.31015867500000e+02 0.00000000000000e+00
3.31094258800000e+02 0.00000000000000e+00
3.31172636600000e+02 0.00000000000000e+00
3.31251000900000e+02 0.00000000000000e+00
3.31329351500000e+02 0.00000000000000e+00
3.31407688600000e+02 0.00000000000000e+00
3.31486012100000e+02 0.00000000000000e+00
3.31564322000000e+02 0.00000000000000e+00
3.31642618300000e+02 0.00000000000000e+00
3.31720901000000e+02 0.00000000000000e+00
3.31799170100000e+02 0.00000000000000e+00
3.31877425600000e+02 0.00000000000000e+00
3.31955667400000e+02 0.00000000000000e+00
3.32033895700000e+02 0.00000000000000e+00
3.32112110300000e+02 0.00000000000000e+00
3.32190311300000e+02 0.00000000000000e+00
3.32268498600000e+02 0.00000000000000e+00
3.32346672400000e+02 0.00000000000000e+00
3.32424832400000e+02 0.00000000000000e+00
3.32502978800000e+02 0.00000000000000e+00
3.32581111600000e+02 0.00000000000000e+00
3.32659230700000e+02 0.00000000000000e+00
3.32737336100000e+02 0.00000000000000e+00
3.32815427900000e+02 0.00000000000000e+00
3.32893506000000e+02 0.00000000000000e+00
3.32971570400000e+02 0.00000000000000e+00
3.33049621100000e+02 0.00000000000000e+00
3.33127658200000e+02 0.00000000000000e+00
3.33205681500000e+02 0.00000000000000e+00
3.33283691200000e+02 0.00000000000000e+00
3.33361687100000e+02 0.00000000000000e+00
3.33439669400000e+02 0.00000000000000e+00
3.33517637900000e+02 0.00000000000000e+00
3.33595592700000e+02 0.00000000000000e+00
3.33673533700000e+02 0.00000000000000e+00
3.33751461100000e+02 0.00000000000000e+00
3.33829374700000e+02 0.00000000000000e+00
3.33907274600000e+02 0.00000000000000e+00
3.33985160700000e+02 0.00000000000000e+00
3.34063033100000e+02 0.00000000000000e+00
3.34140891700000e+02 0.00000000000000e+00
3.34218736600000e+02 0.00000000000000e+00
3.34296567700000e+02 0.00000000000000e+00
3.34374385100000e+02 0.00000000000000e+00
3.34452188600000e+02 0.00000000000000e+00
3.34529978400000e+02 0.00000000000000e+00
3.34607754400000e+02 0.00000000000000e+00
3.34685516600000e+02 0.00000000000000e+00
3.34763265100000e+02 0.00000000000000e+00
3.34840999700000e+02 0.00000000000000e+00
3.34918720500000e+02 0.00000000000000e+00
3.34996427600000e+02 0.00000000000000e+00
3.35074120800000e+02 0.00000000000000e+00
3.35151800200000e+02 0.00000000000000e+00
3.35229465700000e+02 0.00000000000000e+00
3.35307117500000e+02 0.00000000000000e+00
3.35384755400000e+02 0.00000000000000e+00
3.35462379400000e+02 0.00000000000000e+00
3.35539989700000e+02 0.00000000000000e+00
3.35617586100000e+02 0.00000000000000e+00
3.35695168600000e+02 0.00000000000000e+00
3.35772737300000e+02 0.00000000000000e+00
3.35850292100000e+02 0.00000000000000e+00
3.35927833000000e+02 0.00000000000000e+00
3.36005360100000e+02 0.00000000000000e+00
3.36082873300000e+02 0.00000000000000e+00
3.36160372600000e+02 0.00000000000000e+00
3.36237858100000e+02 0.00000000000000e+00
3.36315329600000e+02 0.00000000000000e+00
3.36392787300000e+02 0.00000000000000e+00
3.36470231000000e+02 0.00000000000000e+00
3.36547660900000e+02 0.00000000000000e+00
3.36625076800000e+02 0.00000000000000e+00
3.36702478800000e+02 0.00000000000000e+00
3.36779866900000e+02 0.00000000000000e+00
3.36857241100000e+02 0.00000000000000e+00
3.36934601300000e+02 0.00000000000000e+00
3.37011947700000e+02 0.00000000000000e+00
3.37089280000000e+02 0.00000000000000e+00
3.37166598400000e+02 0.00000000000000e+00
3.37243902900000e+02 0.00000000000000e+00
3.37321193400000e+02 0.00000000000000e+00
3.37398470000000e+02 0.00000000000000e+00
3.37475732600000e+02 0.00000000000000e+00
3.37552981200000e+02 0.00000000000000e+00
3.37630215900000e+02 0.00000000000000e+00
3.37707436500000e+02 0.00000000000000e+00
3.37784643200000e+02 0.00000000000000e+00
3.37861835900000e+02 0.00000000000000e+00
3.37939014600000e+02 0.00000000000000e+00
3.38016179400000e+02 0.00000000000000e+00
3.38093330100000e+02 0.00000000000000e+00
3.38170466800000e+02 0.00000000000000e+00
3.38247589400000e+02 0.00000000000000e+00
3.38324698100000e+02 0.00000000000000e+00
3.38401792700000e+02 0.00000000000000e+00
3.38478873300000e+02 0.00000000000000e+00
3.38555939900000e+02 0.00000000000000e+00
3.38632992500000e+02 0.00000000000000e+00
3.38710031000000e+02 0.00000000000000e+00
3.38787055400000e+02 0.00000000000000e+00
3.38864065800000e+02 0.00000000000000e+00
3.38941062200000e+02 0.00000000000000e+00
3.39018044400000e+02 0.00000000000000e+00
3.39095012600000e+02 0.00000000000000e+00
3.39171966800000e+02 0.00000000000000e+00
3.39248906800000e+02 0.00000000000000e+00
3.39325832800000e+02 0.00000000000000e+00
3.39402744700000e+02 0.00000000000000e+00
3.39479642500000e+02 0.00000000000000e+00
3.39556526200000e+02 0.00000000000000e+00
3.39633395800000e+02 0.00000000000000e+00
3.39710251300000e+02 0.00000000000000e+00
3.39787092700000e+02 0.00000000000000e+00
3.39863919900000e+02 0.00000000000000e+00
3.39940733100000e+02 0.00000000000000e+00
3.40017532100000e+02 0.00000000000000e+00
3.40094317000000e+02 0.00000000000000e+00
3.40171087700000e+02 0.00000000000000e+00
3.40247844400000e+02 0.00000000000000e+00
3.40324586800000e+02 0.00000000000000e+00
3.40401315100000e+02 0.00000000000000e+00
3.40478029300000e+02 0.00000000000000e+00
3.40554729300000e+02 0.00000000000000e+00
3.40631415100000e+02 0.00000000000000e+00
3.40708086800000e+02 0.00000000000000e+00
3.40784744200000e+02 0.00000000000000e+00
3.40861387500000e+02 0.00000000000000e+00
3.40938016700000e+02 0.00000000000000e+00
3.41014631600000e+02 0.00000000000000e+00
3.41091232300000e+02 0.00000000000000e+00
3.41167818900000e+02 0.00000000000000e+00
3.41244391200000e+02 0.00000000000000e+00
3.41320949300000e+02 0.00000000000000e+00
3.41397493200000e+02 0.00000000000000e+00
3.41474022900000e+02 0.00000000000000e+00
3.41550538300000e+02 0.00000000000000e+00
3.41627039600000e+02 0.00000000000000e+00
3.41703526600000e+02 0.00000000000000e+00
3.41779999300000e+02 0.00000000000000e+00
3.41856457800000e+02 0.00000000000000e+00
3.41932902100000e+02 0.00000000000000e+00
3.42009332100000e+02 0.00000000000000e+00
3.42085747800000e+02 0.00000000000000e+00
3.42162149300000e+02 0.00000000000000e+00
3.42238536500000e+02 0.00000000000000e+00
3.42314909500000e+02 0.00000000000000e+00
3.42391268200000e+02 0.00000000000000e+00
3.42467612500000e+02 0.00000000000000e+00
3.42543942600000e+02 0.00000000000000e+00
3.42620258400000e+02 0.00000000000000e+00
3.42696559900000e+02 0.00000000000000e+00
3.42772847100000e+02 0.00000000000000e+00
3.42849120000000e+02 0.00000000000000e+00
3.42925378600000e+02 0.00000000000000e+00
3.43001622800000e+02 0.00000000000000e+00
3.43077852800000e+02 0.00000000000000e+00
3.43154068400000e+02 0.00000000000000e+00
3.43230269700000e+02 0.00000000000000e+00
3.43306456600000e+02 0.00000000000000e+00
3.43382629200000e+02 0.00000000000000e+00
3.43458787400000e+02 0.00000000000000e+00
3.43534931300000e+02 0.00000000000000e+00
3.43611060900000e+02 0.00000000000000e+00
3.43687176000000e+02 0.00000000000000e+00
3.43763276900000e+02 0.00000000000000e+00
3.43839363300000e+02 0.00000000000000e+00
3.43915435400000e+02 0.00000000000000e+00
3.43991493000000e+02 0.00000000000000e+00
3.44067536300000e+02 0.00000000000000e+00
3.44143565200000e+02 0.00000000000000e+00
3.44219579700000e+02 0.00000000000000e+00
3.44295579800000e+02 0.00000000000000e+00
3.44371565500000e+02 0.00000000000000e+00
3.44447536800000e+02 0.00000000000000e+00
3.44523493700000e+02 0.00000000000000e+00
3.44599436100000e+02 0.00000000000000e+00
3.44675364200000e+02 0.00000000000000e+00
3.44751277700000e+02 0.00000000000000e+00
3.44827176900000e+02 0.00000000000000e+00
3.44903061600000e+02 0.00000000000000e+00
3.44978931900000e+02 0.00000000000000e+00
3.45054787700000e+02 0.00000000000000e+00
3.45130629100000e+02 0.00000000000000e+00
3.45206456000000e+02 0.00000000000000e+00
3.45282268400000e+02 0.00000000000000e+00
3.45358066400000e+02 0.00000000000000e+00
3.45433849900000e+02 0.00000000000000e+00
3.45509618900000e+02 0.00000000000000e+00
3.45585373400000e+02 0.00000000000000e+00
3.45661113500000e+02 0.00000000000000e+00
3.45736839000000e+02 0.00000000000000e+00
3.45812550000000e+02 0.00000000000000e+00
3.45888246600000e+02 0.00000000000000e+00
3.45963928600000e+02 0.00000000000000e+00
3.46039596100000e+02 0.00000000000000e+00
3.46115249100000e+02 0.00000000000000e+00
3.46190887600000e+02 0.00000000000000e+00
3.46266511500000e+02 0.00000000000000e+00
3.46342121000000e+02 0.00000000000000e+00
3.46417715800000e+02 0.00000000000000e+00
3.46493296200000e+02 0.00000000000000e+00
3.46568861900000e+02 0.00000000000000e+00
3.46644413200000e+02 0.00000000000000e+00
3.46719949800000e+02 0.00000000000000e+00
3.46795471900000e+02 0.00000000000000e+00
3.46870979500000e+02 0.00000000000000e+00
3.46946472400000e+02 0.00000000000000e+00
3.47021950800000e+02 0.00000000000000e+00
3.47097414600000e+02 0.00000000000000e+00
3.47172863800000e+02 0.00000000000000e+00
3.47248298400000e+02 0.00000000000000e+00
3.47323718500000e+02 0.00000000000000e+00
3.47399123900000e+02 0.00000000000000e+00
3.47474514700000e+02 0.00000000000000e+00
3.47549890900000e+02 0.00000000000000e+00
3.47625252500000e+02 0.00000000000000e+00
3.47700599400000e+02 0.00000000000000e+00
3.47775931800000e+02 0.00000000000000e+00
3.47851249500000e+02 0.00000000000000e+00
3.47926552500000e+02 0.00000000000000e+00
3.48001841000000e+02 0.00000000000000e+00
3.48077114700000e+02 0.00000000000000e+00
3.48152373900000e+02 0.00000000000000e+00
3.48227618300000e+02 0.00000000000000e+00
3.48302848100000e+02 0.00000000000000e+00
3.48378063300000e+02 0.00000000000000e+00
3.48453263700000e+02 0.00000000000000e+00
3.48528449500000e+02 0.00000000000000e+00
3.48603620600000e+02 0.00000000000000e+00
3.48678777100000e+02 0.00000000000000e+00
3.48753918800000e+02 0.00000000000000e+00
3.48829045800000e+02 0.00000000000000e+00
3.48904158200000e+02 0.00000000000000e+00
3.48979255800000e+02 0.00000000000000e+00
3.49054338700000e+02 0.00000000000000e+00
3.49129406900000e+02 0.00000000000000e+00
3.49204460400000e+02 0.00000000000000e+00
3.49279499200000e+02 0.00000000000000e+00
3.49354523200000e+02 0.00000000000000e+00
3.49429532500000e+02 0.00000000000000e+00
3.49504527100000e+02 0.00000000000000e+00
3.49579506900000e+02 0.00000000000000e+00
3.49654471900000e+02 0.00000000000000e+00
3.49729422200000e+02 0.00000000000000e+00
3.49804357800000e+02 0.00000000000000e+00
3.49879278500000e+02 0.00000000000000e+00
3.49954184500000e+02 0.00000000000000e+00
3.50029075800000e+02 0.00000000000000e+00
3.50103952200000e+02 0.00000000000000e+00
3.50178813900000e+02 0.00000000000000e+00
3.50253660800000e+02 0.00000000000000e+00
3.50328492900000e+02 0.00000000000000e+00
3.50403310200000e+02 0.00000000000000e+00
3.50478112700000e+02 0.00000000000000e+00
3.50552900300000e+02 0.00000000000000e+00
3.50627673200000e+02 0.00000000000000e+00
3.50702431200000e+02 0.00000000000000e+00
3.50777174500000e+02 0.00000000000000e+00
3.50851902800000e+02 0.00000000000000e+00
3.50926616400000e+02 0.00000000000000e+00
3.51001315100000e+02 0.00000000000000e+00
3.51075999000000e+02 0.00000000000000e+00
3.51150668000000e+02 0.00000000000000e+00
3.51225322200000e+02 0.00000000000000e+00
3.51299961500000e+02 0.00000000000000e+00
3.51374586000000e+02 0.00000000000000e+00
3.51449195600000e+02 0.00000000000000e+00
3.51523790300000e+02 0.00000000000000e+00
3.51598370100000e+02 0.00000000000000e+00
3.51672935100000e+02 0.00000000000000e+00
3.51747485100000e+02 0.00000000000000e+00
3.51822020300000e+02 0.00000000000000e+00
3.51896540600000e+02 0.00000000000000e+00
3.51971046000000e+02 0.00000000000000e+00
3.52045536400000e+02 0.00000000000000e+00
3.52120012000000e+02 0.00000000000000e+00
3.52194472600000e+02 0.00000000000000e+00
3.52268918300000e+02 0.00000000000000e+00
3.52343349100000e+02 0.00000000000000e+00
3.52417765000000e+02 0.00000000000000e+00
3.52492165900000e+02 0.00000000000000e+00
3.52566551900000e+02 0.00000000000000e+00
3.52640922900000e+02 0.00000000000000e+00
3.52715279000000e+02 0.00000000000000e+00
3.52789620100000e+02 0.00000000000000e+00
3.52863946300000e+02 0.00000000000000e+00
3.52938257500000e+02 0.00000000000000e+00
3.53012553700000e+02 0.00000000000000e+00
3.53086835000000e+02 0.00000000000000e+00
3.53161101300000e+02 0.00000000000000e+00
3.53235352500000e+02 0.00000000000000e+00
3.53309588800000e+02 0.00000000000000e+00
3.53383810100000e+02 0.00000000000000e+00
3.53458016400000e+02 0.00000000000000e+00
3.53532207700000e+02 0.00000000000000e+00
3.53606384000000e+02 0.00000000000000e+00
3.53680545300000e+02 0.00000000000000e+00
3.53754691500000e+02 0.00000000000000e+00
3.53828822800000e+02 0.00000000000000e+00
3.53902939000000e+02 0.00000000000000e+00
3.53977040100000e+02 0.00000000000000e+00
3.54051126200000e+02 0.00000000000000e+00
3.54125197300000e+02 0.00000000000000e+00
3.54199253300000e+02 0.00000000000000e+00
3.54273294300000e+02 0.00000000000000e+00
3.54347320200000e+02 0.00000000000000e+00
3.54421331100000e+02 0.00000000000000e+00
3.54495326900000e+02 0.00000000000000e+00
3.54569307600000e+02 0.00000000000000e+00
3.54643273200000e+02 0.00000000000000e+00
3.54717223700000e+02 0.00000000000000e+00
3.54791159200000e+02 0.00000000000000e+00
3.54865079600000e+02 0.00000000000000e+00
3.54938984800000e+02 0.00000000000000e+00
3.55012875000000e+02 0.00000000000000e+00
3.55086750000000e+02 0.00000000000000e+00
3.55160610000000e+02 0.00000000000000e+00
3.55234454800000e+02 0.00000000000000e+00
3.55308284500000e+02 0.00000000000000e+00
3.55382099100000e+02 0.00000000000000e+00
3.55455898500000e+02 0.00000000000000e+00
3.55529682800000e+02 0.00000000000000e+00
3.55603451900000e+02 0.00000000000000e+00
3.55677206000000e+02 0.00000000000000e+00
3.55750944800000e+02 0.00000000000000e+00
3.55824668500000e+02 0.00000000000000e+00
3.55898377000000e+02 0.00000000000000e+00
3.55972070400000e+02 0.00000000000000e+00
3.56045748600000e+02 0.00000000000000e+00
3.56119411600000e+02 0.00000000000000e+00
3.56193059500000e+02 0.00000000000000e+00
3.56266692100000e+02 0.00000000000000e+00
3.56340309600000e+02 0.00000000000000e+00
3.56413911800000e+02 0.00000000000000e+00
3.56487498900000e+02 0.00000000000000e+00
3.56561070700000e+02 0.00000000000000e+00
3.56634627400000e+02 0.00000000000000e+00
3.56708168800000e+02 0.00000000000000e+00
3.56781695000000e+02 0.00000000000000e+00
3.56855206000000e+02 0.00000000000000e+00
3.56928701700000e+02 0.00000000000000e+00
3.57002182300000e+02 0.00000000000000e+00
3.57075647500000e+02 0.00000000000000e+00
3.57149097500000e+02 0.00000000000000e+00
3.57222532300000e+02 0.00000000000000e+00
3.57295951800000e+02 0.00000000000000e+00
3.57369356100000e+02 0.00000000000000e+00
3.57442745100000e+02 0.00000000000000e+00
3.57516118800000e+02 0.00000000000000e+00
3.57589477300000e+02 0.00000000000000e+00
3.57662820400000e+02 0.00000000000000e+00
3.57736148300000e+02 0.00000000000000e+00
3.57809460900000e+02 0.00000000000000e+00
3.57882758200000e+02 0.00000000000000e+00
3.57956040200000e+02 0.00000000000000e+00
3.58029306900000e+02 0.00000000000000e+00
3.58102558300000e+02 0.00000000000000e+00
3.58175794300000e+02 0.00000000000000e+00
3.58249015100000e+02 0.00000000000000e+00
3.58322220500000e+02 0.00000000000000e+00
3.58395410600000e+02 0.00000000000000e+00
3.58468585400000e+02 0.00000000000000e+00
3.58541744800000e+02 0.00000000000000e+00
3.58614888800000e+02 0.00000000000000e+00
3.58688017600000e+02 0.00000000000000e+00
3.58761131000000e+02 0.00000000000000e+00
3.58834229000000e+02 0.00000000000000e+00
3.58907311600000e+02 0.00000000000000e+00
3.58980378900000e+02 0.00000000000000e+00
3.59053430800000e+02 0.00000000000000e+00
3.59126467300000e+02 0.00000000000000e+00
3.59199488500000e+02 0.00000000000000e+00
3.59272494200000e+02 0.00000000000000e+00
3.59345484600000e+02 0.00000000000000e+00
3.59418459600000e+02 0.00000000000000e+00
3.59491419100000e+02 0.00000000000000e+00
3.59564363300000e+02 0.00000000000000e+00
3.59637292100000e+02 0.00000000000000e+00
3.59710205400000e+02 0.00000000000000e+00
3.59783103300000e+02 0.00000000000000e+00
3.59855985800000e+02 0.00000000000000e+00
3.59928852800000e+02 0.00000000000000e+00
3.60001704400000e+02 0.00000000000000e+00
3.60074540600000e+02 0.00000000000000e+00
3.60147361300000e+02 0.00000000000000e+00
3.60220166600000e+02 0.00000000000000e+00
3.60292956400000e+02 0.00000000000000e+00
3.60365730700000e+02 0.00000000000000e+00
3.60438489600000e+02 0.00000000000000e+00
3.60511233000000e+02 0.00000000000000e+00
3.60583960900000e+02 0.00000000000000e+00
3.60656673400000e+02 0.00000000000000e+00
3.60729370400000e+02 0.00000000000000e+00
3.60802051800000e+02 0.00000000000000e+00
3.60874717800000e+02 0.00000000000000e+00
3.60947368300000e+02 0.00000000000000e+00
3.61020003300000e+02 0.00000000000000e+00
3.61092622700000e+02 0.00000000000000e+00
3.61165226700000e+02 0.00000000000000e+00
3.61237815100000e+02 0.00000000000000e+00
3.61310388000000e+02 0.00000000000000e+00
3.61382945300000e+02 0.00000000000000e+00
3.61455487200000e+02 0.00000000000000e+00
3.61528013500000e+02 0.00000000000000e+00
3.61600524200000e+02 0.00000000000000e+00
3.61673019400000e+02 0.00000000000000e+00
3.61745499000000e+02 0.00000000000000e+00
3.61817963100000e+02 0.00000000000000e+00
3.61890411600000e+02 0.00000000000000e+00
3.61962844600000e+02 0.00000000000000e+00
3.62035262000000e+02 0.00000000000000e+00
3.62107663700000e+02 0.00000000000000e+00
3.62180049900000e+02 0.00000000000000e+00
3.62252420600000e+02 0.00000000000000e+00
3.62324775600000e+02 0.00000000000000e+00
3.62397115000000e+02 0.00000000000000e+00
3.62469438800000e+02 0.00000000000000e+00
3.62541747000000e+02 0.00000000000000e+00
3.62614039600000e+02 0.00000000000000e+00
3.62686316600000e+02 0.00000000000000e+00
3.62758578000000e+02 0.00000000000000e+00
3.62830823700000e+02 0.00000000000000e+00
3.62903053800000e+02 0.00000000000000e+00
3.62975268200000e+02 0.00000000000000e+00
3.63047467000000e+02 0.00000000000000e+00
3.63119650200000e+02 0.00000000000000e+00
3.63191817700000e+02 0.00000000000000e+00
3.63263969500000e+02 0.00000000000000e+00
3.63336105700000e+02 0.00000000000000e+00
3.63408226200000e+02 0.00000000000000e+00
3.63480331100000e+02 0.00000000000000e+00
3.63552420300000e+02 0.00000000000000e+00
3.63624493700000e+02 0.00000000000000e+00
3.63696551500000e+02 0.00000000000000e+00
3.63768593600000e+02 0.00000000000000e+00
3.63840620000000e+02 0.00000000000000e+00
3.63912630700000e+02 0.00000000000000e+00
3.63984625700000e+02 0.00000000000000e+00
3.64056605000000e+02 0.00000000000000e+00
3.64128568600000e+02 0.00000000000000e+00
3.64200516400000e+02 0.00000000000000e+00
3.64272448500000e+02 0.00000000000000e+00
3.64344364900000e+02 0.00000000000000e+00
3.64416265600000e+02 0.00000000000000e+00
3.64488150500000e+02 0.00000000000000e+00
3.64560019600000e+02 0.00000000000000e+00
3.64631873000000e+02 0.00000000000000e+00
3.64703710700000e+02 0.00000000000000e+00
3.64775532600000e+02 0.00000000000000e+00
3.64847338700000e+02 0.00000000000000e+00
3.64919129100000e+02 0.00000000000000e+00
3.64990903600000e+02 0.00000000000000e+00
3.65062662400000e+02 0.00000000000000e+00
3.65134405500000e+02 0.00000000000000e+00
3.65206132700000e+02 0.00000000000000e+00
3.65277844100000e+02 0.00000000000000e+00
3.65349539700000e+02 0.00000000000000e+00
3.65421219500000e+02 0.00000000000000e+00
3.65492883500000e+02 0.00000000000000e+00
3.65564531700000e+02 0.00000000000000e+00
3.65636164100000e+02 0.00000000000000e+00
3.65707780700000e+02 0.00000000000000e+00
3.65779381400000e+02 0.00000000000000e+00
3.65850966200000e+02 0.00000000000000e+00
3.65922535300000e+02 0.00000000000000e+00
3.65994088500000e+02 0.00000000000000e+00
3.66065625800000e+02 0.00000000000000e+00
3.66137147300000e+02 0.00000000000000e+00
3.66208653000000e+02 0.00000000000000e+00
3.66280142700000e+02 0.00000000000000e+00
3.66351616600000e+02 0.00000000000000e+00
3.66423074600000e+02 0.00000000000000e+00
3.66494516800000e+02 0.00000000000000e+00
3.66565943100000e+02 0.00000000000000e+00
3.66637353400000e+02 0.00000000000000e+00
3.66708747900000e+02 0.00000000000000e+00
3.66780126500000e+02 0.00000000000000e+00
3.66851489200000e+02 0.00000000000000e+00
3.66922835900000e+02 0.00000000000000e+00
3.66994166800000e+02 0.00000000000000e+00
3.67065481700000e+02 0.00000000000000e+00
3.67136780700000e+02 0.00000000000000e+00
3.67208063800000e+02 0.00000000000000e+00
3.67279331000000e+02 0.00000000000000e+00
3.67350582200000e+02 0.00000000000000e+00
3.67421817400000e+02 0.00000000000000e+00
3.67493036800000e+02 0.00000000000000e+00
3.67564240100000e+02 0.00000000000000e+00
3.67635427500000e+02 0.00000000000000e+00
3.67706599000000e+02 0.00000000000000e+00
3.67777754500000e+02 0.00000000000000e+00
3.67848894000000e+02 0.00000000000000e+00
3.67920017500000e+02 0.00000000000000e+00
3.67991125100000e+02 0.00000000000000e+00
3.68062216600000e+02 0.00000000000000e+00
3.68133292200000e+02 0.00000000000000e+00
3.68204351800000e+02 0.00000000000000e+00
3.68275395300000e+02 0.00000000000000e+00
3.68346422900000e+02 0.00000000000000e+00
3.68417434400000e+02 0.00000000000000e+00
3.68488430000000e+02 0.00000000000000e+00
3.68559409500000e+02 0.00000000000000e+00
3.68630373000000e+02 0.00000000000000e+00
3.68701320400000e+02 0.00000000000000e+00
3.68772251900000e+02 0.00000000000000e+00
3.68843167200000e+02 0.00000000000000e+00
3.68914066600000e+02 0.00000000000000e+00
3.68984949800000e+02 0.00000000000000e+00
3.69055817100000e+02 0.00000000000000e+00
3.69126668200000e+02 0.00000000000000e+00
3.69197503300000e+02 0.00000000000000e+00
3.69268322400000e+02 0.00000000000000e+00
3.69339125300000e+02 0.00000000000000e+00
3.69409912200000e+02 0.00000000000000e+00
3.69480683000000e+02 0.00000000000000e+00
3.69551437700000e+02 0.00000000000000e+00
3.69622176300000e+02 0.00000000000000e+00
3.69692898800000e+02 0.00000000000000e+00
3.69763605200000e+02 0.00000000000000e+00
3.69834295400000e+02 0.00000000000000e+00
3.69904969600000e+02 0.00000000000000e+00
3.69975627700000e+02 0.00000000000000e+00
3.70046269600000e+02 0.00000000000000e+00
3.70116895400000e+02 0.00000000000000e+00
3.70187505100000e+02 0.00000000000000e+00
3.70258098600000e+02 0.00000000000000e+00
3.70328676000000e+02 0.00000000000000e+00
3.70399237200000e+02 0.00000000000000e+00
3.70469782300000e+02 0.00000000000000e+00
3.70540311200000e+02 0.00000000000000e+00
3.70610823900000e+02 0.00000000000000e+00
3.70681320500000e+02 0.00000000000000e+00
3.70751800900000e+02 0.00000000000000e+00
3.70822265200000e+02 0.00000000000000e+00
3.70892713200000e+02 0.00000000000000e+00
3.70963145100000e+02 0.00000000000000e+00
3.71033560700000e+02 0.00000000000000e+00
3.71103960200000e+02 0.00000000000000e+00
3.71174343500000e+02 0.00000000000000e+00
3.71244710500000e+02 0.00000000000000e+00
3.71315061400000e+02 0.00000000000000e+00
3.71385396000000e+02 0.00000000000000e+00
3.71455714400000e+02 0.00000000000000e+00
3.71526016600000e+02 0.00000000000000e+00
3.71596302500000e+02 0.00000000000000e+00
3.71666572200000e+02 0.00000000000000e+00
3.71736825700000e+02 0.00000000000000e+00
3.71807062900000e+02 0.00000000000000e+00
3.71877283800000e+02 0.00000000000000e+00
3.71947488500000e+02 0.00000000000000e+00
3.72017677000000e+02 0.00000000000000e+00
3.72087849200000e+02 0.00000000000000e+00
3.72158005100000e+02 0.00000000000000e+00
3.72228144700000e+02 0.00000000000000e+00
3.72298268000000e+02 0.00000000000000e+00
3.72368375100000e+02 0.00000000000000e+00
3.72438465900000e+02 0.00000000000000e+00
3.72508540300000e+02 0.00000000000000e+00
3.72578598500000e+02 0.00000000000000e+00
3.72648640400000e+02 0.00000000000000e+00
3.72718665900000e+02 0.00000000000000e+00
3.72788675200000e+02 0.00000000000000e+00
3.72858668100000e+02 0.00000000000000e+00
3.72928644700000e+02 0.00000000000000e+00
3.72998604900000e+02 0.00000000000000e+00
3.73068548800000e+02 0.00000000000000e+00
3.73138476400000e+02 0.00000000000000e+00
3.73208387600000e+02 0.00000000000000e+00
3.73278282500000e+02 0.00000000000000e+00
3.73348161100000e+02 0.00000000000000e+00
3.73418023200000e+02 0.00000000000000e+00
3.73487869000000e+02 0.00000000000000e+00
3.73557698500000e+02 0.00000000000000e+00
3.73627511500000e+02 0.00000000000000e+00
3.73697308200000e+02 0.00000000000000e+00
3.73767088500000e+02 0.00000000000000e+00
3.73836852400000e+02 0.00000000000000e+00
3.73906599900000e+02 0.00000000000000e+00
3.73976331000000e+02 0.00000000000000e+00
3.74046045700000e+02 0.00000000000000e+00
3.74115744000000e+02 0.00000000000000e+00
3.74185425900000e+02 0.00000000000000e+00
3.74255091400000e+02 0.00000000000000e+00
3.74324740400000e+02 0.00000000000000e+00
3.74394373000000e+02 0.00000000000000e+00
3.74463989200000e+02 0.00000000000000e+00
3.74533588900000e+02 0.00000000000000e+00
3.74603172200000e+02 0.00000000000000e+00
3.74672739100000e+02 0.00000000000000e+00
3.74742289400000e+02 0.00000000000000e+00
3.74811823400000e+02 0.00000000000000e+00
3.74881340800000e+02 0.00000000000000e+00
3.74950841800000e+02 0.00000000000000e+00
3.75020326400000e+02 0.00000000000000e+00
3.75089794400000e+02 0.00000000000000e+00
3.75159246000000e+02 0.00000000000000e+00
3.75228681100000e+02 0.00000000000000e+00
3.75298099600000e+02 0.00000000000000e+00
3.75367501700000e+02 0.00000000000000e+00
3.75436887300000e+02 0.00000000000000e+00
3.75506256400000e+02 0.00000000000000e+00
3.75575609000000e+02 0.00000000000000e+00
3.75644945000000e+02 0.00000000000000e+00
3.75714264500000e+02 0.00000000000000e+00
3.75783567500000e+02 0.00000000000000e+00
3.75852854000000e+02 0.00000000000000e+00
3.75922123900000e+02 0.00000000000000e+00
3.75991377300000e+02 0.00000000000000e+00
3.76060614100000e+02 0.00000000000000e+00
3.76129834400000e+02 0.00000000000000e+00
3.76199038100000e+02 0.00000000000000e+00
3.76268225300000e+02 0.00000000000000e+00
3.76337395900000e+02 0.00000000000000e+00
3.76406549900000e+02 0.00000000000000e+00
3.76475687400000e+02 0.00000000000000e+00
3.76544808300000e+02 0.00000000000000e+00
3.76613912600000e+02 0.00000000000000e+00
3.76683000300000e+02 0.00000000000000e+00
3.76752071400000e+02 0.00000000000000e+00
3.76821125800000e+02 0.00000000000000e+00
3.76890163700000e+02 0.00000000000000e+00
3.76959185000000e+02 0.00000000000000e+00
3.77028189700000e+02 0.00000000000000e+00
3.77097177700000e+02 0.00000000000000e+00
3.77166149200000e+02 0.00000000000000e+00
3.77235103900000e+02 0.00000000000000e+00
3.77304042100000e+02 0.00000000000000e+00
3.77372963600000e+02 0.00000000000000e+00
3.77441868500000e+02 0.00000000000000e+00
3.77510756700000e+02 0.00000000000000e+00
3.77579628300000e+02 0.00000000000000e+00
3.77648483200000e+02 0.00000000000000e+00
3.77717321400000e+02 0.00000000000000e+00
3.77786143000000e+02 0.00000000000000e+00
3.77854947900000e+02 0.00000000000000e+00
3.77923736100000e+02 0.00000000000000e+00
3.77992507600000e+02 0.00000000000000e+00
3.78061262500000e+02 0.00000000000000e+00
3.78130000600000e+02 0.00000000000000e+00
3.78198722100000e+02 0.00000000000000e+00
3.78267426800000e+02 0.00000000000000e+00
3.78336114800000e+02 0.00000000000000e+00
3.78404786200000e+02 0.00000000000000e+00
3.78473440800000e+02 0.00000000000000e+00
3.78542078600000e+02 0.00000000000000e+00
3.78610699800000e+02 0.00000000000000e+00
3.78679304200000e+02 0.00000000000000e+00
3.78747891900000e+02 0.00000000000000e+00
3.78816462800000e+02 0.00000000000000e+00
3.78885017000000e+02 0.00000000000000e+00
3.78953554400000e+02 0.00000000000000e+00
3.79022075100000e+02 0.00000000000000e+00
3.79090579000000e+02 0.00000000000000e+00
3.79159066200000e+02 0.00000000000000e+00
3.79227536600000e+02 0.00000000000000e+00
3.79295990200000e+02 0.00000000000000e+00
3.79364427000000e+02 0.00000000000000e+00
3.79432847000000e+02 0.00000000000000e+00
3.79501250200000e+02 0.00000000000000e+00
3.79569636700000e+02 0.00000000000000e+00
3.79638006300000e+02 0.00000000000000e+00
3.79706359100000e+02 0.00000000000000e+00
3.79774695100000e+02 0.00000000000000e+00
3.79843014300000e+02 0.00000000000000e+00
3.79911316700000e+02 0.00000000000000e+00
3.79979602300000e+02 0.00000000000000e+00
3.80047871000000e+02 0.00000000000000e+00
3.80116122900000e+02 0.00000000000000e+00
3.80184357900000e+02 0.00000000000000e+00
3.80252576100000e+02 0.00000000000000e+00
3.80320777400000e+02 0.00000000000000e+00
3.80388961900000e+02 0.00000000000000e+00
3.80457129500000e+02 0.00000000000000e+00
3.80525280300000e+02 0.00000000000000e+00
3.80593414200000e+02 0.00000000000000e+00
3.80661531200000e+02 0.00000000000000e+00
3.80729631300000e+02 0.00000000000000e+00
3.80797714600000e+02 0.00000000000000e+00
3.80865780900000e+02 0.00000000000000e+00
3.80933830400000e+02 0.00000000000000e+00
3.81001862900000e+02 0.00000000000000e+00
3.81069878600000e+02 0.00000000000000e+00
3.81137877300000e+02 0.00000000000000e+00
3.81205859200000e+02 0.00000000000000e+00
3.81273824100000e+02 0.00000000000000e+00
3.81341772100000e+02 0.00000000000000e+00
3.81409703100000e+02 0.00000000000000e+00
3.81477617200000e+02 0.00000000000000e+00
3.81545514400000e+02 0.00000000000000e+00
3.81613394600000e+02 0.00000000000000e+00
3.81681257900000e+02 0.00000000000000e+00
3.81749104300000e+02 0.00000000000000e+00
3.81816933600000e+02 0.00000000000000e+00
3.81884746000000e+02 0.00000000000000e+00
3.81952541500000e+02 0.00000000000000e+00
3.82020319900000e+02 0.00000000000000e+00
3.82088081400000e+02 0.00000000000000e+00
3.82155825900000e+02 0.00000000000000e+00
3.82223553400000e+02 0.00000000000000e+00
3.82291263900000e+02 0.00000000000000e+00
3.82358957500000e+02 0.00000000000000e+00
3.82426634000000e+02 0.00000000000000e+00
3.82494293500000e+02 0.00000000000000e+00
3.82561936000000e+02 0.00000000000000e+00
3.82629561500000e+02 0.00000000000000e+00
3.82697169900000e+02 0.00000000000000e+00
3.82764761300000e+02 0.00000000000000e+00
3.82832335700000e+02 0.00000000000000e+00
3.82899893100000e+02 0.00000000000000e+00
3.82967433400000e+02 0.00000000000000e+00
3.83034956600000e+02 0.00000000000000e+00
3.83102462900000e+02 0.00000000000000e+00
3.83169952000000e+02 0.00000000000000e+00
3.83237424100000e+02 0.00000000000000e+00
3.83304879100000e+02 0.00000000000000e+00
3.83372317100000e+02 0.00000000000000e+00
3.83439738000000e+02 0.00000000000000e+00
3.83507141700000e+02 0.00000000000000e+00
3.83574528400000e+02 0.00000000000000e+00
3.83641898100000e+02 0.00000000000000e+00
3.83709250600000e+02 0.00000000000000e+00
3.83776586000000e+02 0.00000000000000e+00
3.83843904300000e+02 0.00000000000000e+00
3.83911205500000e+02 0.00000000000000e+00
3.83978489600000e+02 0.00000000000000e+00
3.84045756500000e+02 0.00000000000000e+00
3.84113006400000e+02 0.00000000000000e+00
3.84180239100000e+02 0.00000000000000e+00
3.84247454600000e+02 0.00000000000000e+00
3.84314653100000e+02 0.00000000000000e+00
3.84381834300000e+02 0.00000000000000e+00
3.84448998500000e+02 0.00000000000000e+00
3.84516145400000e+02 0.00000000000000e+00
3.84583275200000e+02 0.00000000000000e+00
3.84650387900000e+02 0.00000000000000e+00
3.84717483400000e+02 0.00000000000000e+00
3.84784561700000e+02 0.00000000000000e+00
3.84851622800000e+02 0.00000000000000e+00
3.84918666700000e+02 0.00000000000000e+00
3.84985693500000e+02 0.00000000000000e+00
3.85052703000000e+02 0.00000000000000e+00
3.85119695400000e+02 0.00000000000000e+00
3.85186670500000e+02 0.00000000000000e+00
3.85253628400000e+02 0.00000000000000e+00
3.85320569200000e+02 0.00000000000000e+00
3.85387492700000e+02 0.00000000000000e+00
3.85454398900000e+02 0.00000000000000e+00
3.85521288000000e+02 0.00000000000000e+00
3.85588159800000e+02 0.00000000000000e+00
3.85655014400000e+02 0.00000000000000e+00
3.85721851700000e+02 0.00000000000000e+00
3.85788671800000e+02 0.00000000000000e+00
3.85855474600000e+02 0.00000000000000e+00
3.85922260200000e+02 0.00000000000000e+00
3.85989028500000e+02 0.00000000000000e+00
3.86055779500000e+02 0.00000000000000e+00
3.86122513300000e+02 0.00000000000000e+00
3.86189229800000e+02 0.00000000000000e+00
3.86255929000000e+02 0.00000000000000e+00
3.86322610900000e+02 0.00000000000000e+00
3.86389275500000e+02 0.00000000000000e+00
3.86455922800000e+02 0.00000000000000e+00
3.86522552800000e+02 0.00000000000000e+00
3.86589165500000e+02 0.00000000000000e+00
3.86655760900000e+02 0.00000000000000e+00
3.86722339000000e+02 0.00000000000000e+00
3.86788899800000e+02 0.00000000000000e+00
3.86855443200000e+02 0.00000000000000e+00
3.86921969300000e+02 0.00000000000000e+00
3.86988478100000e+02 0.00000000000000e+00
3.87054969500000e+02 0.00000000000000e+00
3.87121443500000e+02 0.00000000000000e+00
3.87187900300000e+02 0.00000000000000e+00
3.87254339600000e+02 0.00000000000000e+00
3.87320761600000e+02 0.00000000000000e+00
3.87387166200000e+02 0.00000000000000e+00
3.87453553500000e+02 0.00000000000000e+00
3.87519923400000e+02 0.00000000000000e+00
3.87586275900000e+02 0.00000000000000e+00
3.87652611000000e+02 0.00000000000000e+00
3.87718928700000e+02 0.00000000000000e+00
3.87785229100000e+02 0.00000000000000e+00
3.87851512000000e+02 0.00000000000000e+00
3.87917777500000e+02 0.00000000000000e+00
3.87984025600000e+02 0.00000000000000e+00
3.88050256300000e+02 0.00000000000000e+00
3.88116469600000e+02 0.00000000000000e+00
3.88182665400000e+02 0.00000000000000e+00
3.88248843800000e+02 0.00000000000000e+00
3.88315004800000e+02 0.00000000000000e+00
3.88381148400000e+02 0.00000000000000e+00
3.88447274500000e+02 0.00000000000000e+00
3.88513383100000e+02 0.00000000000000e+00
3.88579474300000e+02 0.00000000000000e+00
3.88645548000000e+02 0.00000000000000e+00
3.88711604300000e+02 0.00000000000000e+00
3.88777643100000e+02 0.00000000000000e+00
3.88843664400000e+02 0.00000000000000e+00
3.88909668200000e+02 0.00000000000000e+00
3.88975654600000e+02 0.00000000000000e+00
3.89041623500000e+02 0.00000000000000e+00
3.89107574800000e+02 0.00000000000000e+00
3.89173508700000e+02 0.00000000000000e+00
3.89239425100000e+02 0.00000000000000e+00
3.89305323900000e+02 0.00000000000000e+00
3.89371205300000e+02 0.00000000000000e+00
3.89437069100000e+02 0.00000000000000e+00
3.89502915400000e+02 0.00000000000000e+00
3.89568744200000e+02 0.00000000000000e+00
3.89634555400000e+02 0.00000000000000e+00
3.89700349100000e+02 0.00000000000000e+00
3.89766125300000e+02 0.00000000000000e+00
3.89831883900000e+02 0.00000000000000e+00
3.89897624900000e+02 0.00000000000000e+00
3.89963348400000e+02 0.00000000000000e+00
3.90029054300000e+02 0.00000000000000e+00
3.90094742700000e+02 0.00000000000000e+00
3.90160413500000e+02 0.00000000000000e+00
3.90226066700000e+02 0.00000000000000e+00
3.90291702300000e+02 0.00000000000000e+00
3.90357320400000e+02 0.00000000000000e+00
3.90422920800000e+02 0.00000000000000e+00
3.90488503700000e+02 0.00000000000000e+00
3.90554068900000e+02 0.00000000000000e+00
3.90619616600000e+02 0.00000000000000e+00
3.90685146600000e+02 0.00000000000000e+00
3.90750659000000e+02 0.00000000000000e+00
3.90816153800000e+02 0.00000000000000e+00
3.90881631000000e+02 0.00000000000000e+00
3.90947090500000e+02 0.00000000000000e+00
3.91012532400000e+02 0.00000000000000e+00
3.91077956700000e+02 0.00000000000000e+00
3.91143363300000e+02 0.00000000000000e+00
3.91208752200000e+02 0.00000000000000e+00
3.91274123500000e+02 0.00000000000000e+00
3.91339477200000e+02 0.00000000000000e+00
3.91404813100000e+02 0.00000000000000e+00
3.91470131400000e+02 0.00000000000000e+00
3.91535432100000e+02 0.00000000000000e+00
3.91600715000000e+02 0.00000000000000e+00
3.91665980200000e+02 0.00000000000000e+00
3.91731227800000e+02 0.00000000000000e+00
3.91796457700000e+02 0.00000000000000e+00
3.91861669900000e+02 0.00000000000000e+00
3.91926864300000e+02 0.00000000000000e+00
3.91992041100000e+02 0.00000000000000e+00
3.92057200100000e+02 0.00000000000000e+00
3.92122341400000e+02 0.00000000000000e+00
3.92187465000000e+02 0.00000000000000e+00
3.92252570900000e+02 0.00000000000000e+00
3.92317659000000e+02 0.00000000000000e+00
3.92382729400000e+02 0.00000000000000e+00
3.92447782000000e+02 0.00000000000000e+00
3.92512816900000e+02 0.00000000000000e+00
3.92577834100000e+02 0.00000000000000e+00
3.92642833400000e+02 0.00000000000000e+00
3.92707815100000e+02 0.00000000000000e+00
3.92772778900000e+02 0.00000000000000e+00
3.92837725000000e+02 0.00000000000000e+00
3.92902653300000e+02 0.00000000000000e+00
3.92967563800000e+02 0.00000000000000e+00
3.93032456500000e+02 0.00000000000000e+00
3.93097331400000e+02 0.00000000000000e+00
3.93162188500000e+02 0.00000000000000e+00
3.93227027800000e+02 0.00000000000000e+00
3.93291849400000e+02 0.00000000000000e+00
3.93356653100000e+02 0.00000000000000e+00
3.93421438900000e+02 0.00000000000000e+00
3.93486207000000e+02 0.00000000000000e+00
3.93550957200000e+02 0.00000000000000e+00
3.93615689600000e+02 0.00000000000000e+00
3.93680404200000e+02 0.00000000000000e+00
3.93745100900000e+02 0.00000000000000e+00
3.93809779700000e+02 0.00000000000000e+00
3.93874440800000e+02 0.00000000000000e+00
3.93939083900000e+02 0.00000000000000e+00
3.94003709200000e+02 0.00000000000000e+00
3.94068316600000e+02 0.00000000000000e+00
3.94132906200000e+02 0.00000000000000e+00
3.94197477900000e+02 0.00000000000000e+00
3.94262031600000e+02 0.00000000000000e+00
3.94326567600000e+02 0.00000000000000e+00
3.94391085600000e+02 0.00000000000000e+00
3.94455585700000e+02 0.00000000000000e+00
3.94520067900000e+02 0.00000000000000e+00
3.94584532200000e+02 0.00000000000000e+00
3.94648978600000e+02 0.00000000000000e+00
3.94713407100000e+02 0.00000000000000e+00
3.94777817600000e+02 0.00000000000000e+00
3.94842210300000e+02 0.00000000000000e+00
3.94906585000000e+02 0.00000000000000e+00
3.94970941700000e+02 0.00000000000000e+00
3.95035280500000e+02 0.00000000000000e+00
3.95099601400000e+02 0.00000000000000e+00
3.95163904300000e+02 0.00000000000000e+00
3.95228189300000e+02 0.00000000000000e+00
3.95292456300000e+02 0.00000000000000e+00
3.95356705400000e+02 0.00000000000000e+00
3.95420936400000e+02 0.00000000000000e+00
3.95485149500000e+02 0.00000000000000e+00
3.95549344600000e+02 0.00000000000000e+00
3.95613521800000e+02 0.00000000000000e+00
3.95677680900000e+02 0.00000000000000e+00
3.95741822000000e+02 0.00000000000000e+00
3.95805945200000e+02 0.00000000000000e+00
3.95870050300000e+02 0.00000000000000e+00
3.95934137400000e+02 0.00000000000000e+00
3.95998206600000e+02 0.00000000000000e+00
3.96062257700000e+02 0.00000000000000e+00
3.96126290700000e+02 0.00000000000000e+00
3.96190305800000e+02 0.00000000000000e+00
3.96254302800000e+02 0.00000000000000e+00
3.96318281700000e+02 0.00000000000000e+00
3.96382242600000e+02 0.00000000000000e+00
3.96446185500000e+02 0.00000000000000e+00
3.96510110300000e+02 0.00000000000000e+00
3.96574017100000e+02 0.00000000000000e+00
3.96637905800000e+02 0.00000000000000e+00
3.96701776400000e+02 0.00000000000000e+00
3.96765629000000e+02 0.00000000000000e+00
3.96829463400000e+02 0.00000000000000e+00
3.96893279800000e+02 0.00000000000000e+00
3.96957078100000e+02 0.00000000000000e+00
3.97020858300000e+02 0.00000000000000e+00
3.97084620400000e+02 0.00000000000000e+00
3.97148364400000e+02 0.00000000000000e+00
3.97212090300000e+02 0.00000000000000e+00
3.97275798100000e+02 0.00000000000000e+00
3.97339487800000e+02 0.00000000000000e+00
3.97403159300000e+02 0.00000000000000e+00
3.97466812700000e+02 0.00000000000000e+00
3.97530448000000e+02 0.00000000000000e+00
3.97594065200000e+02 0.00000000000000e+00
3.97657664200000e+02 0.00000000000000e+00
3.97721245000000e+02 0.00000000000000e+00
3.97784807700000e+02 0.00000000000000e+00
3.97848352300000e+02 0.00000000000000e+00
3.97911878600000e+02 0.00000000000000e+00
3.97975386900000e+02 0.00000000000000e+00
3.98038876900000e+02 0.00000000000000e+00
3.98102348800000e+02 0.00000000000000e+00
3.98165802500000e+02 0.00000000000000e+00
3.98229238000000e+02 0.00000000000000e+00
3.98292655300000e+02 0.00000000000000e+00
3.98356054400000e+02 0.00000000000000e+00
3.98419435300000e+02 0.00000000000000e+00
3.98482798000000e+02 0.00000000000000e+00
3.98546142500000e+02 0.00000000000000e+00
3.98609468700000e+02 0.00000000000000e+00
3.98672776800000e+02 0.00000000000000e+00
3.98736066600000e+02 0.00000000000000e+00
3.98799338200000e+02 0.00000000000000e+00
3.98862591600000e+02 0.00000000000000e+00
3.98925826700000e+02 0.00000000000000e+00
3.98989043600000e+02 0.00000000000000e+00
3.99052242200000e+02 0.00000000000000e+00
3.99115422600000e+02 0.00000000000000e+00
3.99178584700000e+02 0.00000000000000e+00
3.99241728500000e+02 0.00000000000000e+00
3.99304854100000e+02 0.00000000000000e+00
3.99367961400000e+02 0.00000000000000e+00
3.99431050400000e+02 0.00000000000000e+00
3.99494121100000e+02 0.00000000000000e+00
3.99557173600000e+02 0.00000000000000e+00
3.99620207700000e+02 0.00000000000000e+00
3.99683223600000e+02 0.00000000000000e+00
3.99746221100000e+02 0.00000000000000e+00
3.99809200300000e+02 0.00000000000000e+00
3.99872161200000e+02 0.00000000000000e+00
3.99935103800000e+02 0.00000000000000e+00
3.99998028100000e+02 0.00000000000000e+00
4.00060934100000e+02 0.00000000000000e+00
4.00123821700000e+02 0.00000000000000e+00
4.00186691000000e+02 0.00000000000000e+00
4.00249541900000e+02 0.00000000000000e+00
4.00312374500000e+02 0.00000000000000e+00
4.00375188700000e+02 0.00000000000000e+00
4.00437984600000e+02 0.00000000000000e+00
4.00500762100000e+02 0.00000000000000e+00
4.00563521200000e+02 0.00000000000000e+00
4.00626262000000e+02 0.00000000000000e+00
4.00688984300000e+02 0.00000000000000e+00
4.00751688300000e+02 0.00000000000000e+00
4.00814374000000e+02 0.00000000000000e+00
4.00877041200000e+02 0.00000000000000e+00
4.00939690000000e+02 0.00000000000000e+00
4.01002320400000e+02 0.00000000000000e+00
4.01064932400000e+02 0.00000000000000e+00
4.01127526000000e+02 0.00000000000000e+00
4.01190101200000e+02 0.00000000000000e+00
4.01252658000000e+02 0.00000000000000e+00
4.01315196300000e+02 0.00000000000000e+00
4.01377716200000e+02 0.00000000000000e+00
4.01440217700000e+02 0.00000000000000e+00
4.01502700700000e+02 0.00000000000000e+00
4.01565165300000e+02 0.00000000000000e+00
4.01627611400000e+02 0.00000000000000e+00
4.01690039000000e+02 0.00000000000000e+00
4.01752448200000e+02 0.00000000000000e+00
4.01814839000000e+02 0.00000000000000e+00
4.01877211200000e+02 0.00000000000000e+00
4.01939565000000e+02 0.00000000000000e+00
4.02001900300000e+02 0.00000000000000e+00
4.02064217200000e+02 0.00000000000000e+00
4.02126515500000e+02 0.00000000000000e+00
4.02188795300000e+02 0.00000000000000e+00
4.02251056700000e+02 0.00000000000000e+00
4.02313299500000e+02 0.00000000000000e+00
4.02375523800000e+02 0.00000000000000e+00
4.02437729600000e+02 0.00000000000000e+00
4.02499916900000e+02 0.00000000000000e+00
4.02562085600000e+02 0.00000000000000e+00
4.02624235900000e+02 0.00000000000000e+00
4.02686367600000e+02 0.00000000000000e+00
4.02748480700000e+02 0.00000000000000e+00
4.02810575300000e+02 0.00000000000000e+00
4.02872651400000e+02 0.00000000000000e+00
4.02934708900000e+02 0.00000000000000e+00
4.02996747800000e+02 0.00000000000000e+00
4.03058768200000e+02 0.00000000000000e+00
4.03120770000000e+02 0.00000000000000e+00
4.03182753200000e+02 0.00000000000000e+00
4.03244717800000e+02 0.00000000000000e+00
4.03306663900000e+02 0.00000000000000e+00
4.03368591400000e+02 0.00000000000000e+00
4.03430500300000e+02 0.00000000000000e+00
4.03492390600000e+02 0.00000000000000e+00
4.03554262200000e+02 0.00000000000000e+00
4.03616115300000e+02 0.00000000000000e+00
4.03677949800000e+02 0.00000000000000e+00
4.03739765600000e+02 0.00000000000000e+00
4.03801562800000e+02 0.00000000000000e+00
4.03863341400000e+02 0.00000000000000e+00
4.03925101300000e+02 0.00000000000000e+00
4.03986842600000e+02 0.00000000000000e+00
4.04048565300000e+02 0.00000000000000e+00
4.04110269300000e+02 0.00000000000000e+00
4.04171954700000e+02 0.00000000000000e+00
4.04233621400000e+02 0.00000000000000e+00
4.04295269500000e+02 0.00000000000000e+00
4.04356898800000e+02 0.00000000000000e+00
4.04418509500000e+02 0.00000000000000e+00
4.04480101600000e+02 0.00000000000000e+00
4.04541674900000e+02 0.00000000000000e+00
4.04603229600000e+02 0.00000000000000e+00
4.04664765500000e+02 0.00000000000000e+00
4.04726282800000e+02 0.00000000000000e+00
4.04787781400000e+02 0.00000000000000e+00
4.04849261200000e+02 0.00000000000000e+00
4.04910722400000e+02 0.00000000000000e+00
4.04972164800000e+02 0.00000000000000e+00
4.05033588500000e+02 0.00000000000000e+00
4.05094993500000e+02 0.00000000000000e+00
4.05156379700000e+02 0.00000000000000e+00
4.05217747300000e+02 0.00000000000000e+00
4.05279096000000e+02 0.00000000000000e+00
4.05340426000000e+02 0.00000000000000e+00
4.05401737300000e+02 0.00000000000000e+00
4.05463029800000e+02 0.00000000000000e+00
4.05524303600000e+02 0.00000000000000e+00
4.05585558600000e+02 0.00000000000000e+00
4.05646794800000e+02 0.00000000000000e+00
4.05708012200000e+02 0.00000000000000e+00
4.05769210900000e+02 0.00000000000000e+00
4.05830390800000e+02 0.00000000000000e+00
4.05891551900000e+02 0.00000000000000e+00
4.05952694100000e+02 0.00000000000000e+00
4.06013817600000e+02 0.00000000000000e+00
4.06074922300000e+02 0.00000000000000e+00
4.06136008200000e+02 0.00000000000000e+00
4.06197075300000e+02 0.00000000000000e+00
4.06258123500000e+02 0.00000000000000e+00
4.06319152900000e+02 0.00000000000000e+00
4.06380163500000e+02 0.00000000000000e+00
4.06441155200000e+02 0.00000000000000e+00
4.06502128100000e+02 0.00000000000000e+00
4.06563082200000e+02 0.00000000000000e+00
4.06624017400000e+02 0.00000000000000e+00
4.06684933800000e+02 0.00000000000000e+00
4.06745831300000e+02 0.00000000000000e+00
4.06806709900000e+02 0.00000000000000e+00
4.06867569700000e+02 0.00000000000000e+00
4.06928410600000e+02 0.00000000000000e+00
4.06989232600000e+02 0.00000000000000e+00
4.07050035700000e+02 0.00000000000000e+00
4.07110820000000e+02 0.00000000000000e+00
4.07171585300000e+02 0.00000000000000e+00
4.07232331800000e+02 0.00000000000000e+00
4.07293059300000e+02 0.00000000000000e+00
4.07353767900000e+02 0.00000000000000e+00
4.07414457700000e+02 0.00000000000000e+00
4.07475128500000e+02 0.00000000000000e+00
4.07535780300000e+02 0.00000000000000e+00
4.07596413300000e+02 0.00000000000000e+00
4.07657027300000e+02 0.00000000000000e+00
4.07717622400000e+02 0.00000000000000e+00
4.07778198500000e+02 0.00000000000000e+00
4.07838755700000e+02 0.00000000000000e+00
4.07899294000000e+02 0.00000000000000e+00
4.07959813200000e+02 0.00000000000000e+00
4.08020313600000e+02 0.00000000000000e+00
4.08080794900000e+02 0.00000000000000e+00
4.08141257300000e+02 0.00000000000000e+00
4.08201700700000e+02 0.00000000000000e+00
4.08262125100000e+02 0.00000000000000e+00
4.08322530600000e+02 0.00000000000000e+00
4.08382917000000e+02 0.00000000000000e+00
4.08443284400000e+02 0.00000000000000e+00
4.08503632900000e+02 0.00000000000000e+00
4.08563962300000e+02 0.00000000000000e+00
4.08624272700000e+02 0.00000000000000e+00
4.08684564100000e+02 0.00000000000000e+00
4.08744836500000e+02 0.00000000000000e+00
4.08805089900000e+02 0.00000000000000e+00
4.08865324200000e+02 0.00000000000000e+00
4.08925539500000e+02 0.00000000000000e+00
4.08985735800000e+02 0.00000000000000e+00
4.09045913000000e+02 0.00000000000000e+00
4.09106071100000e+02 0.00000000000000e+00
4.09166210200000e+02 0.00000000000000e+00
4.09226330300000e+02 0.00000000000000e+00
4.09286431200000e+02 0.00000000000000e+00
4.09346513100000e+02 0.00000000000000e+00
4.09406576000000e+02 0.00000000000000e+00
4.09466619700000e+02 0.00000000000000e+00
4.09526644400000e+02 0.00000000000000e+00
4.09586649900000e+02 0.00000000000000e+00
4.09646636400000e+02 0.00000000000000e+00
4.09706603800000e+02 0.00000000000000e+00
4.09766552100000e+02 0.00000000000000e+00
4.09826481200000e+02 0.00000000000000e+00
4.09886391300000e+02 0.00000000000000e+00
4.09946282200000e+02 0.00000000000000e+00
4.10006154000000e+02 0.00000000000000e+00
4.10066006700000e+02 0.00000000000000e+00
4.10125840200000e+02 0.00000000000000e+00
4.10185654600000e+02 0.00000000000000e+00
4.10245449900000e+02 0.00000000000000e+00
4.10305226000000e+02 0.00000000000000e+00
4.10364982900000e+02 0.00000000000000e+00
4.10424720700000e+02 0.00000000000000e+00
4.10484439300000e+02 0.00000000000000e+00
4.10544138800000e+02 0.00000000000000e+00
4.10603819100000e+02 0.00000000000000e+00
4.10663480200000e+02 0.00000000000000e+00
4.10723122100000e+02 0.00000000000000e+00
4.10782744900000e+02 0.00000000000000e+00
4.10842348400000e+02 0.00000000000000e+00
4.10901932700000e+02 0.00000000000000e+00
4.10961497900000e+02 0.00000000000000e+00
4.11021043800000e+02 0.00000000000000e+00
4.11080570500000e+02 0.00000000000000e+00
4.11140078000000e+02 0.00000000000000e+00
4.11199566300000e+02 0.00000000000000e+00
4.11259035400000e+02 0.00000000000000e+00
4.11318485200000e+02 0.00000000000000e+00
4.11377915800000e+02 0.00000000000000e+00
4.11437327100000e+02 0.00000000000000e+00
4.11496719200000e+02 0.00000000000000e+00
4.11556092100000e+02 0.00000000000000e+00
4.11615445600000e+02 0.00000000000000e+00
4.11674780000000e+02 0.00000000000000e+00
4.11734095000000e+02 0.00000000000000e+00
4.11793390800000e+02 0.00000000000000e+00
4.11852667300000e+02 0.00000000000000e+00
4.11911924500000e+02 0.00000000000000e+00
4.11971162500000e+02 0.00000000000000e+00
4.12030381100000e+02 0.00000000000000e+00
4.12089580500000e+02 0.00000000000000e+00
4.12148760500000e+02 0.00000000000000e+00
4.12207921300000e+02 0.00000000000000e+00
4.12267062700000e+02 0.00000000000000e+00
4.12326184800000e+02 0.00000000000000e+00
4.12385287600000e+02 0.00000000000000e+00
4.12444371100000e+02 0.00000000000000e+00
4.12503435200000e+02 0.00000000000000e+00
4.12562480000000e+02 0.00000000000000e+00
4.12621505500000e+02 0.00000000000000e+00
4.12680511600000e+02 0.00000000000000e+00
4.12739498400000e+02 0.00000000000000e+00
4.12798465800000e+02 0.00000000000000e+00
4.12857413800000e+02 0.00000000000000e+00
4.12916342500000e+02 0.00000000000000e+00
4.12975251800000e+02 0.00000000000000e+00
4.13034141800000e+02 0.00000000000000e+00
4.13093012300000e+02 0.00000000000000e+00
4.13151863500000e+02 0.00000000000000e+00
4.13210695300000e+02 0.00000000000000e+00
4.13269507700000e+02 0.00000000000000e+00
4.13328300700000e+02 0.00000000000000e+00
4.13387074300000e+02 0.00000000000000e+00
4.13445828500000e+02 0.00000000000000e+00
4.13504563200000e+02 0.00000000000000e+00
4.13563278600000e+02 0.00000000000000e+00
4.13621974500000e+02 0.00000000000000e+00
4.13680651000000e+02 0.00000000000000e+00
4.13739308000000e+02 0.00000000000000e+00
4.13797945700000e+02 0.00000000000000e+00
4.13856563800000e+02 0.00000000000000e+00
4.13915162600000e+02 0.00000000000000e+00
4.13973741800000e+02 0.00000000000000e+00
4.14032301700000e+02 0.00000000000000e+00
4.14090842000000e+02 0.00000000000000e+00
4.14149362900000e+02 0.00000000000000e+00
4.14207864300000e+02 0.00000000000000e+00
4.14266346200000e+02 0.00000000000000e+00
4.14324808700000e+02 0.00000000000000e+00
4.14383251700000e+02 0.00000000000000e+00
4.14441675100000e+02 0.00000000000000e+00
4.14500079100000e+02 0.00000000000000e+00
4.14558463600000e+02 0.00000000000000e+00
4.14616828500000e+02 0.00000000000000e+00
4.14675174000000e+02 0.00000000000000e+00
4.14733499900000e+02 0.00000000000000e+00
4.14791806300000e+02 0.00000000000000e+00
4.14850093200000e+02 0.00000000000000e+00
4.14908360600000e+02 0.00000000000000e+00
4.14966608400000e+02 0.00000000000000e+00
4.15024836700000e+02 0.00000000000000e+00
4.15083045400000e+02 0.00000000000000e+00
4.15141234600000e+02 0.00000000000000e+00
4.15199404200000e+02 0.00000000000000e+00
4.15257554200000e+02 0.00000000000000e+00
4.15315684700000e+02 0.00000000000000e+00
4.15373795600000e+02 0.00000000000000e+00
4.15431887000000e+02 0.00000000000000e+00
4.15489958700000e+02 0.00000000000000e+00
4.15548010900000e+02 0.00000000000000e+00
4.15606043500000e+02 0.00000000000000e+00
4.15664056500000e+02 0.00000000000000e+00
4.15722049900000e+02 0.00000000000000e+00
4.15780023700000e+02 0.00000000000000e+00
4.15837977800000e+02 0.00000000000000e+00
4.15895912400000e+02 0.00000000000000e+00
4.15953827300000e+02 0.00000000000000e+00
4.16011722600000e+02 0.00000000000000e+00
4.16069598300000e+02 0.00000000000000e+00
4.16127454400000e+02 0.00000000000000e+00
4.16185290800000e+02 0.00000000000000e+00
4.16243107500000e+02 0.00000000000000e+00
4.16300904600000e+02 0.00000000000000e+00
4.16358682100000e+02 0.00000000000000e+00
4.16416439900000e+02 0.00000000000000e+00
4.16474178000000e+02 0.00000000000000e+00
4.16531896500000e+02 0.00000000000000e+00
4.16589595300000e+02 0.00000000000000e+00
4.16647274400000e+02 0.00000000000000e+00
4.16704933800000e+02 0.00000000000000e+00
4.16762573500000e+02 0.00000000000000e+00
4.16820193600000e+02 0.00000000000000e+00
4.16877793900000e+02 0.00000000000000e+00
4.16935374600000e+02 0.00000000000000e+00
4.16992935500000e+02 0.00000000000000e+00
4.17050476700000e+02 0.00000000000000e+00
4.17107998200000e+02 0.00000000000000e+00
4.17165500000000e+02 0.00000000000000e+00
4.17222982000000e+02 0.00000000000000e+00
4.17280444300000e+02 0.00000000000000e+00
4.17337886900000e+02 0.00000000000000e+00
4.17395309700000e+02 0.00000000000000e+00
4.17452712800000e+02 0.00000000000000e+00
4.17510096100000e+02 0.00000000000000e+00
4.17567459700000e+02 0.00000000000000e+00
4.17624803500000e+02 0.00000000000000e+00
4.17682127600000e+02 0.00000000000000e+00
4.17739431800000e+02 0.00000000000000e+00
4.17796716300000e+02 0.00000000000000e+00
4.17853981000000e+02 0.00000000000000e+00
4.17911226000000e+02 0.00000000000000e+00
4.17968451100000e+02 0.00000000000000e+00
4.18025656400000e+02 0.00000000000000e+00
4.18082841900000e+02 0.00000000000000e+00
4.18140007700000e+02 0.00000000000000e+00
4.18197153600000e+02 0.00000000000000e+00
4.18254279700000e+02 0.00000000000000e+00
4.18311385900000e+02 0.00000000000000e+00
4.18368472400000e+02 0.00000000000000e+00
4.18425539000000e+02 0.00000000000000e+00
4.18482585800000e+02 0.00000000000000e+00
4.18539612700000e+02 0.00000000000000e+00
4.18596619800000e+02 0.00000000000000e+00
4.18653607000000e+02 0.00000000000000e+00
4.18710574400000e+02 0.00000000000000e+00
4.18767521900000e+02 0.00000000000000e+00
4.18824449600000e+02 0.00000000000000e+00
4.18881357400000e+02 0.00000000000000e+00
4.18938245300000e+02 0.00000000000000e+00
4.18995113300000e+02 0.00000000000000e+00
4.19051961500000e+02 0.00000000000000e+00
4.19108789700000e+02 0.00000000000000e+00
4.19165598100000e+02 0.00000000000000e+00
4.19222386500000e+02 0.00000000000000e+00
4.19279155100000e+02 0.00000000000000e+00
4.19335903700000e+02 0.00000000000000e+00
4.19392632500000e+02 0.00000000000000e+00
4.19449341300000e+02 0.00000000000000e+00
4.19506030100000e+02 0.00000000000000e+00
4.19562699100000e+02 0.00000000000000e+00
4.19619348100000e+02 0.00000000000000e+00
4.19675977200000e+02 0.00000000000000e+00
4.19732586300000e+02 0.00000000000000e+00
4.19789175500000e+02 0.00000000000000e+00
4.19845744700000e+02 0.00000000000000e+00
4.19902294000000e+02 0.00000000000000e+00
4.19958823300000e+02 0.00000000000000e+00
4.20015332700000e+02 0.00000000000000e+00
4.20071822000000e+02 0.00000000000000e+00
4.20128291400000e+02 0.00000000000000e+00
4.20184740800000e+02 0.00000000000000e+00
4.20241170200000e+02 0.00000000000000e+00
4.20297579600000e+02 0.00000000000000e+00
4.20353969100000e+02 0.00000000000000e+00
4.20410338500000e+02 0.00000000000000e+00
4.20466687900000e+02 0.00000000000000e+00
4.20523017300000e+02 0.00000000000000e+00
4.20579326700000e+02 0.00000000000000e+00
4.20635616000000e+02 0.00000000000000e+00
4.20691885400000e+02 0.00000000000000e+00
4.20748134600000e+02 0.00000000000000e+00
4.20804363900000e+02 0.00000000000000e+00
4.20860573100000e+02 0.00000000000000e+00
4.20916762300000e+02 0.00000000000000e+00
4.20972931400000e+02 0.00000000000000e+00
4.21029080500000e+02 0.00000000000000e+00
4.21085209400000e+02 0.00000000000000e+00
4.21141318400000e+02 0.00000000000000e+00
4.21197407200000e+02 0.00000000000000e+00
4.21253476000000e+02 0.00000000000000e+00
4.21309524700000e+02 0.00000000000000e+00
4.21365553300000e+02 0.00000000000000e+00
4.21421561800000e+02 0.00000000000000e+00
4.21477550300000e+02 0.00000000000000e+00
4.21533518600000e+02 0.00000000000000e+00
4.21589466800000e+02 0.00000000000000e+00
4.21645394900000e+02 0.00000000000000e+00
4.21701302900000e+02 0.00000000000000e+00
4.21757190700000e+02 0.00000000000000e+00
4.21813058500000e+02 0.00000000000000e+00
4.21868906100000e+02 0.00000000000000e+00
4.21924733600000e+02 0.00000000000000e+00
4.21980540900000e+02 0.00000000000000e+00
4.22036328100000e+02 0.00000000000000e+00
4.22092095100000e+02 0.00000000000000e+00
4.22147842000000e+02 0.00000000000000e+00
4.22203568700000e+02 0.00000000000000e+00
4.22259275300000e+02 0.00000000000000e+00
4.22314961600000e+02 0.00000000000000e+00
4.22370627800000e+02 0.00000000000000e+00
4.22426273900000e+02 0.00000000000000e+00
4.22481899700000e+02 0.00000000000000e+00
4.22537505400000e+02 0.00000000000000e+00
4.22593090800000e+02 0.00000000000000e+00
4.22648656100000e+02 0.00000000000000e+00
4.22704201100000e+02 0.00000000000000e+00
4.22759726000000e+02 0.00000000000000e+00
4.22815230600000e+02 0.00000000000000e+00
4.22870715000000e+02 0.00000000000000e+00
4.22926179200000e+02 0.00000000000000e+00
4.22981623200000e+02 0.00000000000000e+00
4.23037046900000e+02 0.00000000000000e+00
4.23092450400000e+02 0.00000000000000e+00
4.23147833600000e+02 0.00000000000000e+00
4.23203196600000e+02 0.00000000000000e+00
4.23258539300000e+02 0.00000000000000e+00
4.23313861800000e+02 0.00000000000000e+00
4.23369164000000e+02 0.00000000000000e+00
4.23424446000000e+02 0.00000000000000e+00
4.23479707600000e+02 0.00000000000000e+00
4.23534949000000e+02 0.00000000000000e+00
4.23590170100000e+02 0.00000000000000e+00
4.23645371000000e+02 0.00000000000000e+00
4.23700551500000e+02 0.00000000000000e+00
4.23755711700000e+02 0.00000000000000e+00
4.23810851600000e+02 0.00000000000000e+00
4.23865971300000e+02 0.00000000000000e+00
4.23921070600000e+02 0.00000000000000e+00
4.23976149600000e+02 0.00000000000000e+00
4.24031208200000e+02 0.00000000000000e+00
4.24086246600000e+02 0.00000000000000e+00
4.24141264600000e+02 0.00000000000000e+00
4.24196262300000e+02 0.00000000000000e+00
4.24251239600000e+02 0.00000000000000e+00
4.24306196600000e+02 0.00000000000000e+00
4.24361133200000e+02 0.00000000000000e+00
4.24416049500000e+02 0.00000000000000e+00
4.24470945400000e+02 0.00000000000000e+00
4.24525820900000e+02 0.00000000000000e+00
4.24580676100000e+02 0.00000000000000e+00
4.24635510900000e+02 0.00000000000000e+00
4.24690325300000e+02 0.00000000000000e+00
4.24745119300000e+02 0.00000000000000e+00
4.24799893000000e+02 0.00000000000000e+00
4.24854646200000e+02 0.00000000000000e+00
4.24909379100000e+02 0.00000000000000e+00
4.24964091500000e+02 0.00000000000000e+00
4.25018783500000e+02 0.00000000000000e+00
4.25073455100000e+02 0.00000000000000e+00
4.25128106300000e+02 0.00000000000000e+00
4.25182737100000e+02 0.00000000000000e+00
4.25237347400000e+02 0.00000000000000e+00
4.25291937300000e+02 0.00000000000000e+00
4.25346506800000e+02 0.00000000000000e+00
4.25401055800000e+02 0.00000000000000e+00
4.25455584300000e+02 0.00000000000000e+00
4.25510092400000e+02 0.00000000000000e+00
4.25564580100000e+02 0.00000000000000e+00
